.654838 
6.690322 
6.787096 
6.864515 
6.958064 
7.038709 
7.087096 
7.148386 
7.187096 
7.241935 
7.274193 
7.312902 
7.338709 
7.364515 
7.377418 
7.399999 
7.409677 
7.438709 
7.438709 
7.470967 
7.490322 
7.470967 
7.48387 
7.732257 
8.003225 
8.193548 
8.164515 
7.977418 
7.635483 
7.299999 
7.206451 
7.251612 
7.280644 
7.303225 
7.34516 
7.348386 
7.374193 
7.141935 
6.674193 
9.270967 
12.83548 
10.58386 
6.54516 
5.893548 
6.532257 
6.674193 
6.774193 
6.867741 
6.938709 
7.019354 
7.070967 
7.125806 
7.154838 
7.209677 
7.254838 
7.287096 
7.587096 
7.890322 
8.138709 
8.332257 
8.470967 
8.487095 
8.441934 
8.280644 
8.093547 
7.816128 
7.525805 
7.225806 
6.967741 
6.729032 
6.658064 
6.764515 
6.841935 
6.929031 
6.999999 
7.04516 
7.112902 
7.164515 
7.203225 
7.251612 
7.258064 
7.303225 
7.341935 
7.370967 
7.380644 
7.416128 
7.409677 
7.419354 
7.454838 
7.461289 
7.474193 
7.503225 
7.625806 
7.899999 
8.14516 
8.206451 
8.087096 
7.799999 
7.44516 
7.190322 
7.229032 
7.264515 
7.28387 
7.319354 
7.338709 
7.377418 
7.341935 
6.687096 
7.848386 
11.57741 
12.19999 
8.012902 
5.906451 
6.277419 
6.619354 
6.735483 
6.816128 
6.903225 
7.003225 
7.051612 
7.116128 
7.164515 
7.212903 
7.251612 
7.274193 
7.467741 
7.767741 
8.048386 
8.248386 
8.425806 
8.474192 
8.480644 
8.361289 
8.190321 
7.938709 
7.645161 
7.358064 
7.064515 
6.819354 
6.648386 
6.712903 
6.803225 
6.890322 
6.954838 
7.038709 
7.096773 
7.158064 
7.199999 
7.235483 
7.274193 
7.312902 
7.338709 
7.351612 
7.387096 
7.390322 
7.412902 
7.441935 
7.451612 
7.454838 
7.477418 
7.467741 
7.496773 
7.796773 
8.048386 
8.209676 
8.119354 
7.916128 
7.590322 
7.290322 
7.199999 
7.245161 
7.280644 
7.325806 
7.335483 
7.364515 
7.380644 
6.954838 
6.916128 
10.04516 
12.98709 
9.693548 
6.219354 
5.987096 
6.587096 
6.693548 
6.787096 
6.887096 
6.967741 
7.041934 
7.070967 
7.145161 
7.199999 
7.238709 
7.267741 
7.354838 
7.651612 
7.948386 
8.199999 
8.390321 
8.464515 
8.503225 
8.429031 
8.235483 
8.029031 
7.774193 
7.477418 
7.180644 
6.909677 
6.703225 
6.687096 
6.780644 
6.870967 
6.954838 
7.012902 
7.051612 
7.116128 
7.177419 
7.219354 
7.251612 
7.290322 
7.329031 
7.348386 
7.387096 
7.387096 
7.406451 
7.438709 
7.470967 
7.464515 
7.487096 
7.490322 
7.745161 
8.035483 
8.193548 
8.177418 
7.958064 
7.632257 
7.32258 
7.203225 
7.235483 
7.264515 
7.303225 
7.332257 
7.354838 
7.393548 
7.109676 
6.703225 
9.441934 
12.9129 
10.4258 
6.496773 
5.906451 
6.558063 
6.687096 
6.787096 
6.893548 
6.948386 
7.029031 
7.077418 
7.132257 
7.167741 
7.225806 
7.254838 
7.312902 
7.616128 
7.903225 
8.154838 
8.348386 
8.464515 
8.50645 
8.438709 
8.30645 
8.067741 
7.819354 
7.503225 
7.22258 
6.94516 
6.725806 
6.651612 
6.770967 
6.84516 
6.929031 
7.009676 
7.070967 
7.112902 
7.177419 
7.203225 
7.245161 
7.28387 
7.329031 
7.34516 
7.367741 
7.393548 
7.406451 
7.441935 
7.44516 
7.454838 
7.451612 
7.474193 
7.470967 
7.593547 
7.887096 
8.122579 
8.203225 
8.083869 
7.796773 
7.454838 
7.203225 
7.209677 
7.241935 
7.296773 
7.32258 
7.329031 
7.358064 
7.34516 
6.719354 
7.696774 
11.37741 
12.37741 
8.280644 
5.925806 
6.229032 
6.632257 
6.741935 
6.819354 
6.896773 
6.951612 
7.04516 
7.109676 
7.151612 
7.190322 
7.232257 
7.280644 
7.44516 
7.735483 
8.016128 
8.248386 
8.425806 
8.50645 
8.48387 
8.387096 
8.196773 
7.958064 
7.667741 
7.380644 
7.096773 
6.841935 
6.606451 
6.709677 
6.803225 
6.867741 
6.958064 
7.032257 
7.093547 
7.148386 
7.196774 
7.232257 
7.267741 
7.299999 
7.32258 
7.351612 
7.361289 
7.387096 
7.425806 
7.451612 
7.409677 
7.461289 
7.48387 
7.48387 
7.496773 
7.729032 
8.025805 
8.206451 
8.154838 
7.958064 
7.629032 
7.316128 
7.190322 
7.232257 
7.280644 
7.312902 
7.332257 
7.354838 
7.367741 
7.064515 
6.790322 
9.609676 
12.94838 
10.19677 
6.374193 
5.932257 
6.574193 
6.690322 
6.806451 
6.88387 
6.961289 
7.019354 
7.061289 
7.12258 
7.180644 
7.209677 
7.245161 
7.335483 
7.641935 
7.929031 
8.158063 
8.361289 
8.467741 
8.48387 
8.425806 
8.287096 
8.058063 
7.796773 
7.516128 
7.209677 
6.938709 
6.72258 
6.658064 
6.767741 
6.84516 
6.938709 
7.012902 
7.087096 
7.141935 
7.151612 
7.22258 
7.248386 
7.280644 
7.319354 
7.351612 
7.38387 
7.387096 
7.419354 
7.438709 
7.451612 
7.448386 
7.474193 
7.467741 
7.480644 
7.619354 
7.919354 
8.16129 
8.203225 
8.087096 
7.78387 
7.438709 
7.232257 
7.229032 
7.193548 
7.296773 
7.312902 
7.34516 
7.361289 
7.341935 
6.677419 
7.858064 
11.58064 
12.18709 
8.029031 
5.912902 
6.280644 
6.632257 
6.738709 
6.829031 
6.916128 
6.996773 
7.038709 
7.116128 
7.148386 
7.196774 
7.229032 
7.251612 
7.458064 
7.751612 
8.038708 
8.451612 
8.535483 
8.441934 
8.309677 
8.119354 
7.870967 
7.577418 
7.290322 
7.003225 
6.741935 
6.625806 
6.754838 
6.838709 
6.92258 
6.987096 
7.061289 
7.106451 
7.164515 
7.206451 
7.251612 
7.28387 
7.312902 
7.341935 
7.361289 
7.38387 
7.419354 
7.441935 
7.42258 
7.448386 
7.470967 
7.464515 
7.464515 
7.541934 
7.838709 
8.099999 
8.229031 
8.122579 
7.864515 
7.52258 
7.241935 
7.232257 
7.258064 
7.28387 
7.319354 
7.358064 
7.338709 
7.367741 
6.825806 
7.270967 
10.66451 
12.81612 
9.041934 
6.032257 
6.093547 
6.606451 
6.712903 
6.799999 
6.896773 
6.951612 
7.029031 
7.096773 
7.135483 
7.196774 
7.241935 
7.270967 
7.42258 
7.709677 
7.977418 
8.212903 
8.38387 
8.467741 
8.470967 
8.399999 
8.248386 
7.987096 
7.712903 
7.425806 
7.141935 
6.887096 
6.677419 
6.68387 
6.78387 
6.877418 
6.951612 
7.02258 
7.08387 
7.138709 
7.193548 
7.22258 
7.258064 
7.309677 
7.319354 
7.358064 
7.364515 
7.396773 
7.403225 
7.425806 
7.448386 
7.454838 
7.474193 
7.451612 
7.490322 
7.696774 
7.974193 
8.167741 
8.180644 
7.996773 
7.690322 
7.348386 
7.177419 
7.238709 
7.267741 
7.296773 
7.338709 
7.367741 
7.393548 
7.238709 
6.599999 
8.832257 
12.56128 
11.08709 
6.890322 
5.880644 
6.470967 
6.677419 
6.780644 
6.867741 
6.948386 
6.999999 
7.070967 
7.112902 
7.16129 
7.225806 
7.245161 
7.287096 
7.567741 
7.841935 
8.106451 
8.312902 
8.44516 
8.496773 
8.44516 
8.329031 
8.138709 
7.870967 
7.570967 
7.28387 
7.006451 
6.754838 
6.645161 
6.745161 
6.829031 
6.912902 
6.990322 
7.04516 
7.103225 
7.151612 
7.190322 
7.254838 
7.277419 
7.303225 
7.335483 
7.354838 
7.387096 
7.409677 
7.429031 
7.451612 
7.416128 
7.461289 
7.477418 
7.474193 
7.548386 
7.848386 
8.112902 
8.206451 
8.122579 
7.854838 
7.519354 
7.196774 
7.203225 
7.26129 
7.277419 
7.319354 
7.34516 
7.367741 
7.358064 
6.780644 
7.419354 
10.89354 
12.69999 
8.816128 
6.016128 
6.151612 
6.62258 
6.729032 
6.816128 
6.906451 
6.974193 
7.04516 
7.099999 
7.154838 
7.190322 
7.238709 
7.258064 
7.42258 
7.709677 
7.996773 
8.225806 
8.393548 
8.44516 
8.48387 
8.387096 
8.229031 
8.00645 
7.712903 
7.432257 
7.116128 
6.870967 
6.674193 
6.687096 
6.780644 
6.874193 
6.94516 
7.019354 
7.080644 
7.138709 
7.180644 
7.235483 
7.270967 
7.296773 
7.329031 
7.361289 
7.374193 
7.393548 
7.409677 
7.42258 
7.441935 
7.464515 
7.458064 
7.48387 
7.496773 
7.732257 
8.003225 
8.193548 
8.18387 
7.993547 
7.654838 
7.335483 
7.193548 
7.241935 
7.299999 
7.32258 
7.374193 
7.387096 
6.993547 
6.903225 
10.00967 
12.99677 
9.770967 
6.225806 
5.993547 
6.599999 
6.703225 
6.78387 
6.893548 
6.964515 
7.019354 
7.077418 
7.129032 
7.158064 
7.22258 
7.248386 
7.361289 
7.648386 
7.932257 
8.190321 
8.367741 
8.470967 
8.493547 
8.425806 
8.245161 
8.048386 
7.767741 
7.490322 
7.18387 
6.909677 
6.712903 
6.664515 
6.78387 
6.854838 
6.929031 
7.02258 
7.070967 
7.109676 
7.170967 
7.22258 
7.26129 
7.290322 
7.329031 
7.361289 
7.367741 
7.380644 
7.403225 
7.42258 
7.441935 
7.44516 
7.470967 
7.470967 
7.503225 
7.641935 
7.925806 
8.151612 
8.203225 
8.048386 
7.764515 
7.416128 
7.190322 
7.225806 
7.267741 
7.306451 
7.335483 
7.338709 
7.370967 
7.338709 
6.638709 
8.203225 
12.0129 
11.85483 
7.577418 
5.887096 
6.370967 
6.664515 
6.741935 
6.848386 
6.916128 
6.980644 
7.054838 
7.135483 
7.16129 
7.219354 
7.254838 
7.258064 
7.509676 
7.796773 
8.074193 
8.277419 
8.432257 
8.480644 
8.438709 
8.361289 
8.158063 
7.912902 
7.645161 
7.335483 
7.051612 
6.793548 
6.625806 
6.732257 
6.816128 
6.903225 
6.98387 
7.051612 
7.106451 
7.158064 
7.199999 
7.251612 
7.274193 
7.303225 
7.329031 
7.358064 
7.396773 
7.399999 
7.42258 
7.425806 
7.377418 
7.458064 
7.461289 
7.477418 
7.506451 
7.806451 
8.070966 
8.212903 
8.138709 
7.887096 
7.558063 
7.251612 
7.219354 
7.26129 
7.280644 
7.312902 
7.34516 
7.364515 
7.377418 
6.92258 
7.041934 
10.24516 
12.96774 
9.535483 
6.158064 
6.019354 
6.596773 
6.72258 
6.803225 
6.88387 
6.970967 
7.038709 
7.064515 
7.174193 
7.187096 
7.232257 
7.277419 
7.364515 
7.670967 
7.951612 
8.18387 
8.377418 
8.470967 
8.496773 
8.403224 
8.235483 
8.016128 
7.751612 
7.477418 
7.174193 
6.906451 
6.690322 
6.670967 
6.770967 
6.861289 
6.954838 
6.999999 
7.08387 
7.132257 
7.170967 
7.219354 
7.258064 
7.299999 
7.335483 
7.361289 
7.380644 
7.406451 
7.419354 
7.364515 
7.435483 
7.454838 
7.451612 
7.480644 
7.474193 
7.654838 
7.961289 
8.16129 
8.196773 
8.04516 
7.735483 
7.409677 
7.187096 
7.251612 
7.251612 
7.303225 
7.332257 
7.354838 
7.38387 
7.287096 
6.587096 
8.406451 
12.24516 
11.57741 
7.28387 
5.867741 
6.380644 
6.645161 
6.745161 
6.851612 
6.929031 
6.974193 
7.074193 
7.116128 
7.164515 
7.212903 
7.264515 
7.274193 
7.535483 
7.819354 
8.067741 
8.28387 
8.432257 
8.50645 
8.454837 
8.354838 
8.135483 
7.903225 
7.612902 
7.303225 
7.038709 
6.799999 
6.641935 
6.735483 
6.82258 
6.906451 
6.993547 
7.112902 
7.154838 
7.212903 
7.241935 
7.28387 
7.306451 
7.34516 
7.312902 
7.403225 
7.409677 
7.432257 
7.454838 
7.458064 
7.474193 
7.464515 
7.470967 
7.599999 
7.893548 
8.138709 
8.212903 
8.099999 
7.809677 
7.454838 
7.196774 
7.229032 
7.270967 
7.296773 
7.32258 
7.341935 
7.367741 
7.354838 
6.729032 
7.732257 
11.38386 
12.36451 
8.293547 
5.958064 
6.238709 
6.625806 
6.732257 
6.835483 
6.919354 
6.98387 
7.051612 
7.099999 
7.154838 
7.177419 
7.241935 
7.290322 
7.448386 
7.741935 
8.016128 
8.232257 
8.403224 
8.48387 
8.474192 
8.38387 
8.209676 
7.948386 
7.68387 
7.380644 
7.087096 
6.832257 
6.645161 
6.709677 
6.799999 
6.867741 
6.961289 
7.032257 
7.096773 
7.151612 
7.193548 
7.241935 
7.26129 
7.306451 
7.329031 
7.34516 
7.377418 
7.387096 
7.416128 
7.419354 
7.454838 
7.461289 
7.470967 
7.474193 
7.503225 
7.745161 
8.029031 
8.193548 
8.180644 
7.964515 
7.632257 
7.316128 
7.18387 
7.232257 
7.274193 
7.306451 
7.325806 
7.354838 
7.364515 
7.093547 
6.719354 
9.438709 
12.89032 
10.36774 
6.461289 
5.925806 
6.54516 
6.674193 
6.774193 
6.874193 
6.941935 
7.032257 
7.074193 
7.125806 
7.177419 
7.209677 
7.251612 
7.32258 
7.619354 
7.890322 
8.129031 
8.335483 
8.477418 
8.496773 
8.435482 
8.30645 
8.099999 
7.825806 
7.525805 
7.232257 
6.948386 
6.729032 
6.664515 
6.76129 
6.84516 
6.938709 
7.003225 
7.064515 
7.12258 
7.170967 
7.206451 
7.248386 
7.270967 
7.306451 
7.341935 
7.367741 
7.390322 
7.390322 
7.42258 
7.416128 
7.451612 
7.448386 
7.474193 
7.48387 
7.570967 
7.88387 
8.122579 
8.209676 
8.090321 
7.816128 
7.467741 
7.193548 
7.232257 
7.248386 
7.290322 
7.312902 
7.338709 
7.374193 
7.358064 
6.716128 
7.699999 
11.35806 
12.38064 
8.28387 
5.951612 
6.229032 
6.638709 
6.72258 
6.819354 
6.916128 
6.990322 
7.070967 
7.099999 
7.164515 
7.199999 
7.251612 
7.287096 
7.464515 
7.758064 
8.012902 
8.241934 
8.406451 
8.477418 
8.470967 
8.38387 
8.209676 
7.964515 
7.667741 
7.374193 
7.074193 
6.841935 
6.641935 
6.706451 
6.803225 
6.887096 
6.961289 
7.032257 
7.106451 
7.148386 
7.190322 
7.235483 
7.274193 
7.309677 
7.329031 
7.367741 
7.374193 
7.380644 
7.416128 
7.412902 
7.448386 
7.454838 
7.477418 
7.480644 
7.490322 
7.751612 
8.051611 
8.212903 
8.170967 
7.941935 
7.632257 
7.296773 
7.216128 
7.241935 
7.26129 
7.32258 
7.341935 
7.361289 
7.380644 
7.070967 
6.748386 
9.561289 
12.9258 
10.27741 
6.396773 
5.919354 
6.561289 
6.699999 
6.780644 
6.887096 
7.032257 
7.087096 
7.138709 
7.199999 
7.225806 
7.280644 
7.393548 
7.687096 
7.961289 
8.203225 
8.38387 
8.470967 
8.474192 
8.399999 
8.241934 
7.996773 
7.725806 
7.438709 
7.16129 
6.909677 
6.690322 
6.693548 
6.777419 
6.864515 
6.951612 
7.009676 
7.070967 
7.135483 
7.187096 
7.212903 
7.270967 
7.299999 
7.341935 
7.367741 
7.38387 
7.396773 
7.412902 
7.425806 
7.432257 
7.451612 
7.464515 
7.48387 
7.512902 
7.703225 
7.977418 
8.174193 
8.18387 
8.019353 
7.703225 
7.367741 
7.18387 
7.219354 
7.267741 
7.293548 
7.341935 
7.335483 
7.374193 
7.245161 
6.580644 
8.68387 
12.4387 
11.32257 
7.080644 
5.861289 
6.461289 
6.658064 
6.764515 
6.851612 
6.929031 
7.009676 
7.067741 
7.125806 
7.164515 
7.219354 
7.232257 
7.267741 
7.538709 
7.838709 
8.093547 
8.309677 
8.448386 
8.474192 
8.458064 
8.332257 
8.141935 
7.88387 
7.567741 
7.293548 
6.999999 
6.780644 
6.635483 
6.738709 
6.825806 
6.909677 
7.003225 
7.048386 
7.119354 
7.151612 
7.187096 
7.238709 
7.280644 
7.316128 
7.335483 
7.374193 
7.380644 
7.406451 
7.416128 
7.419354 
7.448386 
7.451612 
7.477418 
7.487096 
7.548386 
7.848386 
8.093547 
8.216128 
8.109676 
7.851612 
7.519354 
7.22258 
7.258064 
7.26129 
7.293548 
7.309677 
7.335483 
7.358064 
7.374193 
6.803225 
7.32258 
10.70645 
12.78387 
8.987095 
6.041934 
6.119354 
6.596773 
6.729032 
6.816128 
6.88387 
6.964515 
7.038709 
7.099999 
7.151612 
7.193548 
7.238709 
7.267741 
7.406451 
7.696774 
7.993547 
8.212903 
8.393548 
8.477418 
8.474192 
8.396773 
8.229031 
8.016128 
7.729032 
7.435483 
7.132257 
6.867741 
6.664515 
6.696774 
6.787096 
6.874193 
6.951612 
7.029031 
7.08387 
7.132257 
7.177419 
7.232257 
7.277419 
7.309677 
7.325806 
7.358064 
7.380644 
7.361289 
7.432257 
7.409677 
7.438709 
7.464515 
7.480644 
7.490322 
7.496773 
7.716128 
7.993547 
8.187096 
8.18387 
7.993547 
7.690322 
7.335483 
7.203225 
7.241935 
7.274193 
7.306451 
7.335483 
7.354838 
7.367741 
7.174193 
6.619354 
8.993547 
12.68386 
10.89032 
6.738709 
5.887096 
6.525805 
6.68387 
6.780644 
6.867741 
6.929031 
7.006451 
7.070967 
7.135483 
7.16129 
7.196774 
7.245161 
7.293548 
7.574193 
7.854838 
8.116127 
8.309677 
8.461289 
8.499999 
8.454837 
8.316128 
8.116127 
7.864515 
7.54516 
7.270967 
6.999999 
6.748386 
6.645161 
6.748386 
6.851612 
6.932257 
6.987096 
7.054838 
7.096773 
7.158064 
7.190322 
7.258064 
7.28387 
7.312902 
7.34516 
7.364515 
7.399999 
7.396773 
7.425806 
7.425806 
7.441935 
7.454838 
7.480644 
7.625806 
7.94516 
8.167741 
8.206451 
8.051611 
7.748386 
7.406451 
7.174193 
7.232257 
7.264515 
7.296773 
7.32258 
7.329031 
7.377418 
7.312902 
6.632257 
8.125805 
11.93225 
11.89354 
7.680644 
5.896773 
6.354838 
6.648386 
6.699999 
6.838709 
6.919354 
6.980644 
7.058063 
7.099999 
7.174193 
7.209677 
7.251612 
7.267741 
7.496773 
7.787096 
8.054838 
8.261289 
8.435482 
8.499999 
8.451612 
8.358063 
8.190321 
7.925806 
7.609676 
7.332257 
7.04516 
6.796773 
6.629032 
6.725806 
6.812902 
6.893548 
6.977418 
7.054838 
7.090322 
7.154838 
7.203225 
7.229032 
7.287096 
7.306451 
7.32258 
7.358064 
7.374193 
7.399999 
7.425806 
7.435483 
7.441935 
7.470967 
7.474193 
7.458064 
7.509676 
7.806451 
8.070966 
8.219354 
8.14516 
7.896773 
7.574193 
7.267741 
7.225806 
7.251612 
7.290322 
7.319354 
7.32258 
7.354838 
7.374193 
6.954838 
6.977418 
10.1258 
13.00967 
9.696773 
6.216128 
5.999999 
6.609677 
6.712903 
6.793548 
6.870967 
6.958064 
7.019354 
7.070967 
7.129032 
7.180644 
7.219354 
7.270967 
7.390322 
7.658064 
7.938709 
8.190321 
8.387096 
8.48387 
8.496773 
8.435482 
8.258064 
8.029031 
7.780644 
7.487096 
7.180644 
6.906451 
6.706451 
6.690322 
6.78387 
6.864515 
6.935483 
7.02258 
7.074193 
7.116128 
7.170967 
7.206451 
7.258064 
7.28387 
7.32258 
7.34516 
7.377418 
7.377418 
7.419354 
7.419354 
7.419354 
7.458064 
7.461289 
7.470967 
7.487096 
7.648386 
7.967741 
8.167741 
8.187096 
8.029031 
7.712903 
7.377418 
7.18387 
7.22258 
7.26129 
7.299999 
7.32258 
7.361289 
7.374193 
7.296773 
6.625806 
8.270967 
12.07741 
11.75483 
7.48387 
5.896773 
6.377418 
6.641935 
6.751612 
6.841935 
6.925806 
7.003225 
7.054838 
7.112902 
7.180644 
7.219354 
7.241935 
7.277419 
7.603225 
7.799999 
8.064515 
8.264515 
8.435482 
8.48387 
8.454837 
8.364515 
8.16129 
7.925806 
7.609676 
7.316128 
7.04516 
6.812902 
6.616128 
6.725806 
6.825806 
6.912902 
6.970967 
7.025805 
7.096773 
7.16129 
7.193548 
7.238709 
7.274193 
7.312902 
7.34516 
7.358064 
7.387096 
7.399999 
7.409677 
7.438709 
7.451612 
7.467741 
7.48387 
7.480644 
7.509676 
7.812902 
8.061289 
8.199999 
8.129031 
7.903225 
7.567741 
7.26129 
7.22258 
7.258064 
7.28387 
7.306451 
7.335483 
7.354838 
7.370967 
6.948386 
6.974193 
10.11612 
12.99354 
9.654837 
6.216128 
6.019354 
6.587096 
6.712903 
6.819354 
6.899999 
6.961289 
7.035483 
7.077418 
7.129032 
7.167741 
7.241935 
7.267741 
7.38387 
7.674193 
7.941935 
8.18387 
8.348386 
8.467741 
8.487095 
8.406451 
8.264515 
7.712903 
7.403225 
7.099999 
6.858064 
6.651612 
6.699999 
6.780644 
6.88387 
6.948386 
7.009676 
7.077418 
7.145161 
7.174193 
7.225806 
7.277419 
7.299999 
7.338709 
7.361289 
7.367741 
7.403225 
7.38387 
7.435483 
7.454838 
7.474193 
7.458064 
7.48387 
7.503225 
7.732257 
8.035483 
8.190321 
8.180644 
7.970967 
7.632257 
7.306451 
7.190322 
7.232257 
7.267741 
7.299999 
7.351612 
7.354838 
7.377418 
7.106451 
6.703225 
9.38387 
12.87419 
10.45483 
6.480644 
5.899999 
6.558063 
6.696774 
6.803225 
6.88387 
6.958064 
7.025805 
7.077418 
7.129032 
7.170967 
7.216128 
7.254838 
7.299999 
7.619354 
7.909677 
8.148386 
8.332257 
8.470967 
8.499999 
8.435482 
8.290322 
8.083869 
7.803225 
7.509676 
7.216128 
6.958064 
6.741935 
6.667741 
6.76129 
6.848386 
6.935483 
6.980644 
7.061289 
7.12258 
7.174193 
7.196774 
7.232257 
7.290322 
7.312902 
7.34516 
7.374193 
7.396773 
7.409677 
7.42258 
7.44516 
7.451612 
7.470967 
7.477418 
7.48387 
7.587096 
7.877418 
8.135483 
8.209676 
8.112902 
7.806451 
7.464515 
7.190322 
7.225806 
7.264515 
7.296773 
7.329031 
7.341935 
7.367741 
7.348386 
6.741935 
7.719354 
11.39354 
12.35806 
8.274192 
5.958064 
6.251612 
6.635483 
6.735483 
6.829031 
6.912902 
6.98387 
7.051612 
7.096773 
7.167741 
7.206451 
7.238709 
7.270967 
7.454838 
7.758064 
8.035483 
8.258064 
8.403224 
8.490322 
8.464515 
8.374193 
8.187096 
7.961289 
7.667741 
7.377418 
7.080644 
6.838709 
6.66129 
6.719354 
6.806451 
6.906451 
6.970967 
7.035483 
7.103225 
7.151612 
7.199999 
7.235483 
7.277419 
7.296773 
7.325806 
7.358064 
7.367741 
7.406451 
7.42258 
7.435483 
7.454838 
7.432257 
7.474193 
7.496773 
7.490322 
7.754838 
8.038708 
8.203225 
8.174193 
7.954838 
7.609676 
7.306451 
7.196774 
7.248386 
7.28387 
7.309677 
7.332257 
7.370967 
7.399999 
7.08387 
6.725806 
9.470967 
12.91935 
10.35483 
6.438709 
5.912902 
6.561289 
6.696774 
6.793548 
6.880644 
6.958064 
7.019354 
7.074193 
7.132257 
7.164515 
7.235483 
7.245161 
7.358064 
7.616128 
7.896773 
8.167741 
8.348386 
8.458064 
8.50645 
8.435482 
8.277419 
8.070966 
7.825806 
7.529031 
7.219354 
6.94516 
6.732257 
6.66129 
6.751612 
6.851612 
6.941935 
6.993547 
7.054838 
7.116128 
7.174193 
7.199999 
7.232257 
7.280644 
7.319354 
7.348386 
7.364515 
7.377418 
7.406451 
7.435483 
7.438709 
7.438709 
7.470967 
7.458064 
7.48387 
7.603225 
7.92258 
8.14516 
8.212903 
8.099999 
7.803225 
7.454838 
7.203225 
7.22258 
7.264515 
7.290322 
7.332257 
7.374193 
7.380644 
7.370967 
8.474192 
12.34838 
11.39999 
7.135483 
5.867741 
6.451612 
6.66129 
6.770967 
6.858064 
6.935483 
7.02258 
7.064515 
7.119354 
7.167741 
7.206451 
7.22258 
7.296773 
7.535483 
7.819354 
8.096773 
8.290322 
8.441934 
8.503225 
8.464515 
8.341935 
8.158063 
7.903225 
7.593547 
7.316128 
7.032257 
6.774193 
6.641935 
6.735483 
6.825806 
6.896773 
6.977418 
7.04516 
7.106451 
7.170967 
7.209677 
7.241935 
7.277419 
7.303225 
7.335483 
7.358064 
7.390322 
7.406451 
7.419354 
7.451612 
7.451612 
7.451612 
7.458064 
7.474193 
7.541934 
7.838709 
8.096773 
8.212903 
8.129031 
7.877418 
7.538709 
7.229032 
7.216128 
7.254838 
7.290322 
7.325806 
7.34516 
7.358064 
7.370967 
6.841935 
7.206451 
10.55483 
12.86451 
9.174193 
6.087096 
6.080644 
6.612903 
6.712903 
6.787096 
6.880644 
6.961289 
7.02258 
7.08387 
7.138709 
7.18387 
7.232257 
7.267741 
7.403225 
7.706451 
7.977418 
8.219354 
8.38387 
8.487095 
8.493547 
8.406451 
8.245161 
8.012902 
7.741935 
7.458064 
7.135483 
6.874193 
6.68387 
6.68387 
6.777419 
6.867741 
6.958064 
7.02258 
7.048386 
7.129032 
7.174193 
7.232257 
7.267741 
7.296773 
7.32258 
7.354838 
7.377418 
7.396773 
7.396773 
7.429031 
7.435483 
7.438709 
7.474193 
7.490322 
7.467741 
7.696774 
7.98387 
8.190321 
8.190321 
8.012902 
7.712903 
7.364515 
7.196774 
7.225806 
7.26129 
7.309677 
7.299999 
7.354838 
7.380644 
7.248386 
6.596773 
8.719354 
12.49354 
11.20967 
6.958064 
5.864515 
6.474193 
6.670967 
6.764515 
6.861289 
6.929031 
7.019354 
7.074193 
7.119354 
7.180644 
7.219354 
7.248386 
7.296773 
7.570967 
7.851612 
8.103224 
8.309677 
8.458064 
8.512902 
8.44516 
8.32258 
8.109676 
7.880644 
7.574193 
7.274193 
7.012902 
6.767741 
6.638709 
6.758064 
6.835483 
6.929031 
6.993547 
7.048386 
7.103225 
7.148386 
7.196774 
7.241935 
7.274193 
7.287096 
7.341935 
7.364515 
7.374193 
7.406451 
7.412902 
7.432257 
7.448386 
7.464515 
7.487096 
7.480644 
7.554838 
7.874193 
8.125805 
8.199999 
8.122579 
7.835483 
7.506451 
7.203225 
7.219354 
7.26129 
7.277419 
7.332257 
7.361289 
7.364515 
7.367741 
6.780644 
7.474193 
10.99999 
12.63225 
8.687096 
5.996773 
6.167741 
6.625806 
6.729032 
6.835483 
6.893548 
6.98387 
7.04516 
7.103225 
7.16129 
7.187096 
7.232257 
7.28387 
7.432257 
7.706451 
8.00645 
8.225806 
8.396773 
8.477418 
8.470967 
8.403224 
8.229031 
8.003225 
7.709677 
7.419354 
7.116128 
6.870967 
6.658064 
6.703225 
6.790322 
6.874193 
6.951612 
7.019354 
7.087096 
7.138709 
7.196774 
7.238709 
7.267741 
7.338709 
7.351612 
7.393548 
7.396773 
7.412902 
7.44516 
7.464515 
7.477418 
7.458064 
7.458064 
7.516128 
7.803225 
8.074193 
8.209676 
8.14516 
7.899999 
7.551612 
7.251612 
7.22258 
7.245161 
7.270967 
7.316128 
7.325806 
7.361289 
7.361289 
6.916128 
7.038709 
10.2258 
12.98064 
9.554838 
6.177419 
6.029031 
6.606451 
6.716128 
6.816128 
6.874193 
6.954838 
7.038709 
7.058063 
7.148386 
7.199999 
7.251612 
7.267741 
7.38387 
7.677419 
7.961289 
8.212903 
8.364515 
8.470967 
8.496773 
8.403224 
8.241934 
8.012902 
7.741935 
7.474193 
7.170967 
6.896773 
6.68387 
6.677419 
6.764515 
6.88387 
6.948386 
7.003225 
7.070967 
7.135483 
7.180644 
7.232257 
7.264515 
7.28387 
7.316128 
7.351612 
7.377418 
7.399999 
7.399999 
7.416128 
7.451612 
7.458064 
7.458064 
7.470967 
7.48387 
7.664515 
7.967741 
8.164515 
8.196773 
8.032257 
7.741935 
7.387096 
7.187096 
7.22258 
7.264515 
7.296773 
7.319354 
7.351612 
7.387096 
7.277419 
6.606451 
8.541934 
12.36774 
11.40967 
7.132257 
5.880644 
6.44516 
6.664515 
6.764515 
6.84516 
6.935483 
7.019354 
7.070967 
7.116128 
7.167741 
7.199999 
7.254838 
7.277419 
7.529031 
7.832257 
8.090321 
8.296773 
8.441934 
8.490322 
8.448386 
8.335483 
8.151612 
7.880644 
7.577418 
7.287096 
7.009676 
6.767741 
6.632257 
6.729032 
6.835483 
6.899999 
6.967741 
7.054838 
7.112902 
7.16129 
7.196774 
7.251612 
7.270967 
7.303225 
7.325806 
7.354838 
7.377418 
7.409677 
7.438709 
7.441935 
7.451612 
7.470967 
7.470967 
7.48387 
7.567741 
7.851612 
8.109676 
8.203225 
8.125805 
7.864515 
7.529031 
7.229032 
7.241935 
7.241935 
7.290322 
7.325806 
7.348386 
7.367741 
7.367741 
6.796773 
7.374193 
10.80645 
12.75806 
8.893548 
6.016128 
6.125806 
6.619354 
6.732257 
6.803225 
6.893548 
6.961289 
7.025805 
7.103225 
7.151612 
7.206451 
7.245161 
7.280644 
7.416128 
7.706451 
7.974193 
8.225806 
8.38387 
8.464515 
8.487095 
8.38387 
8.235483 
7.996773 
7.72258 
7.432257 
7.135483 
6.861289 
6.658064 
6.706451 
6.793548 
6.88387 
6.954838 
7.035483 
7.090322 
7.135483 
7.187096 
7.219354 
7.264515 
7.287096 
7.32258 
7.341935 
7.367741 
7.387096 
7.409677 
7.416128 
7.438709 
7.44516 
7.451612 
7.48387 
7.490322 
7.725806 
8.00645 
8.199999 
8.187096 
7.987096 
7.667741 
7.354838 
7.199999 
7.238709 
7.287096 
7.303225 
7.329031 
7.358064 
7.38387 
7.174193 
6.641935 
9.090321 
12.74193 
10.78709 
6.667741 
5.88387 
6.525805 
6.680644 
6.780644 
6.874193 
6.925806 
7.012902 
7.077418 
7.135483 
7.180644 
7.219354 
7.354838 
7.677419 
7.935483 
8.177418 
8.367741 
8.477418 
8.490322 
8.412902 
8.261289 
8.025805 
7.780644 
7.461289 
7.170967 
6.906451 
6.706451 
6.680644 
6.774193 
6.896773 
6.954838 
7.009676 
7.077418 
7.125806 
7.170967 
7.212903 
7.267741 
7.287096 
7.332257 
7.335483 
7.380644 
7.399999 
7.416128 
7.432257 
7.454838 
7.448386 
7.464515 
7.477418 
7.496773 
7.658064 
7.970967 
8.158063 
8.190321 
8