
6.754838 
6.851612 
6.906451 
6.996773 
7.070967 
7.12258 
7.174193 
7.212903 
7.245161 
7.277419 
7.316128 
7.341935 
7.361289 
7.393548 
7.406451 
7.42258 
7.44516 
7.448386 
7.464515 
7.477418 
7.474193 
7.645161 
7.954838 
8.148386 
8.212903 
8.058063 
7.754838 
7.393548 
7.18387 
7.22258 
7.251612 
7.280644 
7.332257 
7.348386 
7.377418 
7.303225 
6.619354 
8.219354 
12.04515 
11.78064 
7.503225 
5.88387 
6.38387 
6.658064 
6.754838 
6.851612 
6.929031 
7.009676 
7.067741 
7.12258 
7.158064 
7.216128 
7.232257 
7.258064 
7.509676 
7.790322 
8.04516 
8.277419 
8.422579 
8.487095 
8.474192 
8.338708 
8.170967 
7.916128 
7.632257 
7.335483 
7.048386 
6.816128 
6.635483 
6.712903 
6.819354 
6.903225 
6.980644 
7.051612 
7.096773 
7.154838 
7.193548 
7.238709 
7.280644 
7.309677 
7.34516 
7.364515 
7.387096 
7.399999 
7.419354 
7.432257 
7.451612 
7.464515 
7.474193 
7.499999 
7.519354 
7.819354 
8.070966 
8.219354 
8.116127 
7.893548 
7.54516 
7.238709 
7.199999 
7.254838 
7.274193 
7.306451 
7.341935 
7.364515 
7.387096 
6.84516 
7.154838 
10.45806 
12.90645 
9.296773 
6.109677 
6.061289 
6.612903 
6.687096 
6.819354 
6.890322 
6.961289 
7.02258 
7.151612 
7.216128 
7.238709 
7.28387 
7.464515 
7.764515 
8.038708 
8.241934 
8.406451 
8.487095 
8.451612 
8.374193 
8.196773 
7.954838 
7.658064 
7.374193 
7.077418 
6.838709 
6.638709 
6.719354 
6.819354 
6.890322 
6.970967 
7.054838 
7.119354 
7.158064 
7.196774 
7.254838 
7.280644 
7.309677 
7.325806 
7.370967 
7.364515 
7.396773 
7.419354 
7.44516 
7.448386 
7.454838 
7.477418 
7.490322 
7.506451 
7.793548 
8.061289 
8.219354 
8.138709 
7.912902 
7.580644 
7.267741 
7.225806 
7.232257 
7.277419 
7.312902 
7.341935 
7.361289 
7.364515 
6.964515 
6.951612 
10.09677 
12.98709 
9.674193 
6.187096 
6.003225 
6.599999 
6.699999 
6.796773 
6.890322 
6.980644 
7.02258 
7.109676 
7.138709 
7.180644 
7.235483 
7.264515 
7.380644 
7.677419 
7.948386 
8.196773 
8.361289 
8.464515 
8.499999 
8.406451 
8.245161 
8.019353 
7.754838 
7.458064 
7.164515 
6.903225 
6.693548 
6.690322 
6.793548 
6.877418 
6.94516 
6.999999 
7.058063 
7.129032 
7.16129 
7.212903 
7.245161 
7.28387 
7.325806 
7.335483 
7.364515 
7.390322 
7.409677 
7.432257 
7.448386 
7.451612 
7.467741 
7.480644 
7.496773 
7.667741 
7.964515 
8.187096 
8.18387 
8.02258 
7.703225 
7.377418 
7.199999 
7.245161 
7.267741 
7.287096 
7.332257 
7.358064 
7.380644 
7.26129 
6.593547 
8.654838 
12.4258 
11.32903 
7.054838 
5.877418 
6.477418 
6.670967 
6.770967 
6.867741 
6.938709 
7.019354 
7.067741 
7.116128 
7.174193 
7.199999 
7.258064 
7.277419 
7.548386 
7.854838 
8.099999 
8.30645 
8.44516 
8.499999 
8.467741 
8.341935 
8.135483 
7.874193 
7.580644 
7.287096 
7.019354 
6.774193 
6.648386 
6.741935 
6.867741 
6.925806 
7.003225 
7.04516 
7.132257 
7.164515 
7.203225 
7.251612 
7.290322 
7.309677 
7.329031 
7.377418 
7.390322 
7.412902 
7.42258 
7.425806 
7.448386 
7.464515 
7.48387 
7.477418 
7.541934 
7.854838 
8.119354 
8.206451 
8.080644 
7.829031 
7.493547 
7.212903 
7.216128 
7.248386 
7.287096 
7.319354 
7.358064 
7.370967 
7.361289 
6.767741 
7.529031 
11.09032 
12.57419 
8.590321 
5.993547 
6.199999 
6.641935 
6.729032 
6.832257 
6.916128 
6.977418 
7.051612 
7.116128 
7.16129 
7.190322 
7.225806 
7.280644 
7.451612 
7.745161 
7.999999 
8.232257 
8.393548 
8.470967 
8.470967 
8.380644 
8.212903 
7.977418 
7.709677 
7.406451 
7.099999 
6.861289 
6.654838 
6.712903 
6.806451 
6.906451 
6.964515 
7.035483 
7.087096 
7.158064 
7.199999 
7.225806 
7.267741 
7.287096 
7.325806 
7.351612 
7.364515 
7.396773 
7.406451 
7.425806 
7.435483 
7.458064 
7.48387 
7.477418 
7.493547 
7.76129 
8.216128 
8.122579 
7.877418 
7.54516 
7.238709 
7.235483 
7.26129 
7.303225 
7.28387 
7.312902 
7.361289 
7.38387 
6.854838 
7.174193 
10.50967 
12.88386 
9.212903 
6.087096 
6.087096 
6.619354 
6.709677 
6.819354 
6.899999 
6.954838 
7.02258 
7.096773 
7.158064 
7.177419 
7.238709 
7.270967 
7.403225 
7.696774 
7.98387 
8.209676 
8.387096 
8.464515 
8.490322 
8.393548 
8.238709 
8.00645 
7.735483 
7.438709 
7.141935 
6.887096 
6.677419 
6.709677 
6.780644 
6.867741 
6.958064 
7.058063 
7.087096 
7.132257 
7.174193 
7.229032 
7.270967 
7.28387 
7.332257 
7.358064 
7.387096 
7.396773 
7.396773 
7.435483 
7.432257 
7.438709 
7.451612 
7.477418 
7.48387 
7.696774 
8.009676 
8.18387 
8.18387 
8.016128 
7.677419 
7.367741 
7.18387 
7.229032 
7.264515 
7.309677 
7.306451 
7.358064 
7.393548 
7.229032 
6.625806 
8.880644 
12.61612 
11.0129 
6.848386 
5.874193 
6.496773 
6.674193 
6.790322 
6.867741 
6.938709 
7.009676 
7.041934 
7.125806 
7.174193 
7.203225 
7.258064 
7.293548 
7.570967 
7.861289 
8.125805 
8.319354 
8.454837 
8.490322 
8.467741 
8.32258 
8.122579 
7.851612 
7.577418 
7.274193 
7.003225 
6.764515 
6.632257 
6.732257 
6.832257 
6.932257 
6.996773 
7.061289 
7.099999 
7.170967 
7.199999 
7.245161 
7.280644 
7.316128 
7.329031 
7.374193 
7.387096 
7.374193 
7.435483 
7.42258 
7.448386 
7.458064 
7.480644 
7.470967 
7.58387 
7.874193 
8.099999 
8.190321 
8.099999 
7.816128 
7.477418 
7.193548 
7.229032 
7.251612 
7.280644 
7.312902 
7.341935 
7.358064 
7.354838 
6.712903 
7.703225 
11.35161 
12.39354 
8.293547 
5.958064 
6.26129 
6.632257 
6.735483 
6.829031 
6.899999 
6.980644 
7.051612 
7.116128 
7.151612 
7.209677 
7.235483 
7.270967 
7.461289 
7.78387 
8.029031 
8.264515 
8.390321 
8.470967 
8.493547 
8.370966 
8.209676 
7.964515 
7.664515 
7.377418 
7.099999 
6.841935 
6.658064 
6.729032 
6.812902 
6.870967 
6.961289 
7.032257 
7.099999 
7.132257 
7.196774 
7.235483 
7.264515 
7.293548 
7.341935 
7.377418 
7.387096 
7.396773 
7.42258 
7.438709 
7.438709 
7.464515 
7.470967 
7.493547 
7.512902 
7.774193 
8.058063 
8.212903 
8.164515 
7.929031 
7.577418 
7.277419 
7.212903 
7.248386 
7.277419 
7.309677 
7.325806 
7.348386 
7.396773 
7.012902 
6.854838 
9.899999 
12.99677 
9.874193 
6.267741 
6.003225 
6.596773 
6.703225 
6.812902 
6.899999 
6.958064 
7.035483 
7.077418 
7.132257 
7.203225 
7.216128 
7.254838 
7.351612 
7.664515 
7.929031 
8.190321 
8.374193 
8.48387 
8.50645 
8.422579 
8.270967 
8.038708 
7.754838 
7.48387 
6.870967 
6.648386 
6.696774 
6.790322 
6.88387 
6.961289 
7.035483 
7.08387 
7.132257 
7.180644 
7.241935 
7.26129 
7.303225 
7.338709 
7.351612 
7.380644 
7.406451 
7.42258 
7.432257 
7.451612 
7.458064 
7.470967 
7.477418 
7.48387 
7.729032 
8.019353 
8.18387 
8.170967 
7.98387 
7.658064 
7.332257 
7.196774 
7.245161 
7.26129 
7.316128 
7.338709 
7.354838 
7.380644 
7.132257 
6.677419 
9.277419 
12.81612 
10.56128 
6.54516 
5.899999 
6.54516 
6.68387 
6.796773 
6.874193 
6.94516 
7.025805 
7.074193 
7.129032 
7.174193 
7.216128 
7.241935 
7.303225 
7.603225 
7.887096 
8.138709 
8.312902 
8.470967 
8.509676 
8.438709 
8.332257 
8.096773 
7.851612 
7.496773 
7.219354 
6.974193 
6.735483 
6.638709 
6.764515 
6.829031 
6.92258 
6.990322 
7.041934 
7.12258 
7.167741 
7.206451 
7.251612 
7.280644 
7.32258 
7.34516 
7.364515 
7.396773 
7.425806 
7.419354 
7.448386 
7.448386 
7.474193 
7.477418 
7.487096 
7.593547 
7.906451 
8.135483 
8.209676 
8.080644 
7.787096 
7.458064 
7.193548 
7.229032 
7.254838 
7.290322 
7.312902 
7.34516 
7.367741 
7.348386 
6.690322 
7.870967 
11.6258 
12.18709 
8.003225 
5.909677 
6.296773 
6.66129 
6.748386 
6.838709 
6.909677 
6.987096 
7.051612 
7.116128 
7.16129 
7.219354 
7.251612 
7.277419 
7.480644 
7.780644 
8.041934 
8.258064 
8.422579 
8.48387 
8.477418 
8.370966 
8.167741 
7.941935 
7.638709 
7.354838 
7.090322 
6.816128 
6.635483 
6.72258 
6.825806 
6.893548 
6.967741 
7.025805 
7.106451 
7.167741 
7.18387 
7.238709 
7.270967 
7.309677 
7.332257 
7.354838 
7.377418 
7.387096 
7.419354 
7.435483 
7.454838 
7.464515 
7.474193 
7.477418 
7.499999 
7.796773 
8.077418 
8.212903 
8.154838 
7.909677 
7.574193 
7.254838 
7.209677 
7.26129 
7.290322 
7.335483 
7.348386 
7.358064 
7.387096 
6.941935 
6.999999 
10.17419 
12.97096 
9.606451 
6.193548 
6.025805 
6.596773 
6.719354 
6.803225 
6.867741 
6.964515 
7.035483 
7.064515 
7.132257 
7.174193 
7.212903 
7.270967 
7.361289 
7.690322 
7.951612 
8.190321 
8.367741 
8.480644 
8.48387 
8.396773 
8.251612 
8.02258 
7.735483 
7.451612 
7.193548 
6.912902 
6.690322 
6.677419 
6.770967 
6.877418 
6.951612 
7.032257 
7.070967 
7.180644 
7.180644 
7.219354 
7.270967 
7.303225 
7.335483 
7.351612 
7.367741 
7.396773 
7.416128 
7.432257 
7.435483 
7.451612 
7.448386 
7.474193 
7.48387 
7.693548 
7.970967 
8.187096 
8.193548 
8.02258 
7.72258 
7.396773 
7.209677 
7.199999 
7.258064 
7.309677 
7.329031 
7.354838 
7.380644 
7.245161 
6.599999 
8.709676 
12.48386 
6.42258 
5.935483 
6.567741 
6.703225 
6.787096 
6.867741 
6.961289 
7.025805 
7.093547 
7.145161 
7.190322 
7.216128 
7.274193 
7.329031 
7.635483 
7.906451 
8.167741 
8.34516 
8.470967 
8.509676 
8.44516 
8.290322 
8.051611 
7.812902 
7.548386 
7.219354 
6.938709 
6.725806 
6.658064 
6.770967 
6.854838 
6.941935 
7.003225 
7.090322 
7.119354 
7.180644 
7.209677 
7.251612 
7.28387 
7.32258 
7.325806 
7.393548 
7.403225 
7.412902 
7.425806 
7.432257 
7.461289 
7.464515 
7.480644 
7.499999 
7.635483 
7.938709 
8.158063 
8.196773 
8.058063 
7.751612 
7.387096 
7.187096 
7.225806 
7.264515 
7.299999 
7.303225 
7.364515 
7.374193 
7.303225 
6.629032 
8.238709 
12.05483 
11.77096 
7.506451 
5.906451 
6.393548 
6.664515 
6.754838 
6.841935 
6.941935 
7.009676 
7.058063 
7.12258 
7.167741 
7.219354 
7.248386 
7.299999 
7.529031 
7.799999 
8.080644 
8.270967 
8.432257 
8.496773 
8.451612 
8.364515 
8.167741 
7.896773 
7.619354 
7.329031 
7.038709 
6.780644 
6.632257 
6.738709 
6.816128 
6.912902 
6.977418 
7.070967 
7.116128 
7.190322 
7.225806 
7.267741 
7.293548 
7.329031 
7.338709 
7.361289 
7.364515 
7.403225 
7.412902 
7.432257 
7.461289 
7.470967 
7.480644 
7.487096 
7.54516 
7.854838 
8.103224 
8.229031 
8.119354 
7.867741 
7.529031 
7.225806 
7.216128 
7.248386 
7.28387 
7.325806 
7.34516 
7.374193 
7.387096 
6.841935 
7.248386 
10.60322 
12.81935 
9.096773 
6.048386 
6.106451 
6.609677 
6.738709 
6.84516 
6.896773 
6.951612 
7.041934 
7.080644 
7.12258 
7.174193 
7.212903 
7.258064 
7.393548 
7.709677 
8.016128 
8.241934 
8.38387 
8.461289 
8.467741 
8.387096 
8.235483 
7.94516 
7.732257 
7.438709 
7.135483 
6.887096 
6.670967 
6.709677 
6.803225 
6.874193 
6.954838 
7.025805 
7.077418 
7.145161 
7.180644 
7.225806 
7.270967 
7.303225 
7.32258 
7.348386 
7.380644 
7.396773 
7.403225 
7.406451 
7.419354 
7.458064 
7.474193 
7.467741 
7.477418 
7.709677 
8.009676 
8.18387 
8.212903 
8.003225 
7.674193 
7.32258 
7.209677 
7.229032 
7.26129 
7.299999 
7.319354 
7.348386 
7.374193 
7.145161 
6.635483 
9.099999 
12.76774 
10.73548 
6.645161 
5.893548 
6.52258 
6.680644 
6.799999 
6.870967 
6.961289 
7.019354 
7.090322 
7.135483 
7.199999 
7.209677 
7.238709 
7.306451 
7.58387 
7.874193 
8.135483 
8.335483 
8.461289 
8.525805 
8.44516 
8.280644 
8.096773 
7.838709 
7.538709 
7.229032 
6.958064 
6.738709 
6.654838 
6.754838 
6.841935 
6.925806 
7.019354 
7.070967 
7.116128 
7.170967 
7.206451 
7.254838 
7.274193 
7.329031 
7.332257 
7.351612 
7.412902 
7.438709 
7.451612 
7.470967 
7.467741 
7.493547 
7.477418 
7.690322 
7.987096 
8.177418 
8.187096 
7.996773 
7.703225 
7.387096 
7.193548 
7.251612 
7.267741 
7.312902 
7.32258 
7.351612 
7.370967 
7.238709 
6.603225 
8.796773 
12.54838 
11.11935 
6.893548 
5.890322 
6.470967 
6.677419 
6.78387 
6.867741 
6.941935 
7.029031 
7.08387 
7.129032 
7.16129 
7.212903 
7.254838 
7.303225 
7.567741 
7.848386 
8.096773 
8.309677 
8.454837 
8.490322 
8.438709 
8.319354 
8.129031 
7.854838 
7.567741 
7.267741 
6.993547 
6.745161 
6.638709 
6.758064 
6.825806 
6.919354 
6.993547 
7.054838 
7.106451 
7.141935 
7.209677 
7.238709 
7.287096 
7.309677 
7.354838 
7.361289 
7.390322 
7.429031 
7.448386 
7.44516 
7.458064 
7.470967 
7.496773 
7.499999 
7.590322 
7.890322 
8.129031 
8.206451 
8.109676 
7.812902 
7.493547 
7.180644 
7.229032 
7.248386 
7.296773 
7.325806 
7.358064 
7.380644 
7.351612 
6.72258 
7.645161 
11.29354 
12.40967 
8.351612 
5.954838 
6.248386 
6.66129 
6.777419 
6.82258 
6.916128 
6.977418 
7.038709 
7.099999 
7.170967 
7.18387 
7.238709 
7.277419 
7.432257 
7.745161 
8.009676 
8.245161 
8.403224 
8.477418 
8.487095 
8.387096 
8.216128 
7.961289 
7.696774 
7.399999 
7.096773 
6.838709 
6.664515 
6.709677 
6.809677 
6.877418 
6.967741 
7.051612 
7.090322 
7.151612 
7.199999 
7.225806 
7.270967 
7.306451 
7.309677 
7.367741 
7.393548 
7.393548 
7.419354 
7.432257 
7.454838 
7.448386 
7.470967 
7.480644 
7.48387 
7.767741 
8.041934 
8.203225 
8.158063 
7.932257 
7.596773 
7.287096 
7.199999 
7.241935 
7.280644 
7.316128 
7.335483 
7.377418 
7.393548 
6.990322 
6.861289 
9.906451 
12.98709 
9.841935 
6.251612 
5.961289 
6.593547 
6.709677 
6.790322 
6.887096 
6.970967 
7.012902 
7.08387 
7.132257 
7.193548 
7.22258 
7.251612 
7.364515 
7.658064 
7.941935 
8.187096 
8.380644 
8.474192 
8.487095 
8.406451 
8.235483 
8.032257 
7.770967 
7.477418 
7.167741 
6.912902 
6.687096 
6.674193 
6.78387 
6.858064 
6.925806 
7.012902 
7.054838 
7.129032 
7.18387 
7.216128 
7.267741 
7.287096 
7.325806 
7.351612 
7.374193 
7.403225 
7.409677 
7.435483 
7.435483 
7.451612 
7.458064 
7.48387 
7.490322 
7.674193 
7.970967 
8.174193 
8.206451 
8.04516 
7.725806 
7.393548 
7.190322 
7.245161 
7.267741 
7.299999 
7.319354 
7.341935 
7.374193 
7.26129 
6.596773 
8.551611 
12.36451 
11.39032 
7.135483 
5.880644 
6.458064 
6.654838 
6.770967 
6.858064 
6.938709 
7.006451 
7.077418 
7.129032 
7.164515 
7.209677 
7.251612 
7.280644 
7.561289 
7.825806 
8.325805 
8.464515 
8.512902 
8.441934 
8.280644 
8.058063 
7.799999 
7.516128 
7.196774 
6.932257 
6.716128 
6.687096 
6.78387 
6.858064 
6.941935 
6.999999 
7.077418 
7.119354 
7.170967 
7.209677 
7.258064 
7.296773 
7.325806 
7.335483 
7.374193 
7.393548 
7.403225 
7.42258 
7.419354 
7.454838 
7.464515 
7.474193 
7.470967 
7.638709 
7.92258 
8.154838 
8.199999 
8.058063 
7.754838 
7.419354 
7.193548 
7.235483 
7.274193 
7.306451 
7.329031 
7.358064 
7.374193 
7.303225 
6.641935 
8.248386 
12.09677 
11.75806 
7.454838 
5.890322 
6.393548 
6.664515 
6.770967 
6.848386 
6.919354 
6.987096 
7.074193 
7.12258 
7.177419 
7.199999 
7.238709 
7.270967 
7.519354 
7.803225 
8.083869 
8.287096 
8.448386 
8.50645 
8.461289 
8.338708 
8.177418 
7.906451 
7.609676 
7.312902 
7.058063 
6.780644 
6.641935 
6.754838 
6.825806 
6.912902 
6.987096 
7.058063 
7.099999 
7.167741 
7.206451 
7.232257 
7.264515 
7.309677 
7.316128 
7.361289 
7.390322 
7.406451 
7.432257 
7.448386 
7.458064 
7.458064 
7.477418 
7.474193 
7.532257 
7.841935 
8.087096 
8.212903 
8.125805 
7.854838 
7.535483 
7.219354 
7.209677 
7.254838 
7.277419 
7.309677 
7.341935 
7.354838 
7.390322 
6.82258 
7.309677 
10.72903 
12.78709 
8.98387 
6.054838 
6.109677 
6.629032 
6.725806 
6.819354 
6.906451 
6.977418 
7.048386 
7.096773 
7.145161 
7.199999 
7.229032 
7.264515 
7.409677 
7.709677 
7.98387 
8.212903 
8.387096 
8.470967 
8.48387 
8.403224 
8.216128 
8.00645 
7.719354 
7.451612 
7.138709 
6.870967 
6.680644 
6.693548 
6.803225 
6.887096 
6.941935 
7.02258 
7.096773 
7.151612 
7.187096 
7.232257 
7.267741 
7.28387 
7.316128 
7.348386 
7.358064 
7.403225 
7.412902 
7.419354 
7.432257 
7.448386 
7.451612 
7.474193 
7.480644 
7.712903 
7.996773 
8.18387 
8.190321 
7.993547 
7.670967 
7.332257 
7.187096 
7.229032 
7.290322 
7.309677 
7.335483 
7.358064 
7.38387 
7.187096 
6.632257 
9.080644 
12.7258 
10.82903 
6.674193 
5.896773 
6.535483 
6.674193 
6.78387 
6.858064 
6.941935 
7.009676 
7.074193 
7.132257 
7.187096 
7.232257 
7.248386 
7.299999 
7.587096 
7.880644 
8.132257 
8.32258 
8.461289 
8.493547 
8.458064 
8.30645 
8.109676 
7.838709 
7.538709 
7.264515 
6.980644 
6.751612 
6.66129 
6.76129 
6.84516 
6.929031 
6.98387 
7.04516 
7.112902 
7.174193 
7.209677 
7.248386 
7.280644 
7.303225 
7.341935 
7.364515 
7.387096 
7.399999 
7.42258 
7.448386 
7.454838 
7.461289 
7.48387 
7.477418 
7.574193 
7.890322 
8.132257 
8.216128 
8.112902 
7.809677 
7.474193 
7.196774 
7.225806 
7.309677 
7.325806 
7.361289 
7.393548 
7.274193 
6.616128 
8.480644 
12.28709 
11.47741 
7.199999 
5.877418 
6.448386 
6.66129 
6.770967 
6.864515 
6.919354 
7.006451 
7.103225 
7.141935 
7.177419 
7.206451 
7.258064 
7.287096 
7.541934 
7.838709 
8.096773 
8.277419 
8.441934 
8.503225 
8.44516 
8.335483 
8.154838 
7.903225 
7.593547 
7.306451 
7.025805 
6.777419 
6.648386 
6.754838 
6.838709 
6.929031 
7.009676 
7.061289 
7.116128 
7.164515 
7.203225 
7.248386 
7.290322 
7.316128 
7.34516 
7.374193 
7.393548 
7.390322 
7.425806 
7.435483 
7.454838 
7.464515 
7.480644 
7.493547 
7.561289 
7.874193 
8.125805 
8.209676 
8.103224 
7.858064 
7.512902 
7.216128 
7.219354 
7.258064 
7.303225 
7.335483 
7.348386 
7.377418 
7.364515 
6.780644 
7.506451 
11.04838 
12.60322 
8.64516 
6.016128 
6.174193 
6.632257 
6.72258 
6.825806 
6.909677 
6.993547 
7.051612 
7.099999 
7.158064 
7.196774 
7.251612 
7.267741 
7.451612 
7.76129 
8.019353 
8.264515 
8.416128 
8.477418 
8.48387 
8.380644 
8.222579 
7.970967 
7.703225 
7.412902 
7.12258 
6.870967 
6.66129 
6.690322 
6.793548 
6.887096 
6.941935 
7.019354 
7.087096 
7.129032 
7.190322 
7.238709 
7.274193 
7.293548 
7.319354 
7.358064 
7.399999 
7.416128 
7.432257 
7.438709 
7.435483 
7.451612 
7.474193 
7.454838 
7.490322 
7.764515 
8.038708 
8.209676 
8.190321 
7.970967 
7.638709 
7.296773 
7.206451 
7.232257 
7.28387 
7.299999 
7.34516 
7.374193 
7.387096 
7.103225 
6.748386 
9.548386 
12.94193 
10.29032 
6.406451 
5.916128 
6.574193 
6.699999 
6.799999 
6.896773 
6.954838 
7.032257 
7.090322 
7.16129 
7.177419 
7.216128 
7.258064 
7.329031 
7.62258 
7.912902 
8.151612 
8.332257 
8.435482 
8.493547 
8.429031 
8.274192 
8.064515 
7.790322 
7.496773 
7.180644 
6.919354 
6.703225 
6.664515 
6.774193 
6.84516 
6.929031 
7.006451 
7.051612 
7.125806 
7.174193 
7.225806 
7.241935 
7.28387 
7.312902 
7.341935 
7.364515 
7.406451 
7.403225 
7.412902 
7.438709 
7.458064 
7.464515 
7.48387 
7.48387 
7.625806 
7.932257 
8.16129 
8.187096 
8.074193 
7.774193 
7.42258 
7.190322 
7.225806 
7.270967 
7.280644 
7.335483 
7.348386 
7.34516 
7.32258 
6.658064 
8.064515 
11.88709 
11.94516 
7.690322 
5.909677 
6.351612 
6.619354 
6.748386 
6.84516 
6.912902 
6.996773 
7.067741 
7.12258 
7.167741 
7.196774 
7.235483 
7.274193 
7.499999 
7.790322 
8.070966 
8.270967 
8.425806 
8.487095 
8.474192 
8.358063 
8.180644 
7.925806 
7.625806 
7.332257 
7.054838 
6.812902 
6.619354 
6.738709 
6.848386 
6.899999 
6.987096 
7.109676 
7.167741 
7.209677 
7.245161 
7.290322 
7.306451 
7.348386 
7.358064 
7.399999 
7.399999 
7.432257 
7.438709 
7.464515 
7.467741 
7.477418 
7.480644 
7.599999 
7.88387 
8.14516 
8.209676 
8.090321 
7.812902 
7.464515 
7.187096 
7.216128 
7.267741 
7.293548 
7.32258 
7.358064 
7.38387 
7.351612 
6.703225 
7.764515 
11.47741 
12.30967 
8.154838 
5.938709 
6.267741 
6.635483 
6.754838 
6.825806 
6.92258 
6.990322 
7.038709 
7.109676 
7.16129 
7.209677 
7.245161 
7.277419 
7.467741 
7.764515 
8.019353 
8.264515 
8.422579 
8.48387 
8.464515 
8.380644 
8.193548 
7.951612 
7.670967 
7.361289 
7.08387 
6.838709 
6.641935 
6.729032 
6.809677 
6.896773 
6.964515 
7.041934 
7.093547 
7.16129 
7.187096 
7.232257 
7.270967 
7.296773 
7.319354 
7.338709 
7.38387 
7.406451 
7.399999 
7.425806 
7.432257 
7.464515 
7.467741 
7.487096 
7.493547 
7.770967 
8.067741 
8.209676 
8.151612 
7.938709 
7.603225 
7.290322 
7.232257 
7.245161 
7.277419 
7.32258 
7.338709 
7.358064 
7.374193 
6.987096 
6.938709 
10.03548 
12.99677 
9.735483 
6.22258 
5.999999 
6.590322 
6.706451 
6.796773 
6.877418 
6.961289 
7.032257 
7.093547 
7.135483 
7.170967 
7.22258 
7.274193 
7.364515 
7.651612 
7.948386 
8.180644 
8.377418 
8.458064 
8.493547 
8.438709 
8.270967 
8.048386 
7.754838 
7.454838 
7.167741 
6.929031 
6.690322 
6.72258 
6.774193 
6.867741 
6.961289 
7.009676 
7.08387 
7.116128 
7.187096 
7.235483 
7.264515 
7.287096 
7.335483 
7.351612 
7.370967 
7.393548 
7.425806 
7.42258 
7.438709 
7.448386 
7.474193 
7.477418 
7.490322 
7.680644 
7.958064 
8.18387 
8.193548 
8.035483 
7.712903 
7.377418 
7.187096 
7.225806 
7.26129 
7.296773 
7.329031 
7.358064 
7.387096 
7.264515 
6.596773 
8.622579 
12.42903 
11.33548 
7.064515 
5.874193 
6.458064 
6.664515 
6.751612 
6.864515 
6.929031 
7.019354 
7.070967 
7.106451 
7.177419 
7.203225 
7.264515 
7.296773 
7.574193 
7.854838 
8.116127 
8.309677 
8.458064 
8.493547 
8.438709 
8.335483 
8.132257 
7.88387 
7.570967 
7.26129 
6.996773 
6.764515 
6.648386 
6.741935 
6.825806 
6.912902 
6.987096 
7.064515 
7.12258 
7.167741 
7.212903 
7.245161 
7.264515 
7.309677 
7.338709 
7.348386 
7.387096 
7.403225 
7.412902 
7.44516 
7.458064 
7.451612 
7.467741 
7.480644 
7.561289 
7.858064 
8.109676 
8.219354 
8.125805 
7.816128 
7.496773 
7.206451 
7.209677 
7.264515 
7.290322 
7.316128 
7.354838 
7.361289 
7.390322 
6.764515 
7.535483 
11.07419 
12.59032 
8.590321 
5.993547 
6.177419 
6.635483 
6.738709 
6.825806 
6.912902 
7.051612 
7.119354 
7.187096 
7.225806 
7.254838 
7.28387 
7.499999 
7.812902 
8.058063 
8.274192 
8.438709 
8.487095 
8.458064 
8.348386 
8.16129 
7.912902 
7.606451 
7.312902 
7.038709 
6.787096 
6.638709 
6.738709 
6.835483 
6.906451 
6.98387 
7.058063 
7.106451 
7.148386 
7.193548 
7.232257 
7.264515 
7.299999 
7.335483 
7.374193 
7.38387 
7.399999 
7.412902 
7.425806 
7.44516 
7.44516 
7.48387 
7.464515 
7.529031 
7.799999 
8.096773 
8.199999 
8.135483 
7.867741 
7.54516 
7.229032 
7.219354 
7.245161 
7.287096 
7.32258 
7.335483 
7.370967 
7.387096 
6.874193 
7.151612 
10.48709 
12.9129 
9.270967 
6.090322 
6.074193 
6.593547 
6.735483 
6.829031 
6.899999 
6.974193 
7.02258 
7.08387 
7.16129 
7.187096 
7.235483 
7.270967 
7.399999 
7.68387 
7.958064 
8.212903 
8.380644 
8.477418 
8.490322 
8.390321 
8.225806 
7.996773 
7.751612 
7.448386 
7.135483 
6.877418 
6.680644 
6.68387 
6.780644 
6.88387 
6.999999 
7.009676 
7.08387 
7.138709 
7.180644 
7.225806 
7.251612 
7.309677 
7.329031 
7.34516 
7.364515 
7.406451 
7.425806 
7.435483 
7.454838 
7.474193 
7.467741 
7.477418 
7.48387 
7.696774 
7.98387 
8.174193 
8.196773 
7.999999 
7.68387 
7.374193 
7.206451 
7.232257 
7.267741 
7.290322 
7.32258 
7.364515 
7.377418 
7.212903 
6.616128 
8.896773 
12.63548 
10.99677 
6.796773 
5.890322 
6.499999 
6.674193 
6.770967 
6.864515 
6.941935 
7.019354 
7.070967 
7.138709 
7.187096 
7.232257 
7.251612 
7.312902 
7.596773 
7.870967 
8.141935 
8.316128 
8.448386 
8.480644 
8.454837 
8.335483 
8.099999 
7.848386 
7.538709 
7.264515 
6.974193 
6.741935 
6.645161 
6.764515 
6.832257 
6.925806 
6.993547 
7.067741 
7.112902 
7.170967 
7.219354 
7.245161 
7.28387 
7.293548 
7.351612 
7.370967 
7.354838 
7.403225 
7.416128 
7.438709 
7.454838 
7.470967 
7.48387 
7.48387 
7.590322 
7.896773 
8.138709 
8.199999 
8.090321 
7.809677 
7.464515 
7.196774 
7.22258 
7.238709 
7.296773 
7.329031 
7.335483 
7.374193 
7.358064 
6.712903 
7.745161 
11.43225 
12.32257 
8.196773 
5.935483 
6.267741 
6.632257 
6.741935 
6.838709 
6.919354 
6.987096 
7.061289 
7.103225 
7.151612 
7.196774 
7.235483 
7.277419 
7.467741 
7.76129 
8.04516 
8.254837 
8.419354 
8.499999 
8.454837 
8.367741 
8.196773 
7.970967 
7.667741 
7.367741 
7.08387 
6.829031 
6.651612 
6.703225 
6.819354 
6.899999 
6.977418 
7.038709 
7.099999 
7.1