
7.090322 
6.848386 
6.648386 
6.709677 
6.806451 
6.88387 
6.958064 
7.025805 
7.099999 
7.132257 
7.18387 
7.245161 
7.264515 
7.299999 
7.325806 
7.341935 
7.370967 
7.403225 
7.409677 
7.419354 
7.454838 
7.474193 
7.474193 
7.487096 
7.487096 
7.748386 
8.032257 
8.203225 
8.164515 
7.958064 
7.619354 
7.309677 
7.206451 
7.235483 
7.267741 
7.309677 
7.338709 
7.348386 
7.377418 
7.074193 
6.76129 
9.580644 
12.9258 
10.26774 
6.390322 
5.935483 
6.570967 
6.690322 
6.793548 
6.848386 
6.94516 
7.006451 
7.077418 
7.125806 
7.16129 
7.216128 
7.26129 
7.32258 
7.609676 
7.893548 
8.154838 
8.348386 
8.474192 
8.490322 
8.435482 
8.287096 
8.070966 
7.806451 
7.503225 
7.22258 
6.932257 
6.709677 
6.677419 
6.758064 
6.832257 
6.94516 
6.993547 
7.074193 
7.112902 
7.170967 
7.209677 
7.248386 
7.290322 
7.325806 
7.348386 
7.387096 
7.38387 
7.399999 
7.409677 
7.438709 
7.464515 
7.454838 
7.474193 
7.477418 
7.612902 
7.925806 
8.141935 
8.206451 
8.074193 
7.767741 
7.416128 
7.174193 
7.235483 
7.264515 
7.287096 
7.335483 
7.341935 
7.374193 
7.312902 
6.638709 
8.141935 
11.98387 
11.84515 
7.62258 
5.88387 
6.351612 
6.641935 
6.751612 
6.838709 
6.92258 
6.990322 
7.051612 
7.119354 
7.16129 
7.193548 
7.251612 
7.280644 
7.516128 
7.799999 
8.061289 
8.277419 
8.432257 
8.480644 
8.454837 
8.364515 
8.154838 
7.912902 
7.619354 
7.325806 
7.035483 
6.799999 
6.62258 
6.725806 
6.82258 
6.919354 
6.977418 
7.048386 
7.112902 
7.154838 
7.206451 
7.248386 
7.280644 
7.277419 
7.332257 
7.367741 
7.38387 
7.393548 
7.42258 
7.448386 
7.451612 
7.44516 
7.470967 
7.48387 
7.516128 
7.812902 
8.077418 
8.229031 
8.129031 
7.896773 
7.567741 
7.264515 
7.216128 
7.245161 
7.28387 
7.312902 
7.358064 
7.358064 
7.393548 
6.903225 
7.070967 
10.34515 
12.94838 
9.399999 
6.116128 
6.032257 
6.574193 
6.719354 
6.812902 
6.890322 
6.948386 
7.029031 
7.058063 
7.158064 
7.180644 
7.238709 
7.280644 
7.38387 
7.687096 
7.954838 
8.203225 
8.374193 
8.474192 
8.477418 
8.412902 
8.245161 
8.009676 
7.706451 
7.438709 
7.132257 
6.88387 
6.667741 
6.803225 
6.887096 
6.967741 
7.012902 
7.087096 
7.158064 
7.203225 
7.238709 
7.26129 
7.293548 
7.325806 
7.354838 
7.387096 
7.416128 
7.412902 
7.425806 
7.44516 
7.464515 
7.477418 
7.490322 
7.499999 
7.787096 
8.035483 
8.212903 
8.164515 
7.925806 
7.603225 
7.293548 
7.209677 
7.258064 
7.280644 
7.293548 
7.329031 
7.367741 
7.377418 
7.012902 
6.829031 
9.851612 
13.00644 
9.925806 
6.264515 
5.954838 
6.587096 
6.703225 
6.787096 
6.870967 
6.94516 
7.019354 
7.099999 
7.148386 
7.196774 
7.209677 
7.274193 
7.364515 
7.648386 
7.92258 
8.177418 
8.367741 
8.464515 
8.490322 
8.435482 
8.245161 
8.04516 
7.76129 
7.487096 
7.177419 
6.912902 
6.699999 
6.674193 
6.764515 
6.854838 
6.929031 
7.006451 
7.067741 
7.12258 
7.180644 
7.209677 
7.235483 
7.287096 
7.316128 
7.348386 
7.374193 
7.441935 
7.403225 
7.432257 
7.435483 
7.451612 
7.464515 
7.493547 
7.48387 
7.66129 
7.958064 
8.164515 
8.203225 
8.035483 
7.735483 
7.390322 
7.187096 
7.241935 
7.254838 
7.306451 
7.325806 
7.354838 
7.361289 
7.296773 
6.612903 
8.335483 
12.17741 
11.65161 
7.374193 
5.899999 
6.396773 
6.638709 
6.754838 
6.841935 
6.935483 
6.996773 
7.061289 
7.12258 
7.167741 
7.216128 
7.248386 
7.293548 
7.525805 
7.803225 
8.064515 
8.309677 
8.438709 
8.496773 
8.458064 
8.341935 
8.14516 
7.899999 
7.606451 
7.306451 
7.112902 
6.777419 
6.62258 
6.729032 
6.799999 
6.909677 
6.977418 
7.035483 
7.106451 
7.148386 
7.199999 
7.245161 
7.267741 
7.303225 
7.341935 
7.361289 
7.377418 
7.406451 
7.419354 
7.44516 
7.451612 
7.458064 
7.470967 
7.496773 
7.519354 
7.816128 
8.083869 
8.203225 
8.122579 
7.899999 
7.529031 
7.238709 
7.209677 
7.241935 
7.280644 
7.312902 
7.34516 
7.348386 
7.377418 
6.861289 
7.193548 
10.54193 
12.89354 
9.209676 
6.080644 
6.058063 
6.599999 
6.699999 
6.812902 
6.896773 
6.964515 
7.025805 
7.070967 
7.141935 
7.180644 
7.248386 
7.251612 
7.393548 
7.699999 
7.980644 
8.196773 
8.387096 
8.48387 
8.477418 
8.403224 
8.222579 
7.987096 
7.735483 
7.432257 
7.129032 
6.870967 
6.674193 
6.693548 
6.78387 
6.870967 
6.954838 
7.019354 
7.087096 
7.135483 
7.196774 
7.241935 
7.251612 
7.309677 
7.338709 
7.358064 
7.367741 
7.406451 
7.406451 
7.438709 
7.435483 
7.458064 
7.464515 
7.48387 
7.493547 
7.693548 
8.00645 
8.177418 
8.187096 
7.974193 
7.670967 
7.341935 
7.203225 
7.22258 
7.251612 
7.287096 
7.325806 
7.348386 
7.367741 
7.203225 
6.619354 
8.999999 
12.69032 
10.86774 
6.72258 
5.874193 
6.696774 
6.799999 
6.877418 
6.954838 
7.032257 
7.070967 
7.129032 
7.193548 
7.225806 
7.277419 
7.367741 
7.651612 
7.932257 
8.190321 
8.364515 
8.48387 
8.493547 
8.406451 
8.245161 
8.029031 
7.777419 
7.480644 
7.174193 
6.899999 
6.690322 
6.693548 
6.76129 
6.864515 
6.958064 
7.009676 
7.058063 
7.129032 
7.167741 
7.206451 
7.26129 
7.293548 
7.312902 
7.34516 
7.380644 
7.435483 
7.393548 
7.425806 
7.432257 
7.454838 
7.461289 
7.464515 
7.493547 
7.670967 
7.961289 
8.148386 
8.199999 
7.990322 
7.72258 
7.38387 
7.174193 
7.225806 
7.264515 
7.296773 
7.329031 
7.335483 
7.380644 
7.280644 
6.596773 
8.361289 
12.19032 
11.60645 
7.316128 
5.867741 
6.403225 
6.658064 
6.741935 
6.851612 
6.919354 
7.012902 
7.061289 
7.116128 
7.174193 
7.235483 
7.248386 
7.290322 
7.541934 
7.829031 
8.077418 
8.290322 
8.432257 
8.496773 
8.474192 
8.34516 
8.154838 
7.896773 
7.596773 
7.312902 
7.019354 
6.780644 
6.632257 
6.729032 
6.812902 
6.909677 
6.987096 
7.058063 
7.103225 
7.154838 
7.199999 
7.248386 
7.264515 
7.312902 
7.335483 
7.367741 
7.377418 
7.403225 
7.429031 
7.44516 
7.432257 
7.474193 
7.48387 
7.470967 
7.548386 
7.835483 
8.087096 
8.193548 
8.122579 
7.877418 
7.538709 
7.235483 
7.219354 
7.251612 
7.280644 
7.32258 
7.325806 
7.367741 
7.387096 
6.84516 
7.212903 
10.55161 
12.87741 
9.151612 
6.061289 
6.074193 
6.619354 
6.719354 
6.825806 
6.893548 
6.970967 
7.032257 
7.096773 
7.148386 
7.18387 
7.225806 
7.277419 
7.409677 
7.706451 
7.974193 
8.219354 
8.396773 
8.48387 
8.490322 
8.393548 
8.232257 
8.009676 
7.725806 
7.425806 
7.119354 
6.864515 
6.658064 
6.693548 
6.796773 
6.887096 
6.94516 
7.019354 
7.054838 
7.135483 
7.18387 
7.225806 
7.280644 
7.312902 
7.32258 
7.354838 
7.380644 
7.387096 
7.429031 
7.42258 
7.425806 
7.461289 
7.48387 
7.493547 
7.490322 
7.709677 
7.999999 
8.193548 
8.187096 
7.990322 
7.680644 
7.348386 
7.203225 
7.229032 
7.274193 
7.287096 
7.329031 
7.364515 
7.370967 
7.187096 
6.625806 
9.061289 
12.74516 
10.80645 
6.670967 
5.887096 
6.519354 
6.68387 
6.770967 
6.854838 
6.948386 
7.003225 
7.070967 
7.116128 
7.167741 
7.229032 
7.254838 
7.309677 
7.593547 
7.854838 
8.119354 
8.312902 
8.458064 
8.509676 
8.448386 
8.303225 
8.099999 
7.829031 
7.519354 
7.245161 
6.974193 
6.754838 
6.648386 
6.758064 
6.854838 
6.935483 
7.006451 
7.058063 
7.109676 
7.170967 
7.212903 
7.229032 
7.293548 
7.312902 
7.319354 
7.374193 
7.380644 
7.406451 
7.432257 
7.470967 
7.461289 
7.477418 
7.499999 
7.687096 
7.987096 
8.164515 
8.193548 
8.019353 
7.690322 
7.358064 
7.199999 
7.232257 
7.267741 
7.309677 
7.32258 
7.367741 
7.354838 
7.245161 
6.606451 
8.680644 
12.46451 
11.24193 
7.003225 
5.854838 
6.458064 
6.651612 
6.764515 
6.854838 
6.938709 
6.996773 
7.058063 
7.116128 
7.177419 
7.216128 
7.26129 
7.293548 
7.551612 
7.848386 
8.103224 
8.319354 
8.441934 
8.496773 
8.435482 
8.303225 
8.129031 
7.867741 
7.570967 
7.287096 
7.003225 
6.777419 
6.645161 
6.732257 
6.84516 
6.925806 
6.977418 
7.051612 
7.106451 
7.16129 
7.212903 
7.241935 
7.277419 
7.312902 
7.348386 
7.348386 
7.380644 
7.396773 
7.403225 
7.432257 
7.454838 
7.464515 
7.48387 
7.503225 
7.548386 
7.861289 
8.132257 
8.203225 
8.119354 
7.838709 
7.503225 
7.203225 
7.232257 
7.267741 
7.277419 
7.319354 
7.364515 
7.358064 
7.354838 
6.76129 
7.551612 
11.1129 
12.57419 
8.529031 
5.974193 
6.18387 
6.616128 
6.745161 
6.825806 
6.916128 
6.977418 
7.061289 
7.099999 
7.145161 
7.190322 
7.232257 
7.277419 
7.454838 
7.741935 
8.009676 
8.229031 
8.422579 
8.48387 
8.464515 
8.377418 
8.212903 
7.977418 
7.677419 
7.380644 
7.074193 
6.835483 
6.645161 
6.709677 
6.799999 
6.870967 
6.948386 
7.02258 
7.096773 
7.145161 
7.203225 
7.235483 
7.274193 
7.316128 
7.329031 
7.348386 
7.370967 
7.406451 
7.42258 
7.416128 
7.438709 
7.451612 
7.477418 
7.496773 
7.499999 
7.751612 
8.032257 
8.193548 
8.167741 
7.958064 
7.62258 
7.316128 
7.209677 
7.238709 
7.287096 
7.306451 
7.34516 
7.364515 
7.390322 
7.067741 
6.758064 
9.583869 
12.93548 
10.19354 
6.370967 
5.899999 
6.554838 
6.693548 
6.774193 
6.874193 
6.948386 
7.019354 
7.093547 
7.135483 
7.193548 
7.22258 
7.254838 
7.332257 
7.625806 
7.912902 
8.158063 
8.364515 
8.467741 
8.487095 
8.409676 
8.290322 
8.064515 
7.793548 
7.503225 
7.18387 
6.919354 
6.699999 
6.680644 
6.780644 
6.841935 
6.941935 
7.019354 
7.070967 
7.12258 
7.16129 
7.206451 
7.251612 
7.293548 
7.316128 
7.358064 
7.374193 
7.393548 
7.416128 
7.438709 
7.44516 
7.464515 
7.467741 
7.464515 
7.477418 
7.638709 
7.958064 
8.164515 
8.196773 
8.04516 
7.735483 
7.396773 
7.174193 
7.229032 
7.254838 
7.293548 
7.316128 
7.351612 
7.361289 
7.280644 
6.619354 
8.30645 
12.06774 
11.76774 
7.490322 
5.858064 
6.361289 
6.645161 
6.748386 
6.841935 
6.899999 
6.993547 
7.058063 
7.109676 
7.174193 
7.216128 
7.245161 
7.277419 
7.52258 
7.806451 
8.067741 
8.270967 
8.432257 
8.448386 
8.296773 
8.106451 
7.84516 
7.529031 
7.225806 
6.977418 
6.738709 
6.654838 
6.748386 
6.84516 
6.929031 
6.993547 
7.051612 
7.119354 
7.164515 
7.206451 
7.225806 
7.270967 
7.312902 
7.325806 
7.374193 
7.406451 
7.435483 
7.419354 
7.441935 
7.44516 
7.454838 
7.470967 
7.496773 
7.603225 
7.906451 
8.14516 
8.225806 
8.080644 
7.793548 
7.458064 
7.180644 
7.238709 
7.274193 
7.290322 
7.319354 
7.341935 
7.364515 
7.34516 
6.690322 
7.84516 
11.51935 
12.22903 
8.070966 
5.912902 
6.28387 
6.619354 
6.758064 
6.829031 
6.92258 
6.977418 
7.054838 
7.096773 
7.135483 
7.196774 
7.241935 
7.280644 
7.474193 
7.780644 
8.051611 
8.261289 
8.44516 
8.48387 
8.470967 
8.38387 
8.18387 
7.94516 
7.66129 
7.367741 
7.08387 
6.825806 
6.645161 
6.709677 
6.812902 
6.88387 
6.961289 
7.038709 
7.093547 
7.129032 
7.167741 
7.229032 
7.274193 
7.293548 
7.325806 
7.354838 
7.380644 
7.406451 
7.42258 
7.435483 
7.432257 
7.451612 
7.48387 
7.44516 
7.499999 
7.780644 
8.048386 
8.18387 
8.177418 
7.92258 
7.625806 
7.28387 
7.206451 
7.235483 
7.28387 
7.309677 
7.335483 
7.377418 
7.390322 
7.035483 
6.796773 
9.796773 
12.99354 
9.980644 
6.299999 
5.967741 
6.587096 
6.703225 
6.793548 
6.864515 
6.948386 
7.019354 
7.080644 
7.145161 
7.18387 
7.225806 
7.264515 
7.338709 
7.670967 
7.932257 
8.177418 
8.364515 
8.464515 
8.490322 
8.416128 
8.261289 
8.025805 
7.767741 
7.477418 
7.180644 
6.92258 
6.703225 
6.667741 
6.78387 
6.867741 
6.935483 
7.019354 
7.077418 
7.132257 
7.174193 
7.232257 
7.267741 
7.296773 
7.309677 
7.332257 
7.367741 
7.387096 
7.406451 
7.42258 
7.432257 
7.451612 
7.464515 
7.464515 
7.499999 
7.670967 
7.970967 
8.151612 
8.187096 
8.035483 
7.732257 
7.374193 
7.193548 
7.235483 
7.274193 
7.287096 
7.316128 
7.351612 
7.374193 
7.254838 
6.593547 
8.529031 
12.34516 
11.42257 
7.129032 
5.864515 
6.448386 
6.670967 
6.76129 
6.84516 
6.92258 
7.006451 
7.064515 
7.129032 
7.148386 
7.206451 
7.251612 
7.277419 
7.564515 
7.84516 
8.080644 
8.293547 
8.438709 
8.503225 
8.432257 
8.335483 
8.135483 
7.864515 
7.564515 
7.296773 
7.003225 
6.76129 
6.635483 
6.741935 
6.825806 
6.916128 
6.977418 
7.048386 
7.12258 
7.158064 
7.212903 
7.238709 
7.28387 
7.287096 
7.341935 
7.348386 
7.399999 
7.390322 
7.419354 
7.432257 
7.461289 
7.470967 
7.464515 
7.496773 
7.558063 
7.864515 
8.116127 
8.209676 
8.103224 
7.841935 
7.503225 
7.212903 
7.22258 
7.251612 
7.277419 
7.309677 
7.364515 
7.296773 
6.632257 
8.16129 
11.94193 
11.85483 
7.58387 
5.88387 
6.335483 
6.635483 
6.751612 
6.84516 
6.919354 
7.003225 
7.061289 
7.106451 
7.148386 
7.177419 
7.251612 
7.296773 
7.516128 
7.790322 
8.048386 
8.28387 
8.441934 
8.490322 
8.451612 
8.348386 
8.164515 
7.919354 
7.616128 
7.325806 
7.035483 
6.796773 
6.635483 
6.712903 
6.825806 
6.906451 
6.974193 
7.04516 
7.099999 
7.154838 
7.206451 
7.251612 
7.274193 
7.306451 
7.338709 
7.406451 
7.364515 
7.396773 
7.432257 
7.44516 
7.448386 
7.470967 
7.470967 
7.477418 
7.535483 
7.82258 
8.061289 
8.196773 
8.119354 
7.887096 
7.551612 
7.232257 
7.209677 
7.248386 
7.290322 
7.316128 
7.332257 
7.374193 
7.393548 
6.858064 
7.209677 
10.54515 
12.87419 
9.170967 
6.054838 
6.077418 
6.625806 
6.706451 
6.816128 
6.899999 
6.961289 
7.032257 
7.093547 
7.151612 
7.209677 
7.254838 
7.267741 
7.416128 
7.703225 
7.977418 
8.229031 
8.409676 
8.458064 
8.470967 
8.380644 
8.225806 
7.987096 
7.729032 
7.432257 
7.116128 
6.864515 
6.654838 
6.680644 
6.787096 
6.877418 
6.951612 
7.025805 
7.090322 
7.135483 
7.174193 
7.28387 
7.267741 
7.306451 
7.332257 
7.34516 
7.380644 
7.390322 
7.403225 
7.432257 
7.438709 
7.451612 
7.470967 
7.487096 
7.477418 
7.725806 
8.009676 
8.190321 
8.170967 
7.974193 
7.674193 
7.34516 
7.193548 
7.238709 
7.264515 
7.296773 
7.332257 
7.348386 
7.38387 
7.154838 
6.658064 
9.187096 
12.81612 
10.64838 
6.58387 
5.909677 
6.519354 
6.687096 
6.787096 
6.877418 
6.932257 
7.032257 
7.08387 
7.129032 
7.203225 
7.229032 
7.264515 
7.332257 
7.599999 
7.899999 
8.116127 
8.335483 
8.461289 
8.496773 
8.438709 
8.280644 
8.077418 
7.790322 
7.503225 
7.225806 
6.951612 
6.725806 
6.651612 
6.758064 
6.841935 
6.925806 
6.993547 
7.064515 
7.116128 
7.164515 
7.212903 
7.254838 
7.280644 
7.32258 
7.348386 
7.361289 
7.374193 
7.399999 
7.42258 
7.438709 
7.451612 
7.467741 
7.464515 
7.48387 
7.603225 
7.909677 
8.148386 
8.199999 
8.074193 
7.774193 
7.435483 
7.18387 
7.216128 
7.26129 
7.28387 
7.325806 
7.338709 
7.361289 
7.338709 
6.670967 
7.896773 
11.65161 
12.14193 
7.94516 
5.893548 
6.290322 
6.648386 
6.725806 
6.832257 
6.929031 
6.958064 
7.054838 
7.112902 
7.167741 
7.209677 
7.248386 
7.280644 
7.487096 
7.777419 
8.048386 
8.277419 
8.435482 
8.496773 
8.464515 
8.364515 
8.164515 
7.916128 
7.62258 
7.341935 
7.054838 
6.816128 
6.625806 
6.735483 
6.829031 
6.890322 
6.964515 
7.012902 
7.109676 
7.148386 
7.238709 
7.287096 
7.309677 
7.335483 
7.370967 
7.38387 
7.403225 
7.42258 
7.432257 
7.461289 
7.458064 
7.467741 
7.487096 
7.580644 
7.874193 
8.109676 
8.190321 
8.116127 
7.825806 
7.48387 
7.193548 
7.203225 
7.245161 
7.28387 
7.319354 
7.341935 
7.351612 
7.358064 
6.72258 
7.596773 
11.20967 
12.48064 
8.422579 
5.948386 
6.212903 
6.625806 
6.748386 
6.82258 
6.896773 
6.954838 
7.038709 
7.103225 
7.145161 
7.216128 
7.258064 
7.287096 
7.461289 
7.741935 
8.029031 
8.229031 
8.425806 
8.477418 
8.470967 
8.374193 
8.206451 
7.961289 
7.658064 
7.409677 
7.087096 
6.832257 
6.632257 
6.709677 
6.796773 
6.88387 
6.961289 
7.032257 
7.090322 
7.138709 
7.193548 
7.232257 
7.270967 
7.303225 
7.338709 
7.348386 
7.38387 
7.393548 
7.406451 
7.42258 
7.44516 
7.451612 
7.480644 
7.487096 
7.451612 
7.751612 
8.048386 
8.222579 
8.151612 
7.948386 
7.616128 
7.280644 
7.190322 
7.241935 
7.280644 
7.319354 
7.338709 
7.361289 
7.380644 
7.02258 
6.835483 
9.841935 
12.99677 
9.935482 
6.270967 
5.980644 
6.587096 
6.703225 
6.787096 
6.887096 
6.967741 
7.019354 
7.080644 
7.132257 
7.190322 
7.225806 
7.264515 
7.364515 
7.658064 
7.929031 
8.14516 
8.358063 
8.474192 
8.499999 
8.412902 
8.248386 
8.051611 
7.764515 
7.467741 
7.170967 
6.906451 
6.712903 
6.667741 
6.780644 
6.880644 
6.932257 
7.012902 
7.074193 
7.129032 
7.174193 
7.238709 
7.267741 
7.296773 
7.319354 
7.341935 
7.370967 
7.390322 
7.409677 
7.432257 
7.451612 
7.464515 
7.470967 
7.464515 
7.48387 
7.670967 
7.967741 
8.164515 
8.190321 
8.070966 
7.716128 
7.374193 
7.180644 
7.216128 
7.254838 
7.303225 
7.325806 
7.358064 
7.374193 
7.264515 
6.596773 
8.622579 
12.41612 
11.29032 
7.038709 
5.864515 
6.474193 
6.645161 
6.764515 
6.858064 
6.935483 
6.999999 
7.067741 
7.135483 
7.174193 
7.219354 
7.270967 
7.299999 
7.54516 
7.851612 
8.106451 
8.319354 
8.454837 
8.493547 
8.438709 
8.312902 
8.116127 
7.861289 
7.567741 
7.258064 
6.98387 
6.76129 
6.648386 
6.738709 
6.851612 
6.92258 
6.993547 
7.04516 
7.109676 
7.164515 
7.206451 
7.248386 
7.28387 
7.32258 
7.34516 
7.367741 
7.38387 
7.42258 
7.425806 
7.441935 
7.44516 
7.474193 
7.467741 
7.487096 
7.567741 
7.867741 
8.112902 
8.216128 
8.119354 
7.84516 
7.506451 
7.216128 
7.209677 
7.267741 
7.280644 
7.32258 
7.338709 
7.380644 
7.370967 
6.787096 
7.425806 
10.92903 
12.67096 
8.754837 
5.993547 
6.151612 
6.619354 
6.716128 
6.825806 
6.890322 
6.974193 
7.032257 
7.087096 
7.209677 
7.258064 
7.293548 
7.529031 
7.793548 
8.070966 
8.251612 
8.419354 
8.503225 
8.474192 
8.34516 
8.148386 
7.896773 
7.609676 
7.319354 
7.048386 
6.796773 
6.645161 
6.716128 
6.812902 
6.906451 
6.970967 
7.058063 
7.090322 
7.164515 
7.206451 
7.241935 
7.290322 
7.316128 
7.325806 
7.412902 
7.393548 
7.393548 
7.438709 
7.419354 
7.451612 
7.44516 
7.477418 
7.477418 
7.558063 
7.82258 
8.096773 
8.222579 
8.138709 
7.864515 
7.535483 
7.219354 
7.212903 
7.264515 
7.296773 
7.32258 
7.34516 
7.351612 
7.370967 
6.851612 
7.206451 
10.57741 
12.84193 
9.116127 
6.061289 
6.087096 
6.596773 
6.719354 
6.812902 
6.909677 
6.977418 
7.04516 
7.103225 
7.151612 
7.18387 
7.212903 
7.270967 
7.396773 
7.696774 
7.98387 
8.225806 
8.374193 
8.490322 
8.477418 
8.399999 
8.232257 
7.999999 
7.709677 
7.432257 
7.135483 
6.867741 
6.670967 
6.703225 
6.803225 
6.890322 
6.958064 
7.009676 
7.093547 
7.148386 
7.190322 
7.232257 
7.270967 
7.290322 
7.325806 
7.351612 
7.367741 
7.393548 
7.412902 
7.419354 
7.44516 
7.464515 
7.477418 
7.470967 
7.496773 
7.735483 
7.993547 
8.18387 
8.174193 
7.970967 
7.664515 
7.34516 
7.196774 
7.235483 
7.267741 
7.306451 
7.312902 
7.354838 
7.387096 
7.151612 
6.651612 
9.16129 
12.77096 
10.68387 
6.609677 
5.877418 
6.525805 
6.677419 
6.770967 
6.864515 
6.938709 
7.009676 
7.090322 
7.148386 
7.190322 
7.216128 
7.254838 
7.277419 
7.587096 
7.874193 
8.135483 
8.341935 
8.474192 
8.503225 
8.435482 
8.290322 
8.083869 
7.829031 
7.52258 
7.235483 
6.980644 
6.719354 
6.651612 
6.748386 
6.832257 
6.92258 
6.999999 
7.070967 
7.096773 
7.167741 
7.219354 
7.264515 
7.274193 
7.32258 
7.354838 
7.377418 
7.370967 
7.416128 
7.432257 
7.44516 
7.458064 
7.461289 
7.48387 
7.490322 
7.612902 
7.919354 
8.138709 
8.203225 
8.080644 
7.787096 
7.451612 
7.196774 
7.232257 
7.267741 
7.290322 
7.290322 
7.329031 
7.367741 
7.338709 
6.690322 
7.906451 
11.65161 
12.11935 
7.954838 
5.909677 
6.296773 
6.635483 
6.748386 
6.835483 
6.916128 
7.003225 
7.061289 
7.096773 
7.164515 
7.203225 
7.241935 
7.270967 
7.448386 
7.780644 
8.04516 
8.264515 
8.412902 
8.470967 
8.464515 
8.361289 
8.180644 
7.925806 
7.638709 
7.354838 
7.051612 
6.825806 
6.651612 
6.732257 
6.803225 
6.896773 
6.974193 
7.035483 
7.090322 
7.148386 
7.190322 
7.232257 
7.270967 
7.303225 
7.306451 
7.354838 
7.377418 
7.399999 
7.416128 
7.42258 
7.435483 
7.458064 
7.467741 
7.48387 
7.512902 
7.793548 
8.067741 
8.099999 
7.82258 
7.480644 
7.193548 
7.206451 
7.264515 
7.293548 
7.329031 
7.332257 
7.367741 
7.341935 
6.729032 
7.612902 
11.23548 
12.47096 
8.419354 
5.951612 
6.216128 
6.641935 
6.748386 
6.835483 
6.899999 
6.980644 
7.051612 
7.112902 
7.141935 
7.199999 
7.225806 
7.287096 
7.435483 
7.745161 
8.009676 
8.245161 
8.409676 
8.487095 
8.461289 
8.367741 
8.18387 
7.961289 
7.674193 
7.380644 
7.093547 
6.841935 
6.651612 
6.709677 
6.812902 
6.88387 
6.961289 
7.038709 
7.099999 
7.145161 
7.193548 
7.245161 
7.264515 
7.296773 
7.335483 
7.358064 
7.364515 
7.377418 
7.409677 
7.429031 
7.458064 
7.448386 
7.480644 
7.470967 
7.499999 
7.767741 
8.058063 
8.209676 
8.158063 
7.929031 
7.616128 
7.277419 
7.203225 
7.245161 
7.28387 
7.306451 
7.325806 
7.361289 
7.390322 
6.993547 
6.877418 
9.916128 
13.0129 
9.887096 
6.248386 
5.961289 
6.574193 
6.696774 
6.799999 
6.870967 
6.948386 
7.04516 
7.080644 
7.141935 
7.190322 
7.229032 
7.258064 
7.361289 
7.645161 
7.925806 
8.187096 
8.351612 
8.496773 
8.496773 
8.422579 
8.264515 
8.041934 
7.767741 
7.467741 
7.18387 
6.916128 
6.699999 
6.674193 
6.777419 
6.867741 
6.938709 
6.996773 
7.061289 
7.125806 
7.177419 
7.219354 
7.267741 
7.293548 
7.319354 
7.348386 
7.374193 
7.387096 
7.416128 
7.432257 
7.451612 
7.454838 
7.467741 
7.48387 
7.48387 
7.66129 
7.967741 
8.164515 
8.187096 
8.04516 
7.738709 
7.403225 
7.187096 
7.212903 
7.274193 
7.28387 
7.32258 
7.34516 
7.351612 
7.267741 
6.629032 
8.387096 
12.20645 
11.59032 
7.312902 
5.867741 
6.406451 
6.641935 
6.76129 
6.858064 
6.94516 
6.990322 
7.058063 
7.135483 
7.158064 
7.209677 
7.251612 
7.270967 
7.529031 
7.819354 
8.080644 
8.299999 
8.44516 
8.496773 
8.467741 
8.325805 
8.16129 
7.88387 
7.593547 
7.32258 
7.029031 
6.774193 
6.632257 
6.735483 
6.825806 
6.896773 
6.98387 
7.029031 
7.077418 
7.141935 
7.199999 
7.245161 
7.267741 
7.319354 
7.338709 
7.364515 
7.38387 
7.412902 
7.425806 
7.425806 
7.435483 
7.464515 
7.470967 
7.477418 
7.54516 
7.848386 
8.103224 
8.216128 
8.132257 
7.870967 
7.529031 
7.22258 
7.216128 
7.254838 
7.277419 
7.316128 
7.34516 
7.354838 
7.370967 
6.848386 
7.251612 
10.60322 
12.84515 
9.119354 
6.058063 
6.093547 
6.619354 
6.719354 
6.816128 
6.896773 
6.974193 
7.02258 
7.087096 
7.154838 
7.190322 
7.235483 
7.267741 
7.409677 
7.712903 
7.974193 
8.209676 
8.396773 
8.470967 
8.470967 
8.390321 
8.229031 
7.993547 
7.719354 
7.419354 
7.129032 
6.638709 
6.716128 
6.806451 
6.88387 
6.967741 
7.025805 
7.106451 
7.154838 
7.177419 
7.232257 
7.270967 
7.309677 
7.32258 
7.358064 
7.370967 
7.399999 
7.425806 
7.438709 
7.477418 
7.448386 
7.480644 
7.470967 
7.503225 
7.799999 
8.070966 
8.206451 
8.129031 
7.903225 
7.58387 
7.270967 
7.203225 
7.245161 
7.267741 
7.299999 
7.348386 
7.370967 
7.377418 
6.925806 
7.02258 
10.18386 
12.98064 
9.561289 
6.141935 
6.006451 
6.599999 
6.709677 
6.816128 
6.896773 
6.951612 
7.025805 
7.093547 
7.119354 
7.190322 
7.232257 
7.251612 
7.387096 
7.674193 
7.94516 
8.193548 
8.370966 
8.470967 
8.480644 
8.403224 
8.232257 
8.019353 
7.76129 
7.467741 
7.158064 
6.899999 
6.677419 
6.690322 
6.787096 
6.88387 
6.951612 
7.029031 
7.090322 
7.129032 
7.18387 
7.219354 
7.264515 
7.293548 
7.309677 
7.341935 
7.38387 
7.403225 
7.432257 
7.429031 
7.435483 
7.454838 
7.458064 
7.477418 
7.499999 
7.696774 
7.987096 
8.164515 
8.196773 
7.999999 
7.690322 
7.354838 
7.196774 
7.229032 
7.274193 
7.296773 
7.312902 
7.364515 
7.367741 
7.232257 
6.632257 
8.874193 
12.59999 
11.01612 
6.812902 
5.870967 
6.499999 
6.674193 
6.780644 
6.851612 
6.929031 
7.006451 
7.070967 
7.141935 
7.167741 
7.212903 
7.245161 
7.299999 
7.58387 
7.864515 
8.119354 
8.319354 
8.461289 
8.496773 
8.44516 
8.303225 
8.106451 
7.838709 
7.525805 
7.245161 
6.980644 
6.735483 
6.641935 
6.725806 
6.848386 
6.912902 
7.003225 
7.061289 
7.099999 
7.167741 
7.212903 
7.251612 
7.296773 
7.309677 
7.358064 
7.351612 
7.403225 
7.399999 
7.419354 