7096 
7.219354 
7.251612 
7.290322 
7.567741 
7.864515 
8.116127 
8.316128 
8.441934 
8.490322 
8.441934 
8.319354 
8.106451 
7.864515 
7.574193 
7.254838 
7.003225 
6.76129 
6.632257 
6.745161 
6.854838 
6.925806 
6.987096 
7.061289 
7.125806 
7.174193 
7.206451 
7.245161 
7.28387 
7.312902 
7.338709 
7.358064 
7.393548 
7.396773 
7.432257 
7.44516 
7.454838 
7.461289 
7.458064 
7.490322 
7.567741 
7.867741 
8.119354 
8.199999 
8.109676 
7.832257 
7.487096 
7.187096 
7.22258 
7.248386 
7.254838 
7.329031 
7.341935 
7.374193 
7.361289 
6.754838 
7.496773 
11.04838 
12.59354 
8.593547 
5.964515 
6.177419 
6.629032 
6.72258 
6.835483 
6.916128 
6.980644 
7.041934 
7.099999 
7.158064 
7.203225 
7.241935 
7.258064 
7.438709 
7.738709 
7.999999 
8.241934 
8.393548 
8.477418 
8.464515 
8.38387 
8.187096 
7.961289 
7.690322 
7.403225 
7.106451 
6.880644 
6.66129 
6.716128 
6.799999 
6.877418 
6.941935 
7.009676 
7.077418 
7.145161 
7.177419 
7.251612 
7.28387 
7.299999 
7.329031 
7.351612 
7.380644 
7.377418 
7.419354 
7.425806 
7.458064 
7.458064 
7.48387 
7.480644 
7.464515 
7.735483 
8.02258 
8.193548 
8.174193 
7.970967 
7.641935 
7.325806 
7.18387 
7.238709 
7.26129 
7.312902 
7.338709 
7.354838 
7.377418 
7.119354 
6.68387 
9.319354 
12.85806 
10.51935 
6.525805 
5.896773 
6.538709 
6.68387 
6.787096 
6.896773 
6.94516 
7.029031 
7.074193 
7.129032 
7.196774 
7.216128 
7.267741 
7.319354 
7.616128 
7.88387 
8.132257 
8.316128 
8.44516 
8.493547 
8.425806 
8.28387 
8.096773 
7.825806 
7.535483 
7.238709 
6.961289 
6.741935 
6.651612 
6.767741 
6.848386 
6.932257 
6.990322 
7.067741 
7.125806 
7.158064 
7.216128 
7.251612 
7.274193 
7.312902 
7.351612 
7.367741 
7.399999 
7.406451 
7.416128 
7.44516 
7.461289 
7.461289 
7.477418 
7.474193 
7.58387 
7.896773 
8.141935 
8.203225 
8.067741 
7.793548 
7.432257 
7.177419 
7.235483 
7.254838 
7.290322 
7.358064 
7.377418 
7.264515 
6.612903 
8.680644 
12.45483 
11.27096 
7.006451 
5.858064 
6.461289 
6.645161 
6.754838 
6.854838 
6.948386 
7.019354 
7.074193 
7.132257 
7.174193 
7.225806 
7.258064 
7.299999 
7.554838 
7.867741 
8.103224 
8.267741 
8.441934 
8.496773 
8.438709 
8.319354 
8.122579 
7.858064 
7.538709 
7.280644 
6.987096 
6.748386 
6.635483 
6.729032 
6.838709 
6.919354 
6.974193 
7.051612 
7.106451 
7.148386 
7.209677 
7.245161 
7.287096 
7.316128 
7.361289 
7.370967 
7.377418 
7.396773 
7.432257 
7.448386 
7.451612 
7.470967 
7.470967 
7.467741 
7.558063 
7.854838 
8.125805 
8.196773 
8.099999 
7.835483 
7.490322 
7.193548 
7.209677 
7.264515 
7.293548 
7.341935 
7.335483 
7.374193 
7.380644 
6.729032 
7.554838 
11.13225 
12.53225 
8.538708 
5.951612 
6.196774 
6.603225 
6.72258 
6.825806 
6.909677 
6.961289 
7.035483 
7.096773 
7.148386 
7.212903 
7.248386 
7.274193 
7.432257 
7.732257 
8.016128 
8.245161 
8.396773 
8.467741 
8.435482 
8.374193 
8.203225 
7.951612 
7.680644 
7.38387 
7.099999 
6.829031 
6.654838 
6.716128 
6.799999 
6.874193 
6.964515 
7.04516 
7.087096 
7.138709 
7.190322 
7.232257 
7.258064 
7.287096 
7.325806 
7.351612 
7.390322 
7.393548 
7.403225 
7.416128 
7.454838 
7.458064 
7.454838 
7.48387 
7.487096 
7.738709 
8.025805 
8.212903 
8.167741 
7.948386 
7.635483 
7.306451 
7.193548 
7.248386 
7.277419 
7.303225 
7.329031 
7.348386 
7.377418 
7.106451 
6.729032 
9.499999 
12.91935 
10.29677 
6.396773 
5.932257 
6.554838 
6.677419 
6.793548 
6.864515 
6.954838 
7.025805 
7.087096 
7.141935 
7.145161 
7.219354 
7.258064 
7.335483 
7.625806 
7.909677 
8.154838 
8.335483 
8.458064 
8.48387 
8.432257 
8.267741 
8.077418 
7.806451 
7.516128 
7.196774 
6.941935 
6.719354 
6.674193 
6.777419 
6.851612 
6.941935 
7.025805 
7.070967 
7.12258 
7.170967 
7.232257 
7.28387 
7.299999 
7.32258 
7.34516 
7.374193 
7.390322 
7.399999 
7.416128 
7.441935 
7.438709 
7.477418 
7.467741 
7.480644 
7.625806 
7.919354 
8.151612 
8.209676 
8.070966 
7.764515 
7.416128 
7.180644 
7.219354 
7.264515 
7.290322 
7.306451 
7.341935 
7.374193 
7.335483 
6.641935 
8.038708 
11.82258 
11.98387 
7.76129 
5.890322 
6.319354 
6.638709 
6.748386 
6.82258 
6.919354 
6.987096 
7.051612 
7.099999 
7.177419 
7.203225 
7.251612 
7.287096 
7.503225 
7.793548 
8.048386 
8.258064 
8.422579 
8.477418 
8.461289 
8.351612 
8.180644 
7.92258 
7.632257 
7.341935 
7.064515 
6.812902 
6.62258 
6.709677 
6.799999 
6.899999 
6.970967 
7.041934 
7.158064 
7.22258 
7.235483 
7.270967 
7.312902 
7.325806 
7.380644 
7.390322 
7.38387 
7.451612 
7.44516 
7.464515 
7.470967 
7.48387 
7.496773 
7.554838 
7.867741 
8.106451 
8.203225 
8.109676 
7.835483 
7.496773 
7.206451 
7.212903 
7.264515 
7.274193 
7.338709 
7.348386 
7.358064 
7.367741 
6.774193 
7.48387 
10.99032 
12.61612 
8.696773 
5.987096 
6.16129 
6.612903 
6.712903 
6.812902 
6.896773 
6.990322 
7.032257 
7.096773 
7.170967 
7.22258 
7.251612 
7.277419 
7.432257 
7.732257 
8.00645 
8.232257 
8.406451 
8.474192 
8.461289 
8.387096 
8.203225 
7.977418 
7.68387 
7.409677 
7.12258 
6.848386 
6.645161 
6.706451 
6.780644 
6.88387 
6.948386 
7.032257 
7.080644 
7.135483 
7.187096 
7.229032 
7.270967 
7.309677 
7.329031 
7.34516 
7.370967 
7.393548 
7.390322 
7.438709 
7.451612 
7.470967 
7.467741 
7.467741 
7.496773 
7.729032 
8.032257 
8.199999 
8.177418 
7.977418 
7.645161 
7.312902 
7.177419 
7.209677 
7.267741 
7.287096 
7.303225 
7.358064 
7.380644 
7.148386 
6.641935 
9.232257 
12.81612 
10.60645 
6.558063 
5.88387 
6.52258 
6.680644 
6.774193 
6.848386 
6.932257 
6.987096 
7.070967 
7.135483 
7.187096 
7.22258 
7.26129 
7.306451 
7.58387 
7.864515 
8.129031 
8.332257 
8.454837 
8.493547 
8.441934 
8.30645 
8.090321 
7.829031 
7.538709 
7.245161 
6.970967 
6.729032 
6.590322 
6.754838 
6.851612 
6.92258 
6.993547 
7.048386 
7.109676 
7.154838 
7.216128 
7.241935 
7.280644 
7.335483 
7.351612 
7.387096 
7.38387 
7.403225 
7.432257 
7.438709 
7.451612 
7.474193 
7.474193 
7.490322 
7.590322 
7.877418 
8.112902 
8.212903 
8.103224 
7.829031 
7.480644 
7.199999 
7.229032 
7.258064 
7.296773 
7.32258 
7.34516 
7.377418 
7.361289 
6.72258 
7.596773 
11.18064 
12.49677 
8.470967 
5.961289 
6.203225 
6.609677 
6.748386 
6.829031 
6.909677 
6.967741 
7.04516 
7.106451 
7.148386 
7.190322 
7.245161 
7.290322 
7.451612 
7.732257 
7.996773 
8.245161 
8.396773 
8.464515 
8.470967 
8.387096 
8.199999 
7.967741 
7.670967 
7.387096 
7.099999 
6.838709 
6.658064 
6.719354 
6.82258 
6.88387 
6.964515 
7.019354 
7.087096 
7.154838 
7.199999 
7.216128 
7.277419 
7.296773 
7.335483 
7.354838 
7.377418 
7.399999 
7.42258 
7.419354 
7.42258 
7.44516 
7.470967 
7.477418 
7.490322 
7.725806 
8.025805 
8.196773 
8.170967 
7.964515 
7.635483 
7.319354 
7.177419 
7.241935 
7.26129 
7.299999 
7.341935 
7.364515 
7.393548 
7.125806 
6.696774 
9.364515 
12.88064 
10.44838 
6.48387 
5.903225 
6.532257 
6.68387 
6.767741 
6.851612 
6.92258 
7.08387 
7.12258 
7.174193 
7.216128 
7.277419 
7.380644 
7.677419 
7.94516 
8.219354 
8.380644 
8.474192 
8.493547 
8.416128 
8.245161 
8.019353 
7.758064 
7.480644 
7.151612 
6.919354 
6.680644 
6.674193 
6.777419 
6.870967 
6.948386 
7.02258 
7.064515 
7.119354 
7.170967 
7.209677 
7.264515 
7.306451 
7.335483 
7.34516 
7.370967 
7.396773 
7.406451 
7.44516 
7.419354 
7.464515 
7.458064 
7.480644 
7.48387 
7.651612 
7.954838 
8.16129 
8.193548 
8.035483 
7.725806 
7.390322 
7.177419 
7.26129 
7.254838 
7.306451 
7.319354 
7.34516 
7.377418 
7.274193 
6.606451 
8.44516 
12.2258 
11.59032 
7.309677 
5.848386 
6.406451 
6.658064 
6.741935 
6.864515 
6.941935 
6.990322 
7.064515 
7.099999 
7.164515 
7.206451 
7.258064 
7.277419 
7.529031 
7.812902 
8.077418 
8.28387 
8.451612 
8.493547 
8.464515 
8.338708 
8.148386 
7.867741 
7.590322 
7.28387 
7.009676 
6.780644 
6.632257 
6.735483 
6.816128 
6.899999 
6.970967 
7.04516 
7.099999 
7.158064 
7.196774 
7.235483 
7.270967 
7.316128 
7.325806 
7.34516 
7.387096 
7.412902 
7.412902 
7.44516 
7.448386 
7.451612 
7.477418 
7.477418 
7.535483 
7.819354 
8.103224 
8.212903 
8.122579 
7.874193 
7.541934 
7.245161 
7.209677 
7.248386 
7.277419 
7.32258 
7.354838 
7.367741 
7.393548 
6.851612 
7.235483 
10.61612 
12.86128 
9.109676 
6.061289 
6.080644 
6.616128 
6.725806 
6.806451 
6.890322 
6.967741 
7.032257 
7.096773 
7.148386 
7.190322 
7.225806 
7.26129 
7.406451 
7.693548 
7.964515 
8.222579 
8.380644 
8.48387 
8.48387 
8.403224 
8.238709 
7.999999 
7.732257 
7.432257 
7.141935 
6.874193 
6.651612 
6.674193 
6.793548 
6.887096 
6.938709 
7.025805 
7.074193 
7.135483 
7.193548 
7.238709 
7.258064 
7.299999 
7.312902 
7.361289 
7.370967 
7.390322 
7.409677 
7.42258 
7.448386 
7.454838 
7.467741 
7.493547 
7.490322 
7.709677 
8.012902 
8.190321 
8.174193 
7.980644 
7.677419 
7.351612 
7.180644 
7.245161 
7.280644 
7.290322 
7.335483 
7.34516 
7.390322 
7.180644 
6.62258 
9.067741 
12.72257 
10.80967 
6.68387 
5.877418 
6.512902 
6.68387 
6.767741 
6.861289 
6.932257 
7.012902 
7.077418 
7.138709 
7.174193 
7.232257 
7.251612 
7.299999 
7.567741 
7.858064 
8.125805 
8.335483 
8.464515 
8.493547 
8.432257 
8.296773 
8.096773 
7.829031 
7.538709 
7.264515 
6.970967 
6.729032 
6.638709 
6.764515 
6.835483 
6.935483 
6.990322 
7.04516 
7.106451 
7.158064 
7.203225 
7.245161 
7.287096 
7.325806 
7.332257 
7.351612 
7.377418 
7.406451 
7.438709 
7.44516 
7.409677 
7.461289 
7.480644 
7.474193 
7.941935 
8.16129 
8.190321 
8.041934 
7.719354 
7.38387 
7.187096 
7.212903 
7.316128 
7.296773 
7.325806 
7.358064 
7.367741 
7.267741 
6.619354 
8.44516 
12.24838 
11.55806 
7.274193 
5.858064 
6.42258 
6.664515 
6.764515 
6.84516 
6.92258 
7.019354 
7.070967 
7.12258 
7.180644 
7.212903 
7.267741 
7.277419 
7.529031 
7.812902 
8.083869 
8.287096 
8.429031 
8.499999 
8.454837 
8.348386 
8.151612 
7.903225 
7.599999 
7.306451 
7.012902 
6.774193 
6.635483 
6.729032 
6.812902 
6.896773 
6.951612 
7.048386 
7.109676 
7.129032 
7.22258 
7.251612 
7.28387 
7.312902 
7.32258 
7.358064 
7.377418 
7.393548 
7.425806 
7.429031 
7.44516 
7.464515 
7.458064 
7.480644 
7.525805 
7.835483 
8.093547 
8.219354 
8.132257 
7.877418 
7.52258 
7.238709 
7.216128 
7.248386 
7.274193 
7.329031 
7.341935 
7.367741 
7.374193 
6.864515 
7.251612 
10.55483 
12.85483 
9.167741 
6.070967 
6.077418 
6.625806 
6.696774 
6.78387 
6.890322 
6.964515 
7.032257 
7.087096 
7.148386 
7.190322 
7.232257 
7.290322 
7.393548 
7.703225 
7.980644 
8.212903 
8.374193 
8.448386 
8.477418 
8.396773 
8.216128 
7.990322 
7.729032 
7.432257 
7.135483 
6.880644 
6.670967 
6.690322 
6.777419 
6.877418 
6.94516 
7.019354 
7.090322 
7.141935 
7.174193 
7.232257 
7.258064 
7.306451 
7.332257 
7.354838 
7.370967 
7.399999 
7.419354 
7.432257 
7.435483 
7.461289 
7.464515 
7.477418 
7.503225 
7.716128 
7.996773 
8.187096 
8.180644 
7.974193 
7.66129 
7.34516 
7.177419 
7.22258 
7.264515 
7.299999 
7.316128 
7.34516 
7.377418 
7.18387 
6.619354 
8.94516 
12.63548 
10.97419 
6.806451 
5.880644 
6.493547 
6.674193 
6.774193 
6.867741 
6.932257 
7.003225 
7.051612 
7.119354 
7.167741 
7.22258 
7.254838 
7.28387 
7.570967 
7.861289 
8.112902 
8.299999 
8.448386 
8.516128 
8.44516 
8.32258 
8.119354 
7.877418 
7.558063 
7.264515 
7.003225 
6.751612 
6.645161 
6.748386 
6.819354 
6.919354 
6.993547 
7.058063 
7.119354 
7.174193 
7.22258 
7.258064 
7.280644 
7.309677 
7.32258 
7.364515 
7.38387 
7.399999 
7.438709 
7.432257 
7.458064 
7.461289 
7.432257 
7.490322 
7.577418 
7.870967 
8.109676 
8.196773 
8.106451 
7.825806 
7.487096 
7.196774 
7.216128 
7.26129 
7.280644 
7.299999 
7.34516 
7.351612 
7.38387 
6.770967 
7.506451 
11.04193 
12.61612 
8.68387 
5.999999 
6.148386 
6.635483 
6.738709 
6.809677 
6.912902 
6.987096 
7.04516 
7.103225 
7.154838 
7.203225 
7.238709 
7.270967 
7.419354 
7.729032 
7.990322 
8.238709 
8.399999 
8.477418 
8.474192 
8.358063 
8.229031 
7.967741 
7.309677 
7.04516 
6.793548 
6.629032 
6.716128 
6.806451 
6.890322 
6.974193 
7.054838 
7.106451 
7.154838 
7.193548 
7.245161 
7.264515 
7.303225 
7.34516 
7.364515 
7.390322 
7.387096 
7.432257 
7.435483 
7.438709 
7.464515 
7.470967 
7.470967 
7.503225 
7.812902 
8.067741 
8.212903 
8.116127 
7.896773 
7.558063 
7.235483 
7.193548 
7.241935 
7.270967 
7.306451 
7.325806 
7.361289 
7.374193 
6.88387 
7.090322 
10.37096 
12.93548 
9.367741 
6.093547 
6.025805 
6.590322 
6.693548 
6.793548 
6.887096 
6.958064 
7.02258 
7.090322 
7.135483 
7.177419 
7.238709 
7.267741 
7.399999 
7.687096 
7.970967 
8.219354 
8.377418 
8.490322 
8.490322 
8.406451 
8.251612 
8.009676 
7.732257 
7.438709 
7.138709 
6.880644 
6.670967 
6.677419 
6.803225 
6.877418 
6.932257 
7.025805 
7.087096 
7.135483 
7.174193 
7.219354 
7.267741 
7.303225 
7.341935 
7.370967 
7.380644 
7.374193 
7.416128 
7.435483 
7.44516 
7.467741 
7.470967 
7.464515 
7.496773 
7.716128 
7.954838 
8.18387 
8.180644 
8.012902 
7.703225 
7.348386 
7.170967 
7.22258 
7.267741 
7.303225 
7.332257 
7.361289 
7.387096 
7.219354 
6.619354 
8.858063 
12.6129 
11.06451 
6.861289 
5.864515 
6.499999 
6.664515 
6.774193 
6.854838 
6.935483 
7.025805 
7.074193 
7.141935 
7.174193 
7.212903 
7.254838 
7.299999 
7.574193 
7.867741 
8.116127 
8.32258 
8.432257 
8.496773 
8.441934 
8.319354 
8.116127 
7.861289 
7.554838 
7.267741 
6.996773 
6.741935 
6.635483 
6.748386 
6.829031 
6.919354 
7.009676 
7.061289 
7.116128 
7.177419 
7.206451 
7.241935 
7.28387 
7.309677 
7.34516 
7.341935 
7.38387 
7.412902 
7.429031 
7.425806 
7.441935 
7.451612 
7.464515 
7.487096 
7.558063 
7.864515 
8.109676 
8.216128 
8.112902 
7.829031 
7.516128 
7.199999 
7.235483 
7.251612 
7.290322 
7.32258 
7.341935 
7.364515 
7.348386 
6.76129 
7.470967 
10.97419 
12.62903 
8.696773 
5.996773 
6.151612 
6.616128 
6.729032 
6.812902 
6.887096 
6.977418 
7.051612 
7.109676 
7.16129 
7.190322 
7.264515 
7.270967 
7.399999 
7.741935 
7.999999 
8.219354 
8.390321 
8.461289 
8.477418 
8.377418 
8.212903 
7.970967 
7.687096 
7.396773 
7.103225 
6.84516 
6.651612 
6.699999 
6.78387 
6.887096 
6.964515 
7.035483 
7.090322 
7.154838 
7.193548 
7.232257 
7.251612 
7.306451 
7.34516 
7.341935 
7.390322 
7.38387 
7.399999 
7.451612 
7.44516 
7.451612 
7.454838 
7.474193 
7.48387 
7.719354 
8.019353 
8.193548 
8.174193 
7.970967 
7.654838 
7.312902 
7.18387 
7.241935 
7.26129 
7.303225 
7.293548 
7.354838 
7.370967 
7.148386 
6.667741 
12.98709 
9.525805 
6.138709 
6.019354 
6.541934 
6.709677 
6.796773 
6.899999 
6.961289 
7.032257 
7.08387 
7.145161 
7.187096 
7.22258 
7.254838 
7.367741 
7.68387 
7.961289 
8.193548 
8.380644 
8.474192 
8.48387 
8.409676 
8.241934 
8.019353 
7.758064 
7.464515 
7.148386 
6.893548 
6.68387 
6.690322 
6.780644 
6.848386 
6.94516 
7.012902 
7.070967 
7.135483 
7.177419 
7.225806 
7.254838 
7.28387 
7.341935 
7.354838 
7.374193 
7.387096 
7.409677 
7.432257 
7.448386 
7.461289 
7.474193 
7.451612 
7.490322 
7.674193 
7.970967 
8.177418 
8.196773 
8.041934 
7.706451 
7.390322 
7.187096 
7.229032 
7.251612 
7.303225 
7.312902 
7.351612 
7.370967 
7.264515 
6.606451 
8.570966 
12.35483 
11.40322 
7.12258 
5.861289 
6.441935 
6.641935 
6.777419 
6.851612 
6.916128 
6.993547 
7.064515 
7.116128 
7.190322 
7.209677 
7.251612 
7.274193 
7.535483 
7.838709 
8.093547 
8.299999 
8.451612 
8.496773 
8.461289 
8.341935 
8.135483 
7.870967 
7.570967 
7.287096 
7.029031 
6.774193 
6.632257 
6.735483 
6.819354 
6.92258 
6.993547 
7.054838 
7.109676 
7.16129 
7.209677 
7.245161 
7.290322 
7.299999 
7.325806 
7.364515 
7.387096 
7.396773 
7.412902 
7.458064 
7.451612 
7.435483 
7.477418 
7.490322 
7.54516 
7.84516 
8.106451 
8.209676 
8.119354 
7.870967 
7.52258 
7.216128 
7.170967 
7.258064 
7.303225 
7.319354 
7.348386 
7.370967 
7.367741 
6.806451 
7.312902 
10.71935 
12.78387 
8.974192 
6.032257 
6.093547 
6.612903 
6.709677 
6.809677 
6.899999 
6.967741 
7.038709 
7.074193 
7.145161 
7.177419 
7.235483 
7.267741 
7.42258 
7.703225 
7.98387 
8.232257 
8.396773 
8.470967 
8.477418 
8.393548 
8.225806 
8.003225 
7.712903 
7.416128 
7.106451 
6.854838 
6.664515 
6.696774 
6.790322 
6.877418 
6.94516 
7.019354 
7.077418 
7.158064 
7.18387 
7.229032 
7.267741 
7.299999 
7.325806 
7.354838 
7.367741 
7.409677 
7.416128 
7.441935 
7.458064 
7.458064 
7.464515 
7.48387 
7.474193 
7.712903 
8.009676 
8.190321 
8.174193 
7.98387 
7.670967 
7.351612 
7.18387 
7.22258 
7.28387 
7.380644 
7.325806 
7.358064 
7.374193 
7.190322 
6.629032 
8.967741 
12.65806 
10.90322 
6.738709 
5.864515 
6.499999 
6.680644 
6.764515 
6.854838 
6.94516 
7.006451 
7.074193 
7.12258 
7.180644 
7.216128 
7.245161 
7.299999 
7.558063 
7.851612 
8.116127 
8.32258 
8.451612 
8.48387 
8.441934 
8.312902 
8.122579 
7.841935 
7.570967 
7.254838 
6.974193 
6.748386 
6.645161 
6.758064 
6.825806 
6.916128 
6.987096 
7.064515 
7.12258 
7.167741 
7.209677 
7.245161 
7.270967 
7.309677 
7.370967 
7.403225 
7.416128 
7.438709 
7.44516 
7.451612 
7.470967 
7.487096 
7.480644 
7.654838 
7.935483 
8.18387 
8.212903 
8.02258 
7.741935 
7.399999 
7.174193 
7.219354 
7.270967 
7.296773 
7.335483 
7.361289 
7.387096 
7.303225 
6.619354 
8.264515 
12.09999 
11.73225 
7.451612 
5.880644 
6.367741 
6.648386 
6.76129 
6.848386 
6.92258 
6.980644 
7.064515 
7.116128 
7.158064 
7.219354 
7.254838 
7.277419 
7.509676 
7.812902 
8.083869 
8.280644 
8.425806 
8.480644 
8.458064 
8.338708 
8.158063 
7.896773 
7.606451 
7.306451 
7.025805 
6.777419 
6.632257 
6.745161 
6.812902 
6.912902 
6.964515 
7.058063 
7.106451 
7.154838 
7.203225 
7.229032 
7.290322 
7.309677 
7.332257 
7.354838 
7.380644 
7.399999 
7.409677 
7.44516 
7.458064 
7.464515 
7.477418 
7.490322 
7.529031 
7.832257 
8.096773 
8.209676 
8.122579 
7.880644 
7.548386 
7.232257 
7.203225 
7.251612 
7.287096 
7.319354 
7.306451 
7.329031 
7.380644 
6.851612 
7.177419 
10.52903 
12.90322 
9.209676 
6.070967 
6.067741 
6.612903 
6.709677 
6.806451 
6.896773 
6.964515 
7.032257 
7.093547 
7.129032 
7.190322 
7.235483 
7.274193 
7.409677 
7.699999 
7.980644 
8.212903 
8.387096 
8.490322 
8.474192 
8.38387 
8.232257 
8.009676 
7.741935 
7.435483 
7.141935 
6.861289 
6.677419 
6.690322 
6.796773 
6.877418 
6.964515 
7.029031 
7.064515 
7.112902 
7.177419 
7.216128 
7.26129 
7.299999 
7.325806 
7.354838 
7.393548 
7.399999 
7.419354 
7.435483 
7.464515 
7.454838 
7.461289 
7.470967 
7.48387 
7.706451 
7.996773 
8.193548 
8.193548 
7.996773 
7.664515 
7.348386 
7.196774 
7.238709 
7.274193 
7.303225 
7.338709 
7.364515 
7.38387 
7.190322 
6.616128 
9.00645 
12.68386 
10.90645 
6.748386 
5.867741 
6.512902 
6.664515 
6.78387 
6.858064 
6.948386 
7.009676 
7.067741 
7.119354 
7.167741 
7.219354 
7.258064 
7.306451 
7.58387 
7.867741 
8.125805 
8.325805 
8.454837 
8.503225 
8.451612 
8.299999 
8.106451 
7.841935 
7.541934 
7.251612 
6.987096 
6.748386 
6.658064 
6.735483 
6.832257 
6.92258 
6.993547 
7.070967 
7.109676 
7.174193 
7.209677 
7.251612 
7.28387 
7.319354 
7.351612 
7.387096 
7.390322 
7.419354 
7.448386 
7.438709 
7.44516 
7.470967 
7.464515 
7.474193 
7.593547 
7.880644 
8.112902 
8.212903 
8.106451 
7.819354 
7.480644 
7.190322 
7.196774 
7.254838 
7.287096 
7.319354 
7.338709 
7.364515 
7.358064 
6.716128 
7.658064 
11.30322 
12.41935 
8.335483 
5.94516 
6.229032 
6.629032 
6.712903 
6.819354 
6.906451 
6.980644 
7.035483 
7.093547 
7.154838 
7.180644 
7.238709 
7.270967 
7.832257 
8.080644 
8.287096 
8.429031 
8.490322 
8.44516 
8.34516 
8.138709 
7.896773 
7.599999 
7.299999 
7.019354 
6.780644 
6.629032 
6.72258 
6.82258 
6.903225 
6.980644 
7.04516 
7.103225 
7.158064 
7.187096 
7.241935 
7.277419 
7.303225 
7.34516 
7.364515 
7.38387 
7.412902 
7.42258 
7.441935 
7.458064 
7.474193 
7.490322 
7.487096 
7.535483 
7.832257 
8.090321 
8.229031 
8.132257 
7.880644 
7.538709 
7.225806 
7.219354 
7.238709 
7.290322 
7.319354 
7.325806 
7.364515 
7.377418 
6.832257 
7.238709 
10.64516 
12.83225 
9.064515 
6.074193 
6.080644 
6.625806 
6.729032 
6.812902 
6.909677 
6.970967 
7.04516 
7.103225 
7.132257 
7.193548 
7.229032 
7.270967 
7.403225 
7.706451 
7.974193 
8.225806 
8.338708 
8.464515 
8.464515 
8.387096 
8.232257 
7.993547 
7.706451 
7.419354 
7.116128 
6.854838 
6.651612 
6.699999 
6.770967 
6.890322 
6.951612 
7.019354 
7.080644 
7.148386 
7.193548 
7.235483 
7.277419 
7.287096 
7.32258 
7.390322 
7.364515 
7.393548 
7.406451 
7.42258 
7.438709 
7.438709 
7.451612 
7.493547 
7.499999 
7.741935 
8.019353 
8.18387 
8.180644 
7.996773 
7.664515 
7.312902 
7.187096 
7.216128 
7.270967 
7.287096 
7.335483 
7.370967 
7.387096 
7.12258 
6.667741 
9.32258 
12.84193 
10.53225 
6.516128 
5.890322 
6.535483 
6.68387 
6.790322 
6.896773 
6.951612 
7.019354 
7.064515 
7.132257 
7.174193 
7.212903 
7.245161 
7.316128 
7.603225 
7.899999 
8.135483 
8.348386 
8.464515 
8.499999 
8.451612 
8.296773 
8.087096 
7.809677 
7.516128 
7.206451 
6.94516 
6.706451 
6.658064 
6.767741 
6.854838 
6.938709 
6.996773 
7.061289 
7.125806 
7.170967 
7.209677 
7.238709 
7.290322 
7.319354 
7.351612 
7.374193 
7.399999 
7.406451 
7.429031 
7.454838 
7.44516 
7.451612 
7.470967 
7.487096 
7.619354 
7.912902 
8.138709 
8.209676 
8.067741 
7.764515 
7.432257 
7.180644 
7.209677 
7.254838 
7.290322 
7.32258 
7.335483 
7.370967 
7.332257 
6.66129 
8.041934 
11.8129 
12.00967 
7.799999 
5.887096 
6.325806 
6.625806 
6.754838 
6.848386 
6.932257 
6.996773 
7.054838 
7.099999 
7.170967 
7.209677 
7.241935 
7.277419 
7.52258 
7.796773 
8.070966 
8.258064 
8.425806 
8.496773 
8.458064 
8.348386 
8.170967 
7.906451 
7.619354 
7.34516 
7.058063 
6.806451 
6.625806 
6.72258 
6.816128 
6.899999 
6.987096 
7.04516 
7.099999 
7.16129 
7.177419 
7.22258 
7.26129 
7.306451 
7.332257 
7.367741 
7.387096 
7.393548 
7.42258 
7.432257 
7.432257 
7.474193 
7.461289 
7.48387 
7.503225 
7.793548 
8.064515 
8.212903 
8.148386 
7.916128 
7.577418 
7.212903 
7.251612 
7.287096 
7.329031 
7.341935 
7.370967 
7.380644 
6.738709 
7.629032 
11.23548 
12.46128 
8.387096 
5.938709 
6.216128 
6.596773 
6.719354 
6.812902 
6.912902 
6.990322 
7.041934 
7.125806 
7.154838 
7.206451 
7.235483 
7.277419 
7.44516 
7.76129 
8.025805 
8.245161 
8.406451 
8.496773 
8.461289 
8.377418 
8.187096 
7.964515 
7.677419 
7.377418 
7.077418 
6.838709 
6.641935 
6.696774 
6.803225 
6.893548 
6.958064 
7.041934 
7.096773 
7.145161 
7.187096 
7.248386 
7.267741 
7.316128 
7.329031 
7.361289 
7.374193 
7.393548 
7.435483 
7.438709 
7.451612 
7.474193 
7.477418 
7.48387 
7.493547 
7.787096 
8.041934 
8.209676 
8.158063 
7.935483 
7.596773 
7.290322 
7.203225 
7.248386 
7.264515 
7.312902 
7.319354 
7.361289 
7.38387 
6.98387 
6.851612 
9.864515 
12.99999 
9.890321 
6.26129 
5.958064 
6.577418 
6.687096 
6.806451 
6.887096 
6.954838 
7.025805 
7.096773 
7.129032 
7.187096 
7.219354 
7.270967 
7.380644 
7.664515 
7.909677 
8.174193 
8.367741 
8.464515 
8.503225 
8.412902 
8.258064 
8.04516 
7.780644 
7.470967 
7.22258 
6.919354 
6.706451 
6.670967 
6.774193 
6.864515 
6.941935 
7.016128 
7.080644 
7.129032 
7.164515 
7.22258 
7.251612 
7.287096 
7.306451 
7.361289 
7.358064 
7.316128 
7.412902 
7.412902 
7.458064 
7.458064 
7.464515 
7.467741 
7.493547 
7.654838 
7.951612 
8.164515 
8.167741 
8.035483 
7.729032 
7.38387 
7.203225 
7.203225 
7.238709 
7.28387 
7.316128 
7.348386 
7.387096 
7.267741 
6.609677 
8.438709 
12.25806 
11.5129 
7.277419 
5.88387 
6.419354 
6.651612 
6.767741 
6.84516 
6.938709 
6.993547 
7.064515 
7.109676 
7.167741 
7.209677 
7.248386 
7.290322 
7.532257 
7.825806 
8.087096 
8.290322 
8.438709 
8.490322 
8.464515 
8.348386 
8.138709 
7.88387 
7.580644 
7.28387 
7.019354 
6.787096 
6.635483 
6.748386 
6.832257 
6.92258 
6.977418 
7.054838 
7.119354 
7.16129 
7.209677 
7.241935 
7.277419 
7.299999 
7.338709 
7.354838 
7.387096 
7.406451 
7.435483 
7.438709 
7.451612 
7.458064 
7.477418 
7.464515 
7.535483 
7.82258 
8.099999 
8.222579 
8.122579 
7.867741 
7.525805 
7.22258 
7.206451 
7.26129 
7.287096 
7.306451 
7.341935 
7.361289 
7.393548 
6.82258 
7.290322 
10.68387 
12.80967 
9.016128 
6.04516 
6.103225 
6.62258 
6.716128 
6.816128 
6.916128 
6.964515 
7.032257 
7.080644 
7.145161 
7.174193 
7.229032 
7.267741 
7.409677 
7.709677 
7.999999 
8.241934 
8.399999 
8.490322 
8.480644 
8.377418 
8.212903 
7.996773 
7.716128 
7.42258 
7.135483 
6.880644 
6.658064 
6.670967 
6.78387 
6.980644 
7.02258 
7.112902 
7.141935 
7.196774 
7.251612 
7.277419 
7.309677 
7.28387 
7.367741 
7.38387 
7.396773 
7.416128 
7.409677 
7.451612 
7.461289 
7.48387 
7.474193 
7.496773 
7.767741 
8.061289 
8.212903 
8.135483 
7.903225 
7.58387 
7.270967 
7.206451 
7.225806 
7.277419 
7.312902 
7.348386 
7.380644 
7.387096 
6.941935 
6.961289 
10.08386 
12.97741 
9.664515 
6.170967 
6.003225 
6.593547 
6.703225 
6.790322 
6.893548 
6.951612 
7.029031 
7.074193 
7.138709 
7.193548 
7.216128 
7.258064 
7.38387 
7.670967 
7.954838 
8.203225 
8.370966 
8.474192 
8.48387 
8.409676 
8.261289 
8.029031 
7.770967 
7.461289 
7.170967 
6.887096 
6.68387 
6.664515 
6.78387 
6.864515 
6.935483 
7.019354 
7.077418 
7.132257 
7.18387 
7.229032 
7.264515 
7.290322 
7.332257 
7.335483 
7.387096 
7.390322 
7.396773 
7.425806 
7.438709 
7.451612 
7.464515 
7.470967 
7.48387 
7.667741 
7.958064 
8.158063 
8.193548 
8.019353 
7.712903 
7.364515 
7.193548 
7.219354 
7.258064 
7.293548 
7.316128 
7.358064 
7.370967 
7.267741 
6.609677 
8.658063 
12.45806 
11.27741 
7.038709 
5.864515 
6.458064 
6.66129 
6.767741 
6.858064 
6.929031 
7.006451 
7.058063 
7.116128 
7.167741 
7.203225 
7.258064 
7.280644 
7.548386 
7.835483 
8.106451 
8.316128 
8.44516 
8.490322 
8.470967 
8.325805 
8.125805 
7.874193 