
6.964515 
7.041934 
7.090322 
7.148386 
7.190322 
7.209677 
7.280644 
7.299999 
7.306451 
7.374193 
7.377418 
7.393548 
7.412902 
7.425806 
7.461289 
7.451612 
7.461289 
7.461289 
7.529031 
7.832257 
8.067741 
8.216128 
8.129031 
7.88387 
7.54516 
7.241935 
7.22258 
7.245161 
7.287096 
7.309677 
7.341935 
7.358064 
7.364515 
6.864515 
7.174193 
10.48709 
12.88709 
9.238709 
6.093547 
6.077418 
6.612903 
6.706451 
6.812902 
6.903225 
6.964515 
7.029031 
7.106451 
7.141935 
7.190322 
7.235483 
7.277419 
7.409677 
7.699999 
7.993547 
8.225806 
8.380644 
8.474192 
8.48387 
8.399999 
8.251612 
8.012902 
7.748386 
7.451612 
7.138709 
6.887096 
6.687096 
6.699999 
6.796773 
6.867741 
6.935483 
7.019354 
7.08387 
7.12258 
7.187096 
7.235483 
7.264515 
7.290322 
7.32258 
7.374193 
7.377418 
7.387096 
7.416128 
7.432257 
7.435483 
7.458064 
7.464515 
7.477418 
7.487096 
7.709677 
7.996773 
8.170967 
8.177418 
7.993547 
7.690322 
7.354838 
7.18387 
7.238709 
7.280644 
7.303225 
7.329031 
7.351612 
7.390322 
7.18387 
6.619354 
8.961289 
12.67419 
10.9129 
6.767741 
5.896773 
6.529031 
6.68387 
6.787096 
6.864515 
6.941935 
7.029031 
7.080644 
7.132257 
7.18387 
7.232257 
7.254838 
7.290322 
7.580644 
7.864515 
8.132257 
8.30645 
8.470967 
8.509676 
8.451612 
8.303225 
8.116127 
7.851612 
7.54516 
7.264515 
6.990322 
6.754838 
6.651612 
6.745161 
6.832257 
6.916128 
6.993547 
7.064515 
7.116128 
7.154838 
7.209677 
7.251612 
7.290322 
7.306451 
7.34516 
7.370967 
7.380644 
7.390322 
7.438709 
7.441935 
7.454838 
7.467741 
7.48387 
7.490322 
7.577418 
7.887096 
8.119354 
8.222579 
8.106451 
7.82258 
7.480644 
7.190322 
7.238709 
7.258064 
7.28387 
7.329031 
7.332257 
7.358064 
7.364515 
6.735483 
7.645161 
11.26451 
12.45483 
8.390321 
5.964515 
6.22258 
6.687096 
6.738709 
6.838709 
6.909677 
6.980644 
7.054838 
7.112902 
7.148386 
7.216128 
7.245161 
7.267741 
7.467741 
7.745161 
8.02258 
8.238709 
8.406451 
8.470967 
8.48387 
8.377418 
8.206451 
7.958064 
7.687096 
7.387096 
7.093547 
6.838709 
6.641935 
6.709677 
6.803225 
6.88387 
6.954838 
7.035483 
7.080644 
7.132257 
7.190322 
7.235483 
7.274193 
7.287096 
7.354838 
7.377418 
7.403225 
7.425806 
7.441935 
7.458064 
7.461289 
7.480644 
7.477418 
7.54516 
7.838709 
8.090321 
8.193548 
8.122579 
7.874193 
7.532257 
7.216128 
7.209677 
7.241935 
7.287096 
7.319354 
7.354838 
7.348386 
7.390322 
6.82258 
7.303225 
10.70322 
12.80645 
9.012902 
6.04516 
6.103225 
6.62258 
6.725806 
6.806451 
6.893548 
6.954838 
7.032257 
7.08387 
7.148386 
7.209677 
7.251612 
7.267741 
7.406451 
7.703225 
7.970967 
8.225806 
8.377418 
8.477418 
8.493547 
8.403224 
8.225806 
8.016128 
7.735483 
7.432257 
7.141935 
6.877418 
6.68387 
6.703225 
6.790322 
6.870967 
6.951612 
7.032257 
7.077418 
7.119354 
7.18387 
7.229032 
7.26129 
7.293548 
7.338709 
7.367741 
7.370967 
7.390322 
7.432257 
7.42258 
7.412902 
7.458064 
7.474193 
7.496773 
7.480644 
7.706451 
7.996773 
8.187096 
8.177418 
7.993547 
7.680644 
7.335483 
7.193548 
7.235483 
7.251612 
7.319354 
7.335483 
7.358064 
7.387096 
7.180644 
6.62258 
9.02258 
12.69032 
10.88064 
6.738709 
5.906451 
6.509676 
6.687096 
6.790322 
6.838709 
6.94516 
7.019354 
7.070967 
7.125806 
7.177419 
7.225806 
7.267741 
7.287096 
7.577418 
7.887096 
8.125805 
8.32258 
8.458064 
8.496773 
8.44516 
8.309677 
8.116127 
7.851612 
7.551612 
7.270967 
6.987096 
6.754838 
6.658064 
6.764515 
6.838709 
6.925806 
6.990322 
7.061289 
7.099999 
7.151612 
7.203225 
7.258064 
7.299999 
7.325806 
7.358064 
7.367741 
7.38387 
7.399999 
7.419354 
7.448386 
7.441935 
7.461289 
7.470967 
7.48387 
7.58387 
7.877418 
8.122579 
8.203225 
8.103224 
7.803225 
7.48387 
7.190322 
7.196774 
7.238709 
7.287096 
7.329031 
7.335483 
7.370967 
7.364515 
6.732257 
7.609676 
11.23548 
12.48386 
8.419354 
5.954838 
6.238709 
6.603225 
6.748386 
6.832257 
6.919354 
6.987096 
7.051612 
7.109676 
7.174193 
7.206451 
7.248386 
7.277419 
7.451612 
7.748386 
8.029031 
8.251612 
8.432257 
8.467741 
8.467741 
8.390321 
8.206451 
7.951612 
7.677419 
7.380644 
7.08387 
6.832257 
6.716128 
6.706451 
6.803225 
6.890322 
6.958064 
7.04516 
7.106451 
7.129032 
7.206451 
7.229032 
7.258064 
7.296773 
7.332257 
7.354838 
7.374193 
7.403225 
7.435483 
7.435483 
7.458064 
7.448386 
7.48387 
7.48387 
7.493547 
7.754838 
8.032257 
8.199999 
8.158063 
7.948386 
7.625806 
7.299999 
7.196774 
7.238709 
7.26129 
7.32258 
7.351612 
7.354838 
7.374193 
7.058063 
6.764515 
9.638709 
12.95806 
10.18386 
6.370967 
5.938709 
6.551612 
6.706451 
6.816128 
6.893548 
6.967741 
7.019354 
7.080644 
7.135483 
7.187096 
7.206451 
7.264515 
7.703225 
7.964515 
8.229031 
8.393548 
8.474192 
8.48387 
8.403224 
8.193548 
8.016128 
7.712903 
7.425806 
7.129032 
6.874193 
6.670967 
6.641935 
6.796773 
6.893548 
6.941935 
7.019354 
7.12258 
7.151612 
7.18387 
7.212903 
7.274193 
7.287096 
7.332257 
7.354838 
7.374193 
7.393548 
7.399999 
7.409677 
7.451612 
7.464515 
7.470967 
7.496773 
7.509676 
7.699999 
7.990322 
8.209676 
8.187096 
8.003225 
7.651612 
7.332257 
7.203225 
7.229032 
7.277419 
7.299999 
7.341935 
7.367741 
7.374193 
7.154838 
6.629032 
9.158063 
12.75806 
10.68064 
6.616128 
5.893548 
6.538709 
6.703225 
6.793548 
6.858064 
6.954838 
7.019354 
7.070967 
7.12258 
7.174193 
7.209677 
7.264515 
7.306451 
7.58387 
7.896773 
8.151612 
8.335483 
8.461289 
8.496773 
8.448386 
8.30645 
8.112902 
7.838709 
7.535483 
7.251612 
6.961289 
6.735483 
6.658064 
6.764515 
6.854838 
6.948386 
6.999999 
7.064515 
7.129032 
7.164515 
7.22258 
7.245161 
7.287096 
7.312902 
7.338709 
7.377418 
7.38387 
7.393548 
7.425806 
7.44516 
7.458064 
7.458064 
7.464515 
7.477418 
7.609676 
7.909677 
8.141935 
8.219354 
8.103224 
7.812902 
7.454838 
7.177419 
7.225806 
7.26129 
7.299999 
7.329031 
7.354838 
7.377418 
7.338709 
6.680644 
7.861289 
11.58386 
12.19354 
8.054838 
5.912902 
6.287096 
6.629032 
6.745161 
6.838709 
6.919354 
6.993547 
7.048386 
7.116128 
7.145161 
7.206451 
7.245161 
7.280644 
7.477418 
7.78387 
8.048386 
8.254837 
8.425806 
8.477418 
8.470967 
8.377418 
8.18387 
7.938709 
7.651612 
7.364515 
7.08387 
6.829031 
6.629032 
6.706451 
6.819354 
6.893548 
6.977418 
7.041934 
7.096773 
7.151612 
7.193548 
7.248386 
7.293548 
7.309677 
7.325806 
7.34516 
7.364515 
7.393548 
7.396773 
7.441935 
7.438709 
7.441935 
7.467741 
7.490322 
7.506451 
7.796773 
8.061289 
8.212903 
8.116127 
7.941935 
7.58387 
7.258064 
7.196774 
7.251612 
7.290322 
7.319354 
7.351612 
7.361289 
7.387096 
6.948386 
6.977418 
10.1258 
13.00322 
9.677418 
6.203225 
6.012902 
6.58387 
6.703225 
6.806451 
6.880644 
6.980644 
7.038709 
7.093547 
7.129032 
7.18387 
7.22258 
7.270967 
7.364515 
7.670967 
7.94516 
8.199999 
8.374193 
8.477418 
8.496773 
8.412902 
8.254837 
8.032257 
7.767741 
7.480644 
7.170967 
6.912902 
6.709677 
6.677419 
6.799999 
6.88387 
6.935483 
7.006451 
7.058063 
7.132257 
7.18387 
7.229032 
7.245161 
7.296773 
7.316128 
7.341935 
7.370967 
7.399999 
7.412902 
7.432257 
7.441935 
7.451612 
7.461289 
7.458064 
7.48387 
7.677419 
7.967741 
8.167741 
8.190321 
8.035483 
7.716128 
7.196774 
7.235483 
7.28387 
7.312902 
7.32258 
7.370967 
7.351612 
7.087096 
6.738709 
9.54516 
12.9129 
10.3387 
6.448386 
5.932257 
6.574193 
6.703225 
6.799999 
6.880644 
6.954838 
7.019354 
7.090322 
7.141935 
7.174193 
7.229032 
7.267741 
7.319354 
7.629032 
7.890322 
8.164515 
8.34516 
8.470967 
8.509676 
8.429031 
8.274192 
8.070966 
7.806451 
7.509676 
7.206451 
6.948386 
6.703225 
6.674193 
6.78387 
6.851612 
6.938709 
7.02258 
7.074193 
7.125806 
7.174193 
7.212903 
7.248386 
7.293548 
7.319354 
7.338709 
7.354838 
7.390322 
7.403225 
7.425806 
7.451612 
7.461289 
7.464515 
7.48387 
7.470967 
7.632257 
7.925806 
8.141935 
8.203225 
8.070966 
7.774193 
7.425806 
7.193548 
7.216128 
7.251612 
7.290322 
7.32258 
7.361289 
7.374193 
7.325806 
6.648386 
8.054838 
11.84838 
11.97096 
7.729032 
5.893548 
6.34516 
6.641935 
6.758064 
6.84516 
6.92258 
7.012902 
7.074193 
7.129032 
7.174193 
7.212903 
7.248386 
7.280644 
7.499999 
7.796773 
8.074193 
8.274192 
8.432257 
8.490322 
8.464515 
8.377418 
8.170967 
7.932257 
7.629032 
7.338709 
7.04516 
6.803225 
6.632257 
6.729032 
6.816128 
6.896773 
6.98387 
7.048386 
7.109676 
7.148386 
7.187096 
7.180644 
7.270967 
7.299999 
7.329031 
7.351612 
7.377418 
7.399999 
7.416128 
7.435483 
7.454838 
7.48387 
7.477418 
7.493547 
7.506451 
7.799999 
8.074193 
8.222579 
8.135483 
7.906451 
7.554838 
7.258064 
7.229032 
7.254838 
7.280644 
7.312902 
7.338709 
7.361289 
7.399999 
6.916128 
7.093547 
10.3258 
12.94516 
9.403224 
6.129032 
6.038709 
6.616128 
6.712903 
6.799999 
6.893548 
6.970967 
7.032257 
7.096773 
7.141935 
7.174193 
7.232257 
7.270967 
7.380644 
7.677419 
7.954838 
8.216128 
8.38387 
8.474192 
8.496773 
8.393548 
8.248386 
8.00645 
7.751612 
7.451612 
7.145161 
6.893548 
6.696774 
6.709677 
6.793548 
6.858064 
6.941935 
7.02258 
7.077418 
7.148386 
7.18387 
7.219354 
7.26129 
7.296773 
7.325806 
7.351612 
7.374193 
7.387096 
7.432257 
7.412902 
7.438709 
7.464515 
7.474193 
7.48387 
7.48387 
7.68387 
7.974193 
8.190321 
8.193548 
8.019353 
7.703225 
7.361289 
7.187096 
7.216128 
7.26129 
7.287096 
7.34516 
7.348386 
7.374193 
7.245161 
6.599999 
8.748386 
12.51612 
11.16774 
6.935483 
5.874193 
6.467741 
6.670967 
6.78387 
6.858064 
6.929031 
7.019354 
7.067741 
7.112902 
7.18387 
7.206451 
7.264515 
7.287096 
7.551612 
7.858064 
8.116127 
8.32258 
8.441934 
8.503225 
8.44516 
8.316128 
8.119354 
7.864515 
7.561289 
7.264515 
7.006451 
6.758064 
6.638709 
6.748386 
6.929031 
6.993547 
7.080644 
7.135483 
7.177419 
7.219354 
7.264515 
7.287096 
7.319354 
7.338709 
7.380644 
7.393548 
7.403225 
7.441935 
7.441935 
7.461289 
7.458064 
7.470967 
7.496773 
7.638709 
7.954838 
8.167741 
8.203225 
8.032257 
7.793548 
7.399999 
7.187096 
7.22258 
7.248386 
7.293548 
7.319354 
7.351612 
7.332257 
7.303225 
6.632257 
8.28387 
12.08386 
11.73225 
7.44516 
5.864515 
6.38387 
6.664515 
6.774193 
6.854838 
6.935483 
6.990322 
7.064515 
7.116128 
7.154838 
7.203225 
7.248386 
7.290322 
7.509676 
7.806451 
8.048386 
8.248386 
8.422579 
8.490322 
8.454837 
8.332257 
8.16129 
7.903225 
7.609676 
7.316128 
7.041934 
6.796773 
6.693548 
6.719354 
6.825806 
6.916128 
6.977418 
7.054838 
7.109676 
7.145161 
7.203225 
7.232257 
7.287096 
7.293548 
7.329031 
7.374193 
7.399999 
7.416128 
7.441935 
7.438709 
7.454838 
7.470967 
7.480644 
7.496773 
7.52258 
7.82258 
8.083869 
8.206451 
8.125805 
7.890322 
7.558063 
7.241935 
7.212903 
7.254838 
7.264515 
7.32258 
7.351612 
7.380644 
7.377418 
6.864515 
7.18387 
10.48709 
12.92257 
9.270967 
6.109677 
6.074193 
6.58387 
6.725806 
6.806451 
6.903225 
6.967741 
7.035483 
7.096773 
7.132257 
7.18387 
7.216128 
7.26129 
7.393548 
7.693548 
7.970967 
8.199999 
8.380644 
8.474192 
8.496773 
8.409676 
8.245161 
8.00645 
7.745161 
7.464515 
7.16129 
6.890322 
6.68387 
6.687096 
6.780644 
6.864515 
6.954838 
7.019354 
7.070967 
7.12258 
7.193548 
7.219354 
7.258064 
7.287096 
7.319354 
7.341935 
7.377418 
7.390322 
7.403225 
7.406451 
7.441935 
7.432257 
7.467741 
7.467741 
7.490322 
7.703225 
7.996773 
8.187096 
8.196773 
8.00645 
7.690322 
7.348386 
7.187096 
7.229032 
7.277419 
7.290322 
7.341935 
7.354838 
7.367741 
7.212903 
6.590322 
8.877418 
12.61935 
11.02257 
6.806451 
5.887096 
6.516128 
6.677419 
6.78387 
6.864515 
6.94516 
7.019354 
7.087096 
7.135483 
7.177419 
7.209677 
7.245161 
7.287096 
7.580644 
7.861289 
8.125805 
8.30645 
8.458064 
8.503225 
8.448386 
8.299999 
8.122579 
7.854838 
7.551612 
7.264515 
6.999999 
6.754838 
6.667741 
6.748386 
6.851612 
6.941935 
6.996773 
7.054838 
7.106451 
7.177419 
7.216128 
7.22258 
7.270967 
7.319354 
7.329031 
7.351612 
7.380644 
7.412902 
7.425806 
7.44516 
7.458064 
7.474193 
7.464515 
7.477418 
7.570967 
7.887096 
8.109676 
8.199999 
8.099999 
7.803225 
7.474193 
7.193548 
7.22258 
7.258064 
7.296773 
7.325806 
7.354838 
7.367741 
7.370967 
6.712903 
7.699999 
11.35483 
12.39677 
8.280644 
5.935483 
6.258064 
6.641935 
6.848386 
6.932257 
7.003225 
7.067741 
7.119354 
7.16129 
7.229032 
7.254838 
7.287096 
7.541934 
7.835483 
8.096773 
8.293547 
8.438709 
8.50645 
8.448386 
8.341935 
8.125805 
7.887096 
7.590322 
7.293548 
7.029031 
6.780644 
6.632257 
6.741935 
6.819354 
6.92258 
6.964515 
7.041934 
7.099999 
7.145161 
7.209677 
7.238709 
7.277419 
7.299999 
7.338709 
7.364515 
7.390322 
7.399999 
7.432257 
7.44516 
7.441935 
7.464515 
7.461289 
7.467741 
7.548386 
7.851612 
8.090321 
8.190321 
8.125805 
7.84516 
7.519354 
7.206451 
7.212903 
7.264515 
7.28387 
7.316128 
7.364515 
7.354838 
7.374193 
6.796773 
7.351612 
10.79999 
12.75483 
8.916128 
6.041934 
6.132257 
6.609677 
6.703225 
6.799999 
6.890322 
6.98387 
7.029031 
7.093547 
7.138709 
7.190322 
7.229032 
7.270967 
7.425806 
7.709677 
7.974193 
8.219354 
8.490322 
8.480644 
8.487095 
8.399999 
8.238709 
7.993547 
7.712903 
7.419354 
7.119354 
6.858064 
6.658064 
6.709677 
6.796773 
6.877418 
6.951612 
7.04516 
7.08387 
7.151612 
7.174193 
7.225806 
7.267741 
7.287096 
7.306451 
7.34516 
7.367741 
7.393548 
7.409677 
7.42258 
7.451612 
7.44516 
7.477418 
7.48387 
7.506451 
7.729032 
7.999999 
8.187096 
8.18387 
7.987096 
7.674193 
7.338709 
7.196774 
7.245161 
7.270967 
7.316128 
7.335483 
7.354838 
7.374193 
7.158064 
6.635483 
9.180644 
12.79354 
10.67419 
6.596773 
5.899999 
6.558063 
6.703225 
6.799999 
6.890322 
6.948386 
7.02258 
7.070967 
7.138709 
7.190322 
7.22258 
7.254838 
7.316128 
7.603225 
7.903225 
8.132257 
8.335483 
8.464515 
8.499999 
8.44516 
8.303225 
8.080644 
7.835483 
7.529031 
7.232257 
6.990322 
6.732257 
6.658064 
6.78387 
6.851612 
6.932257 
6.999999 
7.061289 
7.099999 
7.16129 
7.180644 
7.245161 
7.270967 
7.309677 
7.341935 
7.377418 
7.380644 
7.406451 
7.412902 
7.429031 
7.458064 
7.474193 
7.480644 
7.48387 
7.596773 
7.899999 
8.132257 
8.216128 
8.090321 
7.796773 
7.458064 
7.196774 
7.22258 
7.26129 
7.296773 
7.309677 
7.354838 
7.370967 
7.367741 
6.709677 
7.76129 
11.42903 
12.31612 
8.196773 
5.932257 
6.28387 
6.645161 
6.748386 
6.84516 
6.899999 
6.993547 
7.058063 
7.125806 
7.16129 
7.203225 
7.235483 
7.287096 
7.44516 
7.738709 
8.019353 
8.248386 
8.403224 
8.490322 
8.470967 
8.364515 
8.190321 
7.94516 
7.674193 
7.377418 
7.080644 
6.832257 
6.629032 
6.719354 
6.787096 
6.880644 
6.961289 
7.041934 
7.103225 
7.151612 
7.196774 
7.225806 
7.270967 
7.309677 
7.348386 
7.354838 
7.377418 
7.409677 
7.409677 
7.419354 
7.451612 
7.477418 
7.474193 
7.554838 
7.848386 
8.099999 
8.203225 
8.125805 
7.858064 
7.509676 
7.22258 
7.22258 
7.26129 
7.299999 
7.332257 
7.364515 
7.361289 
7.377418 
6.806451 
7.341935 
10.76128 
12.75483 
8.938709 
6.035483 
6.125806 
6.62258 
6.732257 
6.816128 
6.890322 
6.964515 
7.02258 
7.090322 
7.141935 
7.196774 
7.238709 
7.280644 
7.403225 
7.719354 
7.990322 
8.225806 
8.38387 
8.477418 
8.50645 
8.396773 
8.235483 
7.993547 
7.732257 
7.419354 
7.135483 
6.880644 
6.664515 
6.706451 
6.790322 
6.870967 
6.948386 
7.032257 
7.08387 
7.141935 
7.177419 
7.219354 
7.270967 
7.299999 
7.32258 
7.354838 
7.387096 
7.399999 
7.419354 
7.432257 
7.451612 
7.464515 
7.461289 
7.474193 
7.487096 
7.735483 
8.029031 
8.18387 
8.187096 
7.990322 
7.670967 
7.325806 
7.193548 
7.241935 
7.287096 
7.316128 
7.335483 
7.354838 
7.38387 
7.164515 
6.648386 
9.187096 
12.79677 
10.64516 
6.599999 
5.887096 
6.54516 
6.68387 
6.770967 
6.867741 
6.935483 
6.990322 
7.064515 
7.116128 
7.167741 
7.206451 
7.238709 
7.306451 
7.603225 
7.887096 
8.119354 
8.341935 
8.458064 
8.512902 
8.454837 
8.316128 
8.083869 
7.829031 
7.532257 
7.216128 
6.967741 
6.735483 
6.651612 
6.754838 
6.854838 
6.919354 
6.996773 
7.061289 
7.12258 
7.174193 
7.209677 
7.245161 
7.28387 
7.329031 
7.367741 
7.377418 
7.393548 
7.425806 
7.409677 
7.441935 
7.467741 
7.467741 
7.470967 
7.487096 
7.609676 
7.899999 
8.14516 
8.216128 
8.093547 
7.790322 
7.441935 
7.190322 
7.241935 
7.254838 
7.296773 
7.312902 
7.348386 
7.367741 
7.34516 
6.699999 
7.854838 
11.56774 
12.22257 
8.04516 
5.929031 
6.270967 
6.648386 
6.751612 
6.838709 
6.912902 
6.964515 
7.051612 
7.106451 
7.154838 
7.196774 
7.238709 
7.232257 
7.467741 
7.764515 
8.04516 
8.251612 
8.406451 
8.503225 
8.467741 
8.374193 
8.174193 
7.938709 
7.667741 
7.367741 
7.080644 
6.819354 
6.651612 
6.716128 
6.819354 
6.899999 
6.977418 
7.041934 
7.093547 
7.135483 
7.209677 
7.235483 
7.274193 
7.306451 
7.329031 
7.370967 
7.377418 
7.399999 
7.438709 
7.441935 
7.454838 
7.461289 
7.48387 
7.480644 
7.496773 
7.774193 
8.067741 
8.219354 
8.148386 
7.935483 
7.590322 
7.28387 
7.225806 
7.258064 
7.293548 
7.312902 
7.338709 
7.380644 
7.38387 
6.980644 
6.903225 
10.0258 
13.00322 
9.787096 
6.245161 
5.993547 
6.593547 
6.716128 
6.803225 
6.880644 
6.941935 
7.029031 
7.090322 
7.141935 
7.199999 
7.238709 
7.270967 
7.358064 
7.677419 
7.938709 
8.190321 
8.367741 
8.477418 
8.503225 
8.225806 
7.980644 
7.706451 
7.406451 
7.090322 
6.854838 
6.645161 
6.709677 
6.803225 
6.899999 
6.961289 
7.035483 
7.087096 
7.164515 
7.180644 
7.232257 
7.267741 
7.28387 
7.32258 
7.348386 
7.380644 
7.403225 
7.406451 
7.429031 
7.454838 
7.464515 
7.464515 
7.480644 
7.48387 
7.745161 
8.029031 
8.18387 
8.167741 
7.964515 
7.62258 
7.287096 
7.193548 
7.235483 
7.277419 
7.312902 
7.325806 
7.351612 
7.387096 
7.08387 
6.725806 
9.499999 
12.9129 
10.36128 
6.44516 
5.932257 
6.561289 
6.706451 
6.799999 
6.880644 
6.948386 
7.032257 
7.090322 
7.135483 
7.170967 
7.212903 
7.258064 
7.329031 
7.629032 
7.903225 
8.141935 
8.351612 
8.461289 
8.48387 
8.432257 
8.274192 
8.070966 
7.799999 
7.503225 
7.206451 
6.929031 
6.735483 
6.664515 
6.767741 
6.84516 
6.941935 
7.009676 
7.074193 
7.116128 
7.158064 
7.216128 
7.245161 
7.293548 
7.316128 
7.335483 
7.367741 
7.393548 
7.412902 
7.409677 
7.438709 
7.44516 
7.454838 
7.464515 
7.480644 
7.616128 
7.941935 
8.158063 
8.203225 
8.051611 
7.764515 
7.416128 
7.199999 
7.209677 
7.264515 
7.290322 
7.335483 
7.358064 
7.38387 
7.319354 
6.658064 
8.119354 
11.9258 
11.93225 
7.690322 
5.906451 
6.377418 
6.651612 
6.745161 
6.838709 
6.92258 
6.990322 
7.04516 
7.106451 
7.148386 
7.212903 
7.245161 
7.270967 
7.506451 
7.780644 
8.061289 
8.290322 
8.448386 
8.503225 
8.44516 
8.367741 
8.174193 
7.919354 
7.645161 
7.34516 
7.04516 
6.819354 
6.638709 
6.712903 
6.809677 
6.890322 
6.970967 
7.04516 
7.087096 
7.16129 
7.190322 
7.219354 
7.274193 
7.293548 
7.332257 
7.34516 
7.370967 
7.403225 
7.419354 
7.435483 
7.44516 
7.451612 
7.477418 
7.477418 
7.503225 
7.787096 
8.051611 
8.212903 
8.148386 
7.916128 
7.570967 
7.26129 
7.241935 
7.26129 
7.28387 
7.316128 
7.338709 
7.348386 
7.390322 
6.951612 
6.938709 
10.05483 
12.99354 
9.709676 
6.206451 
6.08387 
6.596773 
6.725806 
6.806451 
6.877418 
6.958064 
7.035483 
7.077418 
7.151612 
7.180644 
7.232257 
7.26129 
7.358064 
7.651612 
7.932257 
8.190321 
8.374193 
8.470967 
8.490322 
8.425806 
8.251612 
8.048386 
7.774193 
7.48387 
7.180644 
6.92258 
6.690322 
6.670967 
6.777419 
6.870967 
6.948386 
7.006451 
7.087096 
7.116128 
7.16129 
7.216128 
7.251612 
7.296773 
7.309677 
7.351612 
7.380644 
7.390322 
7.412902 
7.432257 
7.44516 
7.44516 
7.458064 
7.470967 
7.480644 
7.66129 
7.964515 
8.18387 
8.190321 
8.032257 
7.741935 
7.374193 
7.193548 
7.235483 
7.26129 
7.290322 
7.32258 
7.290322 
7.154838 
6.680644 
9.32258 
12.84193 
10.54838 
6.538709 
5.912902 
6.551612 
6.66129 
6.787096 
6.870967 
6.941935 
7.019354 
7.080644 
7.145161 
7.187096 
7.216128 
7.26129 
7.312902 
7.577418 
7.893548 
8.148386 
8.338708 
8.454837 
8.496773 
8.451612 
8.299999 
8.096773 
7.82258 
7.519354 
7.235483 
6.954838 
6.738709 
6.664515 
6.767741 
6.851612 
6.919354 
7.009676 
7.051612 
7.106451 
7.164515 
7.203225 
7.26129 
7.290322 
7.309677 
7.348386 
7.387096 
7.390322 
7.42258 
7.367741 
7.425806 
7.458064 
7.464515 
7.480644 
7.503225 
7.609676 
7.92258 
8.14516 
8.203225 
8.077418 
7.799999 
7.454838 
7.209677 
7.225806 
7.267741 
7.296773 
7.319354 
7.34516 
7.370967 
7.329031 
6.680644 
7.870967 
11.62257 
12.16451 
7.980644 
5.916128 
6.312902 
6.658064 
6.758064 
6.832257 
6.906451 
6.999999 
7.051612 
7.109676 
7.180644 
7.203225 
7.251612 
7.280644 
7.496773 
7.777419 
8.038708 
8.258064 
8.432257 
8.503225 
8.461289 
8.374193 
8.164515 
7.92258 
7.645161 
7.348386 
7.064515 
6.812902 
6.648386 
6.719354 
6.84516 
6.893548 
6.980644 
7.058063 
7.096773 
7.158064 
7.199999 
7.245161 
7.293548 
7.306451 
7.341935 
7.348386 
7.370967 
7.393548 
7.42258 
7.42258 
7.461289 
7.464515 
7.477418 
7.496773 
7.516128 
7.790322 
8.074193 
8.203225 
8.141935 
7.916128 
7.574193 
7.270967 
7.216128 
7.238709 
7.264515 
7.293548 
7.341935 
7.367741 
7.390322 
6.961289 
6.954838 
10.09677 
12.99032 
9.664515 
6.209677 
6.019354 
6.593547 
6.72258 
6.793548 
6.890322 
6.961289 
7.041934 
7.090322 
7.158064 
7.190322 
7.22258 
7.280644 
7.380644 
7.66129 
7.92258 
8.177418 
8.367741 
8.467741 
8.496773 
8.425806 
8.270967 
8.02258 
7.770967 
7.464515 
7.177419 
6.909677 
6.709677 
6.677419 
6.770967 
6.877418 
6.929031 
7.029031 
7.074193 
7.135483 
7.170967 
7.225806 
7.267741 
7.299999 
7.329031 
7.351612 
7.361289 
7.403225 
7.412902 
7.416128 
7.438709 
7.458064 
7.477418 
7.48387 
7.503225 
7.670967 
7.958064 
8.151612 
8.196773 
8.032257 
7.706451 
7.387096 
7.187096 
7.235483 
7.264515 
7.309677 
7.348386 
7.348386 
7.380644 
7.254838 
6.609677 
8.638709 
12.44193 
11.28709 
7.025805 
5.858064 
6.480644 
6.667741 
6.76129 
6.867741 
6.929031 
7.032257 
7.077418 
7.132257 
7.170967 
7.206451 
7.258064 
7.287096 
7.554838 
7.84516 
8.103224 
8.296773 
8.441934 
8.50645 
8.429031 
8.32258 
8.141935 
7.867741 
7.580644 
7.296773 
7.003225 
6.758064 
6.625806 
6.732257 
6.829031 
6.903225 
6.993547 
7.074193 
7.099999 
7.164515 
7.212903 
7.293548 
7.338709 
7.341935 
7.374193 
7.399999 
7.403225 
7.432257 
7.438709 
7.461289 
7.467741 
7.467741 
7.487096 
7.641935 
7.938709 
8.164515 
8.199999 
8.067741 
7.751612 
7.406451 
7.203225 
7.229032 
7.277419 
7.293548 
7.325806 
7.348386 
7.380644 
7.296773 
6.612903 
8.354838 
12.17741 
11.6258 
7.374193 
5.893548 
6.403225 
6.654838 
6.76129 
6.848386 
6.951612 
6.999999 
7.070967 
7.112902 
7.170967 
7.216128 
7.245161 
7.274193 
7.538709 
7.812902 
8.087096 
8.299999 
8.454837 
8.477418 
8.467741 
8.348386 
8.14516 
7.893548 
7.593547 
7.306451 
7.035483 
6.790322 
6.629032 
6.745161 
6.835483 
6.912902 
6.98387 
7.054838 
7.132257 
7.154838 
7.199999 
7.251612 
7.270967 
7.296773 
7.348386 
7.348386 
7.380644 
7.419354 
7.403225 
7.448386 
7.432257 
7.458064 
7.448386 
7.480644 
7.52258 
7.841935 
8.106451 
8.212903 
8.122579 
7.874193 
7.532257 
7.216128 
7.212903 
7.245161 
7.28387 
7.319354 
7.335483 
7.361289 
7.364515 
6.803225 
7.380644 
10.83225 
12.7387 
8.899999 
6.038709 
6.167741 
6.629032 
6.735483 
6.819354 
6.899999 
6.974193 
7.025805 
7.070967 
7.145161 
7.180644 
7.232257 
7.274193 
7.409677 
7.709677 
7.996773 
8.229031 
8.390321 
8.48387 
8.467741 
8.387096 
8.232257 
8.003225 
7.716128 
7.416128 
7.116128 
6.877418 
6.658064 
6.712903 
6.796773 
6.870967 
6.999999 
7.029031 
7.064515 
7.132257 
7.187096 
7.229032 
7.258064 
7.290322 
7.319354 
7.34516 
7.367741 
7.399999 
7.412902 
7.42258 
7.441935 
7.451612 
7.474193 
7.464515 
7.499999 
7.745161 
8.02258 
8.187096 
8.170967 
7.974193 
7.651612 
7.32258 
7.209677 
7.251612 
7.274193 
7.306451 
7.341935 
7.370967 
7.374193 
7.141935 
6.680644 
9.351612 
12.85161 
10.49677 
6.499999 
5.919354 
6.54516 
6.677419 
6.796773 
6.864515 
6.954838 
7.035483 
7.08387 
7.132257 
7.174193 
7.206451 
7.254838 
7.299999 
7.603225 
7.899999 
8.135483 
8.332257 
8.454837 
8.48387 
8.429031 
8.296773 
8.090321 
7.806451 
7.525805 
7.225806 
6.94516 
6.725806 
6.670967 
6.777419 
6.861289 
6.932257 
7.009676 
7.058063 
7.129032 
7.18387 
7.216128 
7.238709 
7.274193 
7.309677 
7.351612 
7.34516 
7.390322 
7.403225 
7.425806 
7.44516 
7.441935 
7.474193 
7.467741 
7.48387 
7.612902 
7.912902 
8.138709 
8.222579 
8.067741 
7.774193 
7.454838 
7.174193 
7.225806 
7.254838 
7.296773 
7.32258 
7.351612 
7.374193 
7.332257 
6.68387 
7.938709 
11.68386 
12.1129 
7.941935 
5.958064 
6.306451 
6.651612 
6.758064 
6.832257 
6.92258 
6.993547 
7.064515 
7.099999 
7.167741 
7.241935 
7.293548 
7.567741 
7.864515 
8.109676 
8.32258 
8.454837 
8.499999 
8.461289 
8.335483 
8.138709 
7.867741 
7.570967 
7.267741 
6.999999 
6.764515 
6.645161 
6.76129 
6.841935 
6.929031 
6.999999 
7.064515 
7.096773 
7.145161 
7.206451 
7.248386 
7.28387 
7.299999 
7.348386 
7.361289 
7.387096 
7.409677 
7.448386 
7.435483 
7.44516 
7.458064 
7.477418 
7.48387 
7.554838 
7.858064 
8.112902 
8.199999 
8.116127 
7.838709 
7.509676 
7.216128 
7.219354 
7.245161 
7.299999 
7.338709 
7.335483 
7.367741 
7.354838 
6.764515 
7.529031 
11.08064 
12.57741 
8.583869 
5.970967 
6.206451 
6.635483 
6.735483 
6.816128 
6.909677 
6.974193 
7.035483 
7.109676 
7.154838 
7.177419 
7.232257 
7.277419 
7.451612 
7.745161 
8.009676 
8.251612 
8.419354 
8.490322 
8.474192 
8.370966 
8.203225 
7.961289 
7.687096 
7.387096 
7.096773 
6.84516 
6.664515 
6.706451 
6.796773 
6.88387 
6.967741 
7.032257 
7.090322 
7.154838 
7.18387 
7.229032 
7.267741 
7.303225 
7.329031 
7.296773 
7.370967 
7.380644 
7.412902 
7.42258 
7.441935 
7.458064 
7.461289 
7.464515 
7.503225 
7.748386 
8.025805 
8.206451 
8.154838 
7.954838 
7.638709 
7.316128 
7.206451 
7.238709 
7.287096 
7.299999 
7.329031 
7.367741 
7.393548 
7.061289 
6.770967 
9.638709 
12.95483 
10.17419 
6.390322 
5.948386 
6.580644 
6.716128 
6.796773 
6.864515 
6.958064 
7.04516 
7.074193 
7.132257 
7.164515 
7.235483 
7.251612 
7.325806 
7.616128 
7.916128 
8.167741 
8.354838 
8.467741 
8.493547 
8.425806 
8.274192 
8.051611 
7.799999 
7.493547 
7.196774 
6.929031 
6.712903 
6.664515 
6.767741 
6.858064 
6.941935 
7.009676 
7.070967 
7.138709 
7.18387 
7.212903 
7.267741 
7.303225 
7.325806 
7.34516 
7.361289 
7.390322 
7.396773 
7.429031 
7.441935 
7.435483 
7.451612 
7.470967 
7.493547 
7.641935 
7.932257 
8.151612 
8.199999 
8.067741 
7.745161 
7.412902 
7.180644 
7.225806 
7.299999 
7.277419 
7.325806 
7.34516 
7.367741 
7.319354 
6.66129 
8.129031 
11.93548 
11.90322 
7.638709 
5.890322 
6.370967 
6.635483 
6.754838 
6.838709 
6.92258 
6.98387 
7.058063 
7.116128 
7.164515 
7.225806 
7.26129 
7.309677 
7.535483 
7.787096 
8.070966 
8.270967 
8.435482 
8.490322 
8.464515 
8.354838 
8.177418 
7.925806 
7.645161 
7.34516 
7.070967 
6.825806 
6.638709 
6.735483 
6.803225 
6.88387 
6.987096 
7.032257 
7.096773 
7.141935 
7.177419 
7.241935 
7.267741 
7.293548 
7.329031 
7.34516 
7.380644 
7.403225 
7.42258 
7.435483 
7.467741 
7.458064 
7.474193 
7.48387 
7.512902 
7.809677 
8.067741 
8.225806 
7.854838 
7.496773 
7.203225 
7.241935 
7.26129 
7.296773 
7.306451 
7.341935 
7.354838 
7.367741 
6.741935 
7.580644 
11.17741 
12.49032 
8.464515 
5.964515 
6.203225 
6.619354 
6.732257 
6.82258 
6.906451 
6.980644 
7.04516 
7.099999 
7.148386 
7.193548 
7.232257 
7.287096 
7.44516 
7.748386 
8.019353 
8.245161 
8.412902 
8.480644 
8.474192 
8.387096 
8.212903 
7.98387 
7.703225 
7.399999 
7.099999 
6.874193 
6.654838 
6.703225 
6.809677 
6.887096 
6.964515 
7.032257 
7.090322 
7.154838 
7.199999 
7.241935 
7.28387 
7.306451 
7.32258 
7.348386 
7.393548 
7.409677 