
6.387096 
5.919354 
6.574193 
6.677419 
6.787096 
6.877418 
6.964515 
7.02258 
7.093547 
7.138709 
7.174193 
7.216128 
7.264515 
7.32258 
7.625806 
7.899999 
8.148386 
8.34516 
8.464515 
8.496773 
8.435482 
8.28387 
8.064515 
7.832257 
7.516128 
7.212903 
6.938709 
6.716128 
6.658064 
6.770967 
6.870967 
6.941935 
7.003225 
7.077418 
7.129032 
7.177419 
7.229032 
7.267741 
7.270967 
7.299999 
7.338709 
7.361289 
7.399999 
7.406451 
7.42258 
7.451612 
7.467741 
7.464515 
7.477418 
7.487096 
7.625806 
7.929031 
8.141935 
8.199999 
8.04516 
7.770967 
7.432257 
7.187096 
7.254838 
7.270967 
7.299999 
7.32258 
7.329031 
7.367741 
7.325806 
6.670967 
8.016128 
11.77419 
12.03225 
7.825806 
5.88387 
6.335483 
6.651612 
6.748386 
6.861289 
6.932257 
6.996773 
7.064515 
7.119354 
7.154838 
7.190322 
7.232257 
7.270967 
7.493547 
7.787096 
8.048386 
8.280644 
8.429031 
8.493547 
8.467741 
8.351612 
8.177418 
7.932257 
7.635483 
7.34516 
7.067741 
6.825806 
6.625806 
6.72258 
6.793548 
6.887096 
6.977418 
7.038709 
7.087096 
7.164515 
7.199999 
7.241935 
7.258064 
7.312902 
7.325806 
7.338709 
7.364515 
7.380644 
7.419354 
7.432257 
7.451612 
7.458064 
7.461289 
7.48387 
7.496773 
7.809677 
8.054838 
8.222579 
8.135483 
7.909677 
7.574193 
7.26129 
7.22258 
7.251612 
7.277419 
7.329031 
7.332257 
7.38387 
7.387096 
6.970967 
6.929031 
10.04516 
12.99677 
9.745161 
6.212903 
5.987096 
6.587096 
6.716128 
6.803225 
6.88387 
6.977418 
7.038709 
7.090322 
7.138709 
7.190322 
7.229032 
7.42258 
7.725806 
7.98387 
8.235483 
8.390321 
8.477418 
8.474192 
8.380644 
8.225806 
7.977418 
7.693548 
7.425806 
7.119354 
6.870967 
6.664515 
6.68387 
6.803225 
6.877418 
6.961289 
7.038709 
7.074193 
7.148386 
7.18387 
7.229032 
7.280644 
7.290322 
7.32258 
7.358064 
7.377418 
7.403225 
7.42258 
7.448386 
7.441935 
7.438709 
7.451612 
7.454838 
7.477418 
7.729032 
8.00645 
8.187096 
8.170967 
7.980644 
7.654838 
7.32258 
7.180644 
7.245161 
7.274193 
7.309677 
7.341935 
7.367741 
7.380644 
7.148386 
6.654838 
9.232257 
12.82903 
10.59354 
6.564515 
5.896773 
6.538709 
6.670967 
6.790322 
6.880644 
6.951612 
7.019354 
7.08387 
7.141935 
7.180644 
7.199999 
7.241935 
7.309677 
7.593547 
7.896773 
8.129031 
8.341935 
8.461289 
8.480644 
8.435482 
8.293547 
8.080644 
7.809677 
7.529031 
7.238709 
6.951612 
6.735483 
6.66129 
6.770967 
6.864515 
6.932257 
7.012902 
7.061289 
7.116128 
7.174193 
7.225806 
7.254838 
7.293548 
7.316128 
7.335483 
7.370967 
7.38387 
7.416128 
7.42258 
7.451612 
7.454838 
7.461289 
7.467741 
7.490322 
7.609676 
7.896773 
8.158063 
8.212903 
8.096773 
7.770967 
7.458064 
7.190322 
7.22258 
7.254838 
7.296773 
7.319354 
7.34516 
7.370967 
7.358064 
6.693548 
7.835483 
11.58064 
12.21935 
8.038708 
5.919354 
6.290322 
6.632257 
6.738709 
6.835483 
6.906451 
6.967741 
7.051612 
7.109676 
7.167741 
7.212903 
7.245161 
7.277419 
7.480644 
7.780644 
8.048386 
8.258064 
8.412902 
8.48387 
8.454837 
8.364515 
8.177418 
7.929031 
7.667741 
7.361289 
7.087096 
6.82258 
6.648386 
6.738709 
6.806451 
6.896773 
6.961289 
7.038709 
7.112902 
7.167741 
7.199999 
7.232257 
7.26129 
7.312902 
7.316128 
7.361289 
7.361289 
7.412902 
7.409677 
7.435483 
7.438709 
7.467741 
7.470967 
7.470967 
7.493547 
7.777419 
8.064515 
8.216128 
8.174193 
7.932257 
7.580644 
7.277419 
7.196774 
7.254838 
7.277419 
7.309677 
7.354838 
7.377418 
7.387096 
6.961289 
6.948386 
10.06451 
12.99677 
9.716128 
6.203225 
6.003225 
6.599999 
6.72258 
6.806451 
6.880644 
6.967741 
7.029031 
7.116128 
7.12258 
7.193548 
7.225806 
7.270967 
7.351612 
7.674193 
7.935483 
8.190321 
8.367741 
8.467741 
8.499999 
8.425806 
8.274192 
8.035483 
7.76129 
7.474193 
7.164515 
6.916128 
6.696774 
6.680644 
6.780644 
6.867741 
6.951612 
7.025805 
7.070967 
7.12258 
7.18387 
7.219354 
7.26129 
7.290322 
7.332257 
7.351612 
7.370967 
7.387096 
7.409677 
7.464515 
7.458064 
7.44516 
7.480644 
7.480644 
7.48387 
7.66129 
7.980644 
8.193548 
8.193548 
8.041934 
7.319354 
7.196774 
7.229032 
7.270967 
7.299999 
7.332257 
7.358064 
7.387096 
7.096773 
6.699999 
9.458064 
12.89999 
10.35483 
6.451612 
5.938709 
6.574193 
6.699999 
6.796773 
6.877418 
6.958064 
7.019354 
7.080644 
7.135483 
7.187096 
7.225806 
7.258064 
7.293548 
7.62258 
7.899999 
8.177418 
8.341935 
8.467741 
8.499999 
8.422579 
8.277419 
8.058063 
7.799999 
7.503225 
7.196774 
6.948386 
6.693548 
6.658064 
6.758064 
6.861289 
6.932257 
7.019354 
7.070967 
7.129032 
7.164515 
7.18387 
7.26129 
7.299999 
7.329031 
7.34516 
7.361289 
7.387096 
7.403225 
7.425806 
7.451612 
7.461289 
7.470967 
7.490322 
7.480644 
7.629032 
7.932257 
8.138709 
8.199999 
8.077418 
7.76129 
7.412902 
7.18387 
7.22258 
7.28387 
7.290322 
7.32258 
7.358064 
7.374193 
7.319354 
6.670967 
7.977418 
11.73548 
12.06774 
7.854838 
5.906451 
6.329031 
6.651612 
6.758064 
6.841935 
6.92258 
6.993547 
7.064515 
7.112902 
7.16129 
7.219354 
7.235483 
7.280644 
7.477418 
7.777419 
8.061289 
8.270967 
8.429031 
8.496773 
8.470967 
8.354838 
8.177418 
7.932257 
7.635483 
7.34516 
7.067741 
6.816128 
6.641935 
6.712903 
6.812902 
6.899999 
6.977418 
7.04516 
7.099999 
7.158064 
7.193548 
7.238709 
7.270967 
7.309677 
7.338709 
7.348386 
7.380644 
7.396773 
7.425806 
7.458064 
7.454838 
7.461289 
7.477418 
7.493547 
7.496773 
7.806451 
8.067741 
8.219354 
8.135483 
7.899999 
7.561289 
7.26129 
7.193548 
7.248386 
7.26129 
7.309677 
7.348386 
7.367741 
7.390322 
6.941935 
6.974193 
10.12903 
12.99032 
9.648386 
6.199999 
6.019354 
6.599999 
6.719354 
6.799999 
6.887096 
6.964515 
7.029031 
7.08387 
7.145161 
7.180644 
7.229032 
7.270967 
7.367741 
7.641935 
7.941935 
8.190321 
8.361289 
8.470967 
8.470967 
8.416128 
8.258064 
8.029031 
7.754838 
7.461289 
7.174193 
6.903225 
6.687096 
6.674193 
6.790322 
6.867741 
6.941935 
7.019354 
7.096773 
7.103225 
7.177419 
7.238709 
7.264515 
7.245161 
7.332257 
7.367741 
7.367741 
7.399999 
7.416128 
7.425806 
7.438709 
7.448386 
7.467741 
7.496773 
7.48387 
7.677419 
7.970967 
8.177418 
8.190321 
8.029031 
7.699999 
7.374193 
7.18387 
7.229032 
7.274193 
7.296773 
7.335483 
7.364515 
7.380644 
7.254838 
6.596773 
8.638709 
12.43225 
11.28709 
7.035483 
5.861289 
6.496773 
6.670967 
6.777419 
6.851612 
6.951612 
6.999999 
7.070967 
7.12258 
7.16129 
7.193548 
7.245161 
7.287096 
7.535483 
7.829031 
8.096773 
8.32258 
8.432257 
8.50645 
8.461289 
8.341935 
8.132257 
7.870967 
7.590322 
7.290322 
7.019354 
6.78387 
6.635483 
6.870967 
6.951612 
7.006451 
7.058063 
7.177419 
7.174193 
7.203225 
7.254838 
7.287096 
7.312902 
7.329031 
7.361289 
7.390322 
7.416128 
7.409677 
7.441935 
7.458064 
7.461289 
7.458064 
7.519354 
7.632257 
7.919354 
8.141935 
8.187096 
8.077418 
7.751612 
7.419354 
7.190322 
7.225806 
7.277419 
7.299999 
7.312902 
7.341935 
7.364515 
7.335483 
6.648386 
8.103224 
11.90967 
11.90645 
7.670967 
5.88387 
6.364515 
6.648386 
6.741935 
6.851612 
6.916128 
6.970967 
7.064515 
7.103225 
7.158064 
7.203225 
7.232257 
7.264515 
7.493547 
7.790322 
8.054838 
8.274192 
8.432257 
8.480644 
8.458064 
8.354838 
8.16129 
7.906451 
7.612902 
7.316128 
7.051612 
6.803225 
6.629032 
6.735483 
6.82258 
6.899999 
6.977418 
7.032257 
7.096773 
7.145161 
7.190322 
7.245161 
7.264515 
7.316128 
7.319354 
7.358064 
7.380644 
7.406451 
7.42258 
7.435483 
7.438709 
7.474193 
7.461289 
7.48387 
7.512902 
7.816128 
8.090321 
8.222579 
8.16129 
7.906451 
7.561289 
7.251612 
7.216128 
7.241935 
7.267741 
7.329031 
7.351612 
7.354838 
7.387096 
6.893548 
7.077418 
10.32258 
12.95161 
9.416128 
6.12258 
6.025805 
6.596773 
6.735483 
6.809677 
6.903225 
6.964515 
7.02258 
7.077418 
7.125806 
7.187096 
7.248386 
7.270967 
7.377418 
7.68387 
7.958064 
8.187096 
8.370966 
8.480644 
8.496773 
8.403224 
8.261289 
8.02258 
7.76129 
7.474193 
7.167741 
6.88387 
6.696774 
6.690322 
6.780644 
6.858064 
6.938709 
7.019354 
7.08387 
7.135483 
7.190322 
7.219354 
7.251612 
7.280644 
7.325806 
7.361289 
7.361289 
7.399999 
7.412902 
7.432257 
7.448386 
7.464515 
7.474193 
7.48387 
7.487096 
7.68387 
7.961289 
8.174193 
8.18387 
8.048386 
7.716128 
7.396773 
7.196774 
7.229032 
7.274193 
7.28387 
7.329031 
7.364515 
7.374193 
7.258064 
6.590322 
8.558063 
12.36451 
11.39677 
7.138709 
5.877418 
6.441935 
6.658064 
6.76129 
6.854838 
6.925806 
7.003225 
7.061289 
7.125806 
7.170967 
7.206451 
7.254838 
7.287096 
7.541934 
7.829031 
8.109676 
8.290322 
8.435482 
8.487095 
8.451612 
8.335483 
8.14516 
7.88387 
7.587096 
7.299999 
7.029031 
6.790322 
6.632257 
6.738709 
6.838709 
6.919354 
6.993547 
7.058063 
7.119354 
7.177419 
7.209677 
7.241935 
7.293548 
7.325806 
7.348386 
7.364515 
7.396773 
7.419354 
7.44516 
7.448386 
7.44516 
7.470967 
7.490322 
7.490322 
7.554838 
7.851612 
8.103224 
8.222579 
8.132257 
7.864515 
7.512902 
7.212903 
7.238709 
7.258064 
7.290322 
7.303225 
7.335483 
7.367741 
7.377418 
6.803225 
7.38387 
10.82257 
12.7387 
8.925806 
6.02258 
6.090322 
6.751612 
6.825806 
6.92258 
6.996773 
7.064515 
7.12258 
7.170967 
7.212903 
7.235483 
7.290322 
7.487096 
7.774193 
8.032257 
8.277419 
8.419354 
8.490322 
8.464515 
8.351612 
8.18387 
7.938709 
7.635483 
7.332257 
7.048386 
6.812902 
6.635483 
6.716128 
6.819354 
6.903225 
6.970967 
7.041934 
7.090322 
7.16129 
7.193548 
7.245161 
7.28387 
7.32258 
7.335483 
7.361289 
7.387096 
7.406451 
7.42258 
7.435483 
7.438709 
7.458064 
7.48387 
7.477418 
7.52258 
7.770967 
8.061289 
8.216128 
8.148386 
7.916128 
7.580644 
7.26129 
7.212903 
7.238709 
7.296773 
7.312902 
7.329031 
7.354838 
7.380644 
6.948386 
6.993547 
10.15161 
12.97741 
9.603224 
6.187096 
6.019354 
6.596773 
6.72258 
6.806451 
6.893548 
6.967741 
7.041934 
7.103225 
7.145161 
7.180644 
7.241935 
7.280644 
7.377418 
7.667741 
7.948386 
8.199999 
8.38387 
8.474192 
8.493547 
8.412902 
8.254837 
8.038708 
7.76129 
7.458064 
7.16129 
6.887096 
6.696774 
6.696774 
6.796773 
6.870967 
6.951612 
7.025805 
7.074193 
7.151612 
7.18387 
7.219354 
7.258064 
7.290322 
7.32258 
7.364515 
7.393548 
7.409677 
7.412902 
7.432257 
7.44516 
7.48387 
7.470967 
7.470967 
7.48387 
7.658064 
7.967741 
8.170967 
8.170967 
8.025805 
7.719354 
7.377418 
7.190322 
7.245161 
7.270967 
7.303225 
7.329031 
7.351612 
7.364515 
7.258064 
6.596773 
8.64516 
12.40967 
11.3258 
7.099999 
5.867741 
6.451612 
6.667741 
6.774193 
6.864515 
6.929031 
7.02258 
7.061289 
7.12258 
7.174193 
7.216128 
7.248386 
7.28387 
7.558063 
7.835483 
8.087096 
8.299999 
8.422579 
8.50645 
8.461289 
8.332257 
8.14516 
7.887096 
7.570967 
7.28387 
7.009676 
6.78387 
6.638709 
6.732257 
6.829031 
6.906451 
6.977418 
7.064515 
7.109676 
7.167741 
7.209677 
7.258064 
7.287096 
7.309677 
7.32258 
7.370967 
7.370967 
7.390322 
7.42258 
7.42258 
7.438709 
7.464515 
7.480644 
7.487096 
7.538709 
7.835483 
8.099999 
8.212903 
8.116127 
7.851612 
7.519354 
7.209677 
7.199999 
7.254838 
7.299999 
7.32258 
7.329031 
7.390322 
7.387096 
6.812902 
7.380644 
10.84193 
12.72903 
8.861289 
6.019354 
6.145161 
6.629032 
6.76129 
6.819354 
6.977418 
6.993547 
7.058063 
7.116128 
7.148386 
7.206451 
7.229032 
7.270967 
7.412902 
7.706451 
7.98387 
8.212903 
8.393548 
8.490322 
8.467741 
8.361289 
8.199999 
7.977418 
7.690322 
7.399999 
7.119354 
6.848386 
6.680644 
6.72258 
6.832257 
6.880644 
6.967741 
7.032257 
7.090322 
7.158064 
7.141935 
7.225806 
7.267741 
7.296773 
7.335483 
7.354838 
7.374193 
7.42258 
7.419354 
7.432257 
7.451612 
7.477418 
7.48387 
7.509676 
7.799999 
8.103224 
8.209676 
8.151612 
7.880644 
7.54516 
7.270967 
7.225806 
7.248386 
7.280644 
7.299999 
7.335483 
7.354838 
7.377418 
6.916128 
7.090322 
10.34515 
12.95161 
9.422579 
6.109677 
6.048386 
6.58387 
6.703225 
6.82258 
6.909677 
6.990322 
7.019354 
7.090322 
7.132257 
7.187096 
7.219354 
7.280644 
7.367741 
7.674193 
7.951612 
8.209676 
8.380644 
8.474192 
8.487095 
8.399999 
8.238709 
8.00645 
7.76129 
7.461289 
7.141935 
6.877418 
6.677419 
6.690322 
6.777419 
6.867741 
6.935483 
7.032257 
7.070967 
7.12258 
7.193548 
7.232257 
7.26129 
7.299999 
7.319354 
7.338709 
7.374193 
7.403225 
7.419354 
7.435483 
7.425806 
7.458064 
7.464515 
7.48387 
7.48387 
7.66129 
7.961289 
8.170967 
8.196773 
8.025805 
7.699999 
7.370967 
7.199999 
7.232257 
7.26129 
7.309677 
7.325806 
7.354838 
7.361289 
7.254838 
6.596773 
8.612902 
12.40645 
11.32903 
7.064515 
5.870967 
6.461289 
6.651612 
6.774193 
6.84516 
6.935483 
7.009676 
7.070967 
7.135483 
7.170967 
7.219354 
7.248386 
7.274193 
7.551612 
7.854838 
8.106451 
8.309677 
8.435482 
8.496773 
8.441934 
8.335483 
8.125805 
7.88387 
7.567741 
7.287096 
6.987096 
6.770967 
6.625806 
6.741935 
6.84516 
6.893548 
6.993547 
7.054838 
7.112902 
7.16129 
7.196774 
7.251612 
7.264515 
7.306451 
7.303225 
7.361289 
7.38387 
7.403225 
7.416128 
7.448386 
7.461289 
7.487096 
7.480644 
7.477418 
7.548386 
7.851612 
8.087096 
8.206451 
8.132257 
7.858064 
7.496773 
7.216128 
7.232257 
7.26129 
7.296773 
7.303225 
7.34516 
7.367741 
7.387096 
6.812902 
7.367741 
10.84516 
12.7387 
8.899999 
6.02258 
6.125806 
6.619354 
6.741935 
6.838709 
6.899999 
6.977418 
7.054838 
7.103225 
7.141935 
7.196774 
7.232257 
7.270967 
7.409677 
7.706451 
7.999999 
8.225806 
8.406451 
8.470967 
8.480644 
8.390321 
8.222579 
7.987096 
7.709677 
7.419354 
7.109676 
6.848386 
6.667741 
6.709677 
6.819354 
6.88387 
6.954838 
7.019354 
7.096773 
7.151612 
7.187096 
7.238709 
7.258064 
7.32258 
7.316128 
7.351612 
7.374193 
7.38387 
7.406451 
7.412902 
7.432257 
7.464515 
7.477418 
7.470967 
7.480644 
7.735483 
8.019353 
8.203225 
8.180644 
7.974193 
7.648386 
7.325806 
7.190322 
7.251612 
7.299999 
7.316128 
7.332257 
7.367741 
7.38387 
7.151612 
6.680644 
9.293547 
12.8387 
10.60322 
6.558063 
5.906451 
6.561289 
6.680644 
6.758064 
6.864515 
6.961289 
7.012902 
7.077418 
7.141935 
7.170967 
7.216128 
7.264515 
7.306451 
7.606451 
7.890322 
8.154838 
8.351612 
8.454837 
8.403224 
8.232257 
8.012902 
7.735483 
7.451612 
7.151612 
6.903225 
6.670967 
6.693548 
6.799999 
6.88387 
6.961289 
7.025805 
7.08387 
7.135483 
7.174193 
7.206451 
7.270967 
7.299999 
7.309677 
7.361289 
7.377418 
7.396773 
7.416128 
7.42258 
7.44516 
7.451612 
7.487096 
7.48387 
7.499999 
7.703225 
7.974193 
8.170967 
8.196773 
7.996773 
7.699999 
7.370967 
7.193548 
7.212903 
7.280644 
7.293548 
7.316128 
7.358064 
7.374193 
7.225806 
6.632257 
8.764515 
12.54193 
11.16128 
6.916128 
5.877418 
6.506451 
6.677419 
6.767741 
6.84516 
6.954838 
7.003225 
7.070967 
7.12258 
7.158064 
7.225806 
7.277419 
7.290322 
7.574193 
7.861289 
8.103224 
8.303225 
8.44516 
8.48387 
8.44516 
8.325805 
8.122579 
7.851612 
7.577418 
7.267741 
6.990322 
6.774193 
6.635483 
6.751612 
6.838709 
6.916128 
6.977418 
7.04516 
7.112902 
7.164515 
7.212903 
7.248386 
7.303225 
7.348386 
7.351612 
7.348386 
7.374193 
7.399999 
7.403225 
7.42258 
7.458064 
7.470967 
7.474193 
7.506451 
7.587096 
7.870967 
8.135483 
8.225806 
8.080644 
7.832257 
7.493547 
7.206451 
7.203225 
7.248386 
7.274193 
7.309677 
7.348386 
7.367741 
7.358064 
6.754838 
7.487096 
11.02903 
12.60967 
8.632257 
5.987096 
6.177419 
6.625806 
6.741935 
6.819354 
6.896773 
6.970967 
7.041934 
7.103225 
7.141935 
7.190322 
7.235483 
7.280644 
7.448386 
7.729032 
8.016128 
8.232257 
8.412902 
8.477418 
8.467741 
8.377418 
8.203225 
7.974193 
7.687096 
7.399999 
7.109676 
6.858064 
6.66129 
6.716128 
6.793548 
6.890322 
6.967741 
7.035483 
7.099999 
7.148386 
7.196774 
7.238709 
7.267741 
7.299999 
7.332257 
7.34516 
7.374193 
7.403225 
7.419354 
7.416128 
7.435483 
7.467741 
7.477418 
7.480644 
7.490322 
7.754838 
8.029031 
8.187096 
8.16129 
7.958064 
7.625806 
7.309677 
7.196774 
7.251612 
7.280644 
7.306451 
7.335483 
7.370967 
7.361289 
7.077418 
6.741935 
9.558063 
12.9387 
10.26451 
6.425806 
5.929031 
6.574193 
6.687096 
6.787096 
6.874193 
6.961289 
7.019354 
7.096773 
7.132257 
7.174193 
7.216128 
7.241935 
7.338709 
7.638709 
7.916128 
8.174193 
8.34516 
8.451612 
8.467741 
8.429031 
8.296773 
8.070966 
7.812902 
7.503225 
7.203225 
6.94516 
6.719354 
6.674193 
6.777419 
6.854838 
6.94516 
7.006451 
7.067741 
7.116128 
7.180644 
7.212903 
7.264515 
7.280644 
7.32258 
7.341935 
7.358064 
7.380644 
7.403225 
7.438709 
7.448386 
7.461289 
7.474193 
7.474193 
7.493547 
7.645161 
7.919354 
8.16129 
8.209676 
8.061289 
7.758064 
7.419354 
7.203225 
7.219354 
7.267741 
7.287096 
7.319354 
7.393548 
7.199999 
6.638709 
8.996773 
12.69032 
10.89999 
6.745161 
5.877418 
6.509676 
6.680644 
6.754838 
6.874193 
6.932257 
7.006451 
7.080644 
7.135483 
7.170967 
7.232257 
7.251612 
7.293548 
7.593547 
7.854838 
8.129031 
8.319354 
8.448386 
8.477418 
8.451612 
8.290322 
8.103224 
7.848386 
7.535483 
7.254838 
6.974193 
6.745161 
6.651612 
6.738709 
6.854838 
6.92258 
6.993547 
7.08387 
7.132257 
7.174193 
7.212903 
7.254838 
7.274193 
7.319354 
7.329031 
7.367741 
7.374193 
7.396773 
7.425806 
7.432257 
7.448386 
7.461289 
7.487096 
7.487096 
7.590322 
7.893548 
8.125805 
8.216128 
8.099999 
7.793548 
7.467741 
7.180644 
7.219354 
7.277419 
7.277419 
7.319354 
7.358064 
7.390322 
7.354838 
6.712903 
7.751612 
11.43225 
12.34516 
8.170967 
5.925806 
6.26129 
6.629032 
6.725806 
6.812902 
6.899999 
6.980644 
7.064515 
7.106451 
7.16129 
7.199999 
7.241935 
7.293548 
7.461289 
7.745161 
8.019353 
8.258064 
8.425806 
8.487095 
8.458064 
8.367741 
8.206451 
7.94516 
7.68387 
7.416128 
7.099999 
6.835483 
6.635483 
6.712903 
6.806451 
6.870967 
6.954838 
7.035483 
7.096773 
7.135483 
7.18387 
7.22258 
7.267741 
7.293548 
7.32258 
7.358064 
7.374193 
7.390322 
7.412902 
7.419354 
7.448386 
7.464515 
7.470967 
7.470967 
7.48387 
7.767741 
8.038708 
8.212903 
8.158063 
7.951612 
7.648386 
7.28387 
7.212903 
7.232257 
7.280644 
7.299999 
7.34516 
7.354838 
7.38387 
7.074193 
6.764515 
9.622579 
12.96128 
10.19032 
6.370967 
5.938709 
6.54516 
6.703225 
6.806451 
6.874193 
6.987096 
7.02258 
7.087096 
7.135483 
7.180644 
7.229032 
7.258064 
7.325806 
7.625806 
7.912902 
8.170967 
8.354838 
8.48387 
8.496773 
8.429031 
8.267741 
8.067741 
7.806451 
7.499999 
7.203225 
6.92258 
6.719354 
6.667741 
6.764515 
6.867741 
6.929031 
7.003225 
7.074193 
7.129032 
7.174193 
7.193548 
7.26129 
7.293548 
7.32258 
7.354838 
7.374193 
7.387096 
7.409677 
7.432257 
7.441935 
7.458064 
7.480644 
7.474193 
7.448386 
7.635483 
7.925806 
8.164515 
8.199999 
8.070966 
7.748386 
7.425806 
7.190322 
7.232257 
7.270967 
7.287096 
7.306451 
7.332257 
7.377418 
7.309677 
6.648386 
8.132257 
11.94516 
11.90967 
7.625806 
5.88387 
6.370967 
6.632257 
6.764515 
6.832257 
6.925806 
6.98387 
7.064515 
7.109676 
7.148386 
7.206451 
7.245161 
7.267741 
7.499999 
7.819354 
8.074193 
8.264515 
8.435482 
8.487095 
8.451612 
8.361289 
8.167741 
7.893548 
7.609676 
7.332257 
7.041934 
6.790322 
6.619354 
6.729032 
6.825806 
6.912902 
6.967741 
7.048386 
7.106451 
7.154838 
7.26129 
7.299999 
7.312902 
7.325806 
7.364515 
7.393548 
7.393548 
7.419354 
7.44516 
7.461289 
7.467741 
7.480644 
7.470967 
7.587096 
7.893548 
8.109676 
8.222579 
8.119354 
7.816128 
7.458064 
7.177419 
7.216128 
7.274193 
7.303225 
7.312902 
7.34516 
7.348386 
7.358064 
6.725806 
7.670967 
11.3258 
12.42257 
8.354838 
5.951612 
6.248386 
6.635483 
6.741935 
6.82258 
6.919354 
6.961289 
7.029031 
7.103225 
7.154838 
7.199999 
7.235483 
7.287096 
7.464515 
7.770967 
8.016128 
8.251612 
8.409676 
8.474192 
8.454837 
8.38387 
8.187096 
7.964515 
7.693548 
7.358064 
7.08387 
6.84516 
6.635483 
6.703225 
6.803225 
6.877418 
6.961289 
7.038709 
7.096773 
7.148386 
7.203225 
7.254838 
7.254838 
7.303225 
7.312902 
7.348386 
7.364515 
7.393548 
7.416128 
7.419354 
7.441935 
7.458064 
7.470967 
7.467741 
7.490322 
7.754838 
8.032257 
8.190321 
8.141935 
7.951612 
7.619354 
7.306451 
7.209677 
7.248386 
7.274193 
7.303225 
7.338709 
7.364515 
7.387096 
7.067741 
6.770967 
9.625805 
12.97096 
10.18709 
6.367741 
5.94516 
6.593547 
6.690322 
6.780644 
6.874193 
6.970967 
7.019354 
7.070967 
7.129032 
7.164515 
7.209677 
7.254838 
7.34516 
7.632257 
7.919354 
8.164515 
8.341935 
8.458064 
8.499999 
8.425806 
8.280644 
8.064515 
7.812902 
7.487096 
7.203225 
6.932257 
6.709677 
6.670967 
6.758064 
6.864515 
6.948386 
6.993547 
7.067741 
7.141935 
7.177419 
7.225806 
7.254838 
7.28387 
7.316128 
7.338709 
7.364515 
7.377418 
7.399999 
7.432257 
7.429031 
7.474193 
7.454838 
7.470967 
7.48387 
7.648386 
7.932257 
8.151612 
8.209676 
8.080644 
7.787096 
7.458064 
7.199999 
7.225806 
7.251612 
7.293548 
7.332257 
7.348386 
7.367741 
7.309677 
6.664515 
8.083869 
11.88709 
11.94516 
7.709677 
5.903225 
6.348386 
6.638709 
6.751612 
6.841935 
6.909677 
7.006451 
7.058063 
7.109676 
7.145161 
7.225806 
7.235483 
7.280644 
7.496773 
7.787096 
8.064515 
8.264515 
8.432257 
8.474192 
8.454837 
8.341935 
8.164515 
7.909677 
7.625806 
7.335483 
7.051612 
6.816128 
6.635483 
6.732257 
6.82258 
6.906451 
6.974193 
7.041934 
7.070967 
7.151612 
7.209677 
7.264515 
7.270967 
7.309677 
7.341935 
7.358064 
7.374193 
7.399999 
7.412902 
7.438709 
7.448386 
7.458064 
7.487096 
7.487096 
7.516128 
7.825806 
8.080644 
8.229031 
8.129031 
7.893548 
7.551612 
7.251612 
7.206451 
7.248386 
7.274193 
7.303225 
7.34516 
7.377418 
7.393548 
6.909677 
7.051612 
10.25806 
12.96451 
9.490322 
6.154838 
6.035483 
6.590322 
6.725806 
6.825806 
6.88387 
6.974193 
7.041934 
7.077418 
7.206451 
7.238709 
7.270967 
7.438709 
7.748386 
8.019353 
8.232257 
8.419354 
8.487095 
8.480644 
8.380644 
8.206451 
7.977418 
7.693548 
7.387096 
7.096773 
6.854838 
6.654838 
6.72258 
6.819354 
6.893548 
6.974193 
7.051612 
7.096773 
7.167741 
7.199999 
7.248386 
7.248386 
7.296773 
7.32258 
7.351612 
7.358064 
7.393548 
7.42258 
7.416128 
7.441935 
7.461289 
7.477418 
7.464515 
7.461289 
7.754838 
8.029031 
8.212903 
8.174193 
7.958064 
7.635483 
7.309677 
7.199999 
7.241935 
7.28387 
7.296773 
7.325806 
7.361289 
7.374193 
7.080644 
6.748386 
9.574193 
12.94193 
10.25806 
6.406451 
5.938709 
6.580644 
6.690322 
6.78387 
6.864515 
6.94516 
7.019354 
7.080644 
7.125806 
7.170967 
7.22258 
7.258064 
7.303225 
7.616128 
7.893548 
8.14516 
8.341935 
8.464515 
8.487095 
8.435482 
8.277419 
8.083869 
7.809677 
7.525805 
7.216128 
6.935483 
6.725806 
6.664515 
6.767741 
6.84516 
6.912902 
7.019354 
7.064515 
7.12258 
7.18387 
7.212903 
7.245161 
7.290322 
7.32258 
7.348386 
7.367741 
7.393548 
7.412902 
7.419354 
7.44516 
7.44516 
7.448386 
7.461289 
7.487096 
7.612902 
7.903225 
8.125805 
8.277419 
8.093547 
7.799999 
7.441935 
7.190322 
7.232257 
7.254838 
7.303225 
7.319354 
7.34516 
7.358064 
7.348386 
6.68387 
7.825806 
11.54515 
12.22903 
8.067741 
5.935483 
6.299999 
6.641935 
6.741935 
6.825806 
6.916128 
6.996773 
7.061289 
7.112902 
7.164515 
7.209677 
7.251612 
7.280644 
7.470967 
7.770967 
8.035483 
8.251612 
8.429031 
8.490322 
8.477418 
8.364515 
8.199999 
7.964515 
7.66129 
7.367741 
7.064515 
6.819354 
6.635483 
6.725806 
6.825806 
6.893548 
6.987096 
7.019354 
7.106451 
7.148386 
7.190322 
7.22258 
7.270967 
7.306451 
7.335483 
7.348386 
7.38387 
7.396773 
7.416128 
7.42258 
7.44516 
7.458064 
7.451612 
7.477418 
7.499999 
7.770967 
8.054838 
8.196773 
8.158063 
7.941935 
7.603225 
7.277419 
7.216128 
7.248386 
7.238709 
7.316128 
7.335483 
7.364515 
7.370967 
7.006451 
6.858064 
9.874193 
12.99677 
9.922579 
6.277419 
5.974193 
6.58387 
6.709677 
6.78387 
6.874193 
6.94516 
7.041934 
7.087096 
7.16129 
7.177419 
7.196774 
7.254838 
7.348386 
7.638709 
7.935483 
8.174193 
8.361289 
8.461289 
8.499999 
8.435482 
8.270967 
8.048386 
7.790322 
7.487096 
7.193548 
6.938709 
6.712903 
6.693548 
6.777419 
6.858064 
6.941935 
7.012902 
7.070967 
7.132257 
7.193548 
7.203225 
7.274193 
7.293548 
7.316128 
7.358064 
7.370967 
7.451612 
7.406451 
7.441935 
7.432257 
7.461289 
7.467741 
7.474193 
7.487096 
7.638709 
7.951612 
8.174193 
7.977418 
7.648386 
7.329031 
7.199999 
7.235483 
7.258064 
7.306451 
7.335483 
7.361289 
7.380644 
7.170967 
6.658064 
9.203225 
12.79032 
10.68064 
6.593547 
5.870967 
6.541934 
6.696774 
6.774193 
6.864515 
6.935483 
7.02258 
7.058063 
7.129032 
7.167741 
7.206451 
7.26129 
7.303225 
7.596773 
7.877418 
8.119354 
8.312902 
8.44516 
8.48387 
8.451612 
8.293547 
8.090321 
7.838709 
7.538709 
7.251612 
6.999999 
6.770967 
6.645161 
6.76129 
6.841935 
6.92258 
6.999999 
7.061289 
7.12258 
7.151612 
7.232257 
7.251612 
7.280644 
7.319354 
7.34516 
7.367741 
7.390322 
7.403225 
7.42258 
7