
6.893548 
6.954838 
7.025805 
7.077418 
7.141935 
7.190322 
7.225806 
7.264515 
7.293548 
7.312902 
7.348386 
7.364515 
7.361289 
7.390322 
7.425806 
7.432257 
7.451612 
7.474193 
7.467741 
7.477418 
7.709677 
8.003225 
8.177418 
8.148386 
7.970967 
7.667741 
7.335483 
7.193548 
7.235483 
7.280644 
7.319354 
7.341935 
7.361289 
7.380644 
7.151612 
6.658064 
9.209676 
12.80322 
10.6258 
6.593547 
5.893548 
6.532257 
6.680644 
6.793548 
6.893548 
6.961289 
7.025805 
7.099999 
7.132257 
7.174193 
7.232257 
7.254838 
7.293548 
7.593547 
7.880644 
8.141935 
8.341935 
8.461289 
8.496773 
8.441934 
8.309677 
8.083869 
7.829031 
7.529031 
7.238709 
6.967741 
6.751612 
6.66129 
6.745161 
6.838709 
6.912902 
6.999999 
7.070967 
7.12258 
7.16129 
7.203225 
7.248386 
7.280644 
7.303225 
7.335483 
7.364515 
7.380644 
7.416128 
7.416128 
7.425806 
7.458064 
7.470967 
7.467741 
7.480644 
7.616128 
7.906451 
8.122579 
8.193548 
8.090321 
7.790322 
7.467741 
7.199999 
7.238709 
7.274193 
7.312902 
7.312902 
7.34516 
7.370967 
7.34516 
6.699999 
7.770967 
11.49354 
12.27419 
8.14516 
5.92258 
6.267741 
6.632257 
6.732257 
6.819354 
6.899999 
6.990322 
7.058063 
7.109676 
7.145161 
7.193548 
7.232257 
7.280644 
7.454838 
7.748386 
8.035483 
8.270967 
8.406451 
8.493547 
8.467741 
8.370966 
8.190321 
7.961289 
7.667741 
7.370967 
7.08387 
6.835483 
6.625806 
6.716128 
6.806451 
6.887096 
6.967741 
7.038709 
7.096773 
7.148386 
7.187096 
7.235483 
7.277419 
7.296773 
7.341935 
7.361289 
7.358064 
7.396773 
7.409677 
7.432257 
7.458064 
7.458064 
7.448386 
7.477418 
7.490322 
7.767741 
8.051611 
8.203225 
8.167741 
7.92258 
7.58387 
7.293548 
7.199999 
7.248386 
7.270967 
7.316128 
7.348386 
7.358064 
7.393548 
7.012902 
6.874193 
9.864515 
12.99032 
9.903224 
6.274193 
5.967741 
6.587096 
6.693548 
6.806451 
6.880644 
6.958064 
7.006451 
7.093547 
7.141935 
7.193548 
7.229032 
7.270967 
7.335483 
7.677419 
7.929031 
8.177418 
8.351612 
8.467741 
8.487095 
8.403224 
8.248386 
8.038708 
7.774193 
7.464515 
7.167741 
6.912902 
6.699999 
6.690322 
6.767741 
6.867741 
6.938709 
7.006451 
7.064515 
7.125806 
7.180644 
7.216128 
7.251612 
7.274193 
7.32258 
7.335483 
7.364515 
7.38387 
7.409677 
7.419354 
7.441935 
7.448386 
7.464515 
7.48387 
7.535483 
7.667741 
7.961289 
8.18387 
8.203225 
8.04516 
7.758064 
7.409677 
7.18387 
7.22258 
7.264515 
7.306451 
7.374193 
7.38387 
7.141935 
6.66129 
9.199999 
12.80645 
10.65161 
6.590322 
5.906451 
6.535483 
6.680644 
6.803225 
6.861289 
6.970967 
7.019354 
7.061289 
7.129032 
7.177419 
7.216128 
7.251612 
7.316128 
7.599999 
7.887096 
8.132257 
8.34516 
8.454837 
8.503225 
8.454837 
8.290322 
8.099999 
7.829031 
7.535483 
7.232257 
6.935483 
6.735483 
6.648386 
6.741935 
6.858064 
6.919354 
7.009676 
7.061289 
7.12258 
7.151612 
7.219354 
7.245161 
7.293548 
7.312902 
7.348386 
7.370967 
7.396773 
7.412902 
7.438709 
7.451612 
7.454838 
7.477418 
7.477418 
7.490322 
7.612902 
7.919354 
8.167741 
8.206451 
8.083869 
7.780644 
7.438709 
7.18387 
7.225806 
7.267741 
7.290322 
7.325806 
7.358064 
7.364515 
7.341935 
6.677419 
7.938709 
11.72257 
12.09354 
7.890322 
5.916128 
6.332257 
6.645161 
6.738709 
6.838709 
6.912902 
6.987096 
7.038709 
7.106451 
7.148386 
7.209677 
7.245161 
7.280644 
7.52258 
7.780644 
8.04516 
8.267741 
8.412902 
8.487095 
8.477418 
8.358063 
8.18387 
7.938709 
7.651612 
7.348386 
7.064515 
6.825806 
6.658064 
6.729032 
6.82258 
6.893548 
6.967741 
7.04516 
7.103225 
7.167741 
7.209677 
7.232257 
7.287096 
7.319354 
7.338709 
7.367741 
7.374193 
7.393548 
7.425806 
7.432257 
7.451612 
7.458064 
7.493547 
7.477418 
7.516128 
7.787096 
8.051611 
8.209676 
8.151612 
7.916128 
7.590322 
7.280644 
7.22258 
7.254838 
7.303225 
7.312902 
7.335483 
7.361289 
7.377418 
6.961289 
6.935483 
10.05161 
12.99032 
9.732257 
6.22258 
5.98387 
6.609677 
6.706451 
6.793548 
6.890322 
6.94516 
7.019354 
7.129032 
7.148386 
7.193548 
7.209677 
7.270967 
7.380644 
7.664515 
7.94516 
8.199999 
8.377418 
8.467741 
8.499999 
8.422579 
8.261289 
8.048386 
7.770967 
7.467741 
7.177419 
6.906451 
6.687096 
6.670967 
6.767741 
6.870967 
6.94516 
7.006451 
7.070967 
7.129032 
7.18387 
7.216128 
7.26129 
7.270967 
7.309677 
7.361289 
7.374193 
7.390322 
7.412902 
7.419354 
7.44516 
7.464515 
7.470967 
7.480644 
7.490322 
7.648386 
7.961289 
8.18387 
8.203225 
8.035483 
7.735483 
7.406451 
7.18387 
7.22258 
7.251612 
7.28387 
7.306451 
7.354838 
7.370967 
7.309677 
6.635483 
8.312902 
12.12257 
11.69677 
7.419354 
5.890322 
6.42258 
6.670967 
6.767741 
6.861289 
6.92258 
6.990322 
7.074193 
7.112902 
7.174193 
7.219354 
7.258064 
7.287096 
7.52258 
7.809677 
8.061289 
8.287096 
8.435482 
8.48387 
8.441934 
8.341935 
8.18387 
7.919354 
7.632257 
7.325806 
7.035483 
6.793548 
6.648386 
6.72258 
6.806451 
6.899999 
6.987096 
7.019354 
7.090322 
7.203225 
7.251612 
7.270967 
7.306451 
7.332257 
7.367741 
7.374193 
7.387096 
7.416128 
7.432257 
7.461289 
7.464515 
7.493547 
7.470967 
7.580644 
7.893548 
8.141935 
8.209676 
8.083869 
7.803225 
7.467741 
7.206451 
7.232257 
7.251612 
7.287096 
7.319354 
7.335483 
7.358064 
7.335483 
6.703225 
7.745161 
11.42257 
12.30322 
8.190321 
5.932257 
6.267741 
6.648386 
6.741935 
6.84516 
6.906451 
6.98387 
7.054838 
7.119354 
7.154838 
7.206451 
7.238709 
7.280644 
7.467741 
7.770967 
8.032257 
8.229031 
8.396773 
8.499999 
8.467741 
8.374193 
8.196773 
7.951612 
7.664515 
7.370967 
7.077418 
6.829031 
6.625806 
6.716128 
6.812902 
6.890322 
6.961289 
7.035483 
7.103225 
7.154838 
7.206451 
7.238709 
7.267741 
7.299999 
7.341935 
7.361289 
7.390322 
7.390322 
7.412902 
7.435483 
7.448386 
7.464515 
7.470967 
7.496773 
7.496773 
7.767741 
8.058063 
8.222579 
8.16129 
7.929031 
7.609676 
7.296773 
7.206451 
7.248386 
7.274193 
7.303225 
7.329031 
7.358064 
7.380644 
6.993547 
6.84516 
9.864515 
12.99677 
9.916128 
6.280644 
5.961289 
6.593547 
6.706451 
6.793548 
6.887096 
6.948386 
7.035483 
7.087096 
7.151612 
7.187096 
7.232257 
7.254838 
7.354838 
7.648386 
7.94516 
8.180644 
8.367741 
8.474192 
8.496773 
8.425806 
8.270967 
8.048386 
7.78387 
7.493547 
7.177419 
6.916128 
6.719354 
6.667741 
6.767741 
6.861289 
6.932257 
7.02258 
7.074193 
7.151612 
7.174193 
7.216128 
7.264515 
7.290322 
7.312902 
7.34516 
7.374193 
7.412902 
7.393548 
7.42258 
7.44516 
7.467741 
7.480644 
7.474193 
7.477418 
7.645161 
7.987096 
8.158063 
8.203225 
8.048386 
7.725806 
7.387096 
7.18387 
7.235483 
7.254838 
7.270967 
7.325806 
7.338709 
7.370967 
7.28387 
6.619354 
8.30645 
12.11935 
11.69032 
7.406451 
5.858064 
6.396773 
6.66129 
6.738709 
6.851612 
6.951612 
7.009676 
7.070967 
7.093547 
7.174193 
7.209677 
7.248386 
7.287096 
7.538709 
7.819354 
8.077418 
8.280644 
8.44516 
8.499999 
8.464515 
8.354838 
8.158063 
7.903225 
7.599999 
7.309677 
7.038709 
6.796773 
6.654838 
6.745161 
6.82258 
6.909677 
6.980644 
7.054838 
7.103225 
7.167741 
7.206451 
7.241935 
7.280644 
7.303225 
7.329031 
7.367741 
7.38387 
7.393548 
7.435483 
7.441935 
7.451612 
7.474193 
7.474193 
7.48387 
7.525805 
7.829031 
8.093547 
8.203225 
8.135483 
7.880644 
7.538709 
7.232257 
7.22258 
7.258064 
7.287096 
7.332257 
7.351612 
7.374193 
7.377418 
6.864515 
7.164515 
10.49032 
12.89999 
9.235483 
6.087096 
6.080644 
6.612903 
6.719354 
6.803225 
6.893548 
6.958064 
7.035483 
7.154838 
7.203225 
7.232257 
7.277419 
7.458064 
7.764515 
8.041934 
8.267741 
8.409676 
8.493547 
8.467741 
8.374193 
8.193548 
7.948386 
7.664515 
7.367741 
7.074193 
6.832257 
6.635483 
6.709677 
6.790322 
6.903225 
6.964515 
7.035483 
7.103225 
7.145161 
7.193548 
7.245161 
7.264515 
7.299999 
7.319354 
7.358064 
7.374193 
7.393548 
7.416128 
7.438709 
7.448386 
7.464515 
7.464515 
7.464515 
7.490322 
7.777419 
8.035483 
8.199999 
8.151612 
7.925806 
7.587096 
7.277419 
7.193548 
7.22258 
7.287096 
7.306451 
7.341935 
7.348386 
7.390322 
7.006451 
6.854838 
9.870966 
13.0129 
9.922579 
6.287096 
5.974193 
6.590322 
6.712903 
6.806451 
6.88387 
6.951612 
7.019354 
7.070967 
7.129032 
7.193548 
7.238709 
7.277419 
7.348386 
7.638709 
7.925806 
8.177418 
8.370966 
8.480644 
8.487095 
8.425806 
8.274192 
8.04516 
7.787096 
7.48387 
7.209677 
6.909677 
6.716128 
6.670967 
6.777419 
6.861289 
6.941935 
6.999999 
7.077418 
7.135483 
7.174193 
7.209677 
7.245161 
7.28387 
7.316128 
7.354838 
7.377418 
7.393548 
7.412902 
7.42258 
7.448386 
7.451612 
7.458064 
7.458064 
7.480644 
7.645161 
7.938709 
8.154838 
8.206451 
8.061289 
7.754838 
7.425806 
7.177419 
7.22258 
7.26129 
7.287096 
7.32258 
7.351612 
7.377418 
7.316128 
6.632257 
8.190321 
11.99354 
11.82903 
7.570967 
5.893548 
6.367741 
6.641935 
6.745161 
6.829031 
6.935483 
7.006451 
7.064515 
7.109676 
7.141935 
7.212903 
7.241935 
7.293548 
7.512902 
7.816128 
8.070966 
8.270967 
8.416128 
8.50645 
8.461289 
8.354838 
8.170967 
7.919354 
7.603225 
7.335483 
7.035483 
6.790322 
6.638709 
6.735483 
6.803225 
6.906451 
6.977418 
7.019354 
7.090322 
7.148386 
7.206451 
7.241935 
7.280644 
7.299999 
7.335483 
7.351612 
7.370967 
7.406451 
7.396773 
7.441935 
7.451612 
7.451612 
7.474193 
7.48387 
7.503225 
7.812902 
8.067741 
8.209676 
8.122579 
7.893548 
7.548386 
7.245161 
7.216128 
7.254838 
7.299999 
7.312902 
7.34516 
7.370967 
7.387096 
6.893548 
7.129032 
10.40322 
12.91935 
9.338708 
6.12258 
6.061289 
6.593547 
6.732257 
6.799999 
6.896773 
6.970967 
7.02258 
7.087096 
7.148386 
7.199999 
7.219354 
7.277419 
7.409677 
7.696774 
7.974193 
8.212903 
8.390321 
8.474192 
8.477418 
8.406451 
8.251612 
8.012902 
7.745161 
7.44516 
7.148386 
6.880644 
6.674193 
6.674193 
6.78387 
6.874193 
6.941935 
7.006451 
7.074193 
7.125806 
7.196774 
7.232257 
7.248386 
7.299999 
7.325806 
7.361289 
7.390322 
7.387096 
7.419354 
7.435483 
7.458064 
7.467741 
7.470967 
7.477418 
7.487096 
7.703225 
8.193548 
8.170967 
7.94516 
7.612902 
7.296773 
7.203225 
7.241935 
7.28387 
7.319354 
7.34516 
7.361289 
7.380644 
7.048386 
6.780644 
9.680644 
12.95161 
10.12257 
6.338709 
5.967741 
6.58387 
6.696774 
6.793548 
6.887096 
6.954838 
7.032257 
7.087096 
7.141935 
7.18387 
7.22258 
7.251612 
7.32258 
7.629032 
7.916128 
8.16129 
8.364515 
8.461289 
8.477418 
8.432257 
8.274192 
8.070966 
7.799999 
7.493547 
7.209677 
6.935483 
6.72258 
6.658064 
6.780644 
6.893548 
6.941935 
6.999999 
7.051612 
7.112902 
7.170967 
7.206451 
7.241935 
7.290322 
7.312902 
7.351612 
7.374193 
7.387096 
7.412902 
7.438709 
7.454838 
7.458064 
7.467741 
7.490322 
7.48387 
7.651612 
7.94516 
8.170967 
8.193548 
8.064515 
7.758064 
7.432257 
7.18387 
7.235483 
7.238709 
7.299999 
7.306451 
7.34516 
7.380644 
7.306451 
6.632257 
8.112902 
11.89677 
11.90322 
7.658064 
5.893548 
6.358064 
6.641935 
6.754838 
6.848386 
6.929031 
6.996773 
7.061289 
7.112902 
7.170967 
7.216128 
7.26129 
7.316128 
7.506451 
7.787096 
8.070966 
8.287096 
8.451612 
8.496773 
8.461289 
8.374193 
8.167741 
7.912902 
7.62258 
7.341935 
7.064515 
6.812902 
6.629032 
6.719354 
6.816128 
6.912902 
6.961289 
7.058063 
7.112902 
7.164515 
7.193548 
7.238709 
7.287096 
7.293548 
7.335483 
7.361289 
7.380644 
7.396773 
7.42258 
7.425806 
7.451612 
7.458064 
7.451612 
7.48387 
7.506451 
7.819354 
8.074193 
8.219354 
8.148386 
7.903225 
7.558063 
7.254838 
7.212903 
7.248386 
7.290322 
7.299999 
7.361289 
7.367741 
7.396773 
6.919354 
7.106451 
10.35483 
12.95806 
9.403224 
6.12258 
6.04516 
6.612903 
6.706451 
6.812902 
6.880644 
6.967741 
7.029031 
7.099999 
7.141935 
7.177419 
7.241935 
7.280644 
7.393548 
7.68387 
7.964515 
8.219354 
8.387096 
8.470967 
8.487095 
8.399999 
8.248386 
8.016128 
7.719354 
7.42258 
7.154838 
6.896773 
6.703225 
6.693548 
6.78387 
6.88387 
6.94516 
7.006451 
7.064515 
7.138709 
7.180644 
7.225806 
7.258064 
7.287096 
7.32258 
7.348386 
7.367741 
7.393548 
7.416128 
7.441935 
7.44516 
7.454838 
7.464515 
7.464515 
7.490322 
7.690322 
7.993547 
8.164515 
8.196773 
8.019353 
7.690322 
7.358064 
7.193548 
7.238709 
7.254838 
7.293548 
7.309677 
7.354838 
7.387096 
7.241935 
6.590322 
8.764515 
12.5387 
11.17419 
6.948386 
5.858064 
6.480644 
6.658064 
6.767741 
6.851612 
6.932257 
6.999999 
7.080644 
7.099999 
7.170967 
7.245161 
7.248386 
7.293548 
7.577418 
7.838709 
8.106451 
8.319354 
8.458064 
8.499999 
8.448386 
8.325805 
8.125805 
7.854838 
7.561289 
6.932257 
6.690322 
6.66129 
6.767741 
6.858064 
6.932257 
7.006451 
7.074193 
7.112902 
7.18387 
7.225806 
7.248386 
7.293548 
7.306451 
7.348386 
7.387096 
7.396773 
7.416128 
7.42258 
7.432257 
7.470967 
7.467741 
7.487096 
7.464515 
7.651612 
7.993547 
8.154838 
8.199999 
8.058063 
7.754838 
7.409677 
7.177419 
7.232257 
7.264515 
7.296773 
7.316128 
7.348386 
7.370967 
7.296773 
6.62258 
8.299999 
12.1258 
11.7258 
7.487096 
5.880644 
6.387096 
6.664515 
6.758064 
6.858064 
6.935483 
7.003225 
7.070967 
7.103225 
7.167741 
7.196774 
7.254838 
7.290322 
7.516128 
7.803225 
8.058063 
8.293547 
8.429031 
8.490322 
8.458064 
8.361289 
8.16129 
7.906451 
7.609676 
7.309677 
7.041934 
6.799999 
6.625806 
6.735483 
6.816128 
6.935483 
6.990322 
7.038709 
7.103225 
7.145161 
7.199999 
7.238709 
7.264515 
7.303225 
7.348386 
7.361289 
7.380644 
7.406451 
7.412902 
7.432257 
7.438709 
7.470967 
7.467741 
7.477418 
7.525805 
7.829031 
8.087096 
8.212903 
8.141935 
7.858064 
7.519354 
7.216128 
7.216128 
7.245161 
7.296773 
7.316128 
7.338709 
7.367741 
7.374193 
6.829031 
7.274193 
10.64838 
12.84838 
9.070966 
6.067741 
6.093547 
6.616128 
6.729032 
6.809677 
6.896773 
6.964515 
7.032257 
7.080644 
7.154838 
7.190322 
7.235483 
7.258064 
7.403225 
7.712903 
7.958064 
8.235483 
8.396773 
8.480644 
8.477418 
8.38387 
8.251612 
8.003225 
7.719354 
7.435483 
7.132257 
6.867741 
6.687096 
6.703225 
6.799999 
6.880644 
6.958064 
7.019354 
7.087096 
7.135483 
7.199999 
7.229032 
7.274193 
7.290322 
7.319354 
7.364515 
7.370967 
7.390322 
7.419354 
7.432257 
7.448386 
7.44516 
7.474193 
7.480644 
7.480644 
7.729032 
8.019353 
8.196773 
8.180644 
7.993547 
7.648386 
7.325806 
7.18387 
7.241935 
7.270967 
7.306451 
7.351612 
7.354838 
7.377418 
7.164515 
6.641935 
9.170967 
12.77096 
10.67096 
6.616128 
5.896773 
6.532257 
6.677419 
6.793548 
6.864515 
6.954838 
7.025805 
7.067741 
7.125806 
7.190322 
7.232257 
7.258064 
7.32258 
7.590322 
7.893548 
8.141935 
8.348386 
8.467741 
8.499999 
8.441934 
8.309677 
8.090321 
7.851612 
7.52258 
7.241935 
6.970967 
6.732257 
6.667741 
6.751612 
6.838709 
6.941935 
7.003225 
7.080644 
7.112902 
7.16129 
7.190322 
7.238709 
7.280644 
7.306451 
7.338709 
7.370967 
7.377418 
7.403225 
7.42258 
7.448386 
7.461289 
7.470967 
7.470967 
7.496773 
7.596773 
7.893548 
8.122579 
8.209676 
8.087096 
7.796773 
7.464515 
7.190322 
7.232257 
7.258064 
7.293548 
7.312902 
7.341935 
7.354838 
7.34516 
6.703225 
7.803225 
11.52257 
7.199999 
5.877418 
6.454838 
6.690322 
6.764515 
6.858064 
6.935483 
7.019354 
7.064515 
7.106451 
7.190322 
7.219354 
7.254838 
7.293548 
7.551612 
7.832257 
8.093547 
8.30645 
8.44516 
8.490322 
8.464515 
8.329031 
8.148386 
7.887096 
7.587096 
7.290322 
7.006451 
6.787096 
6.625806 
6.745161 
6.803225 
6.929031 
6.990322 
7.067741 
7.103225 
7.151612 
7.203225 
7.26129 
7.290322 
7.299999 
7.325806 
7.358064 
7.377418 
7.412902 
7.412902 
7.438709 
7.461289 
7.467741 
7.470967 
7.480644 
7.554838 
7.838709 
8.077418 
8.209676 
8.122579 
7.848386 
7.506451 
7.203225 
7.232257 
7.254838 
7.277419 
7.319354 
7.348386 
7.364515 
7.377418 
6.770967 
7.393548 
10.84838 
12.72257 
8.854838 
6.038709 
6.138709 
6.616128 
6.741935 
6.829031 
6.906451 
6.967741 
7.054838 
7.103225 
7.164515 
7.196774 
7.245161 
7.270967 
7.406451 
7.712903 
7.980644 
8.219354 
8.390321 
8.487095 
8.477418 
8.390321 
8.235483 
8.00645 
7.712903 
7.438709 
7.129032 
6.880644 
6.664515 
6.690322 
6.809677 
6.893548 
6.94516 
7.035483 
7.090322 
7.148386 
7.180644 
7.232257 
7.264515 
7.299999 
7.335483 
7.370967 
7.377418 
7.393548 
7.412902 
7.438709 
7.451612 
7.44516 
7.474193 
7.474193 
7.490322 
7.729032 
8.012902 
8.187096 
8.187096 
7.98387 
7.654838 
7.306451 
7.190322 
7.219354 
7.267741 
7.299999 
7.338709 
7.361289 
7.374193 
7.151612 
6.66129 
9.241934 
12.82903 
10.60967 
6.564515 
5.906451 
6.538709 
6.670967 
6.790322 
6.867741 
6.941935 
7.038709 
7.080644 
7.119354 
7.187096 
7.216128 
7.251612 
7.319354 
7.603225 
7.890322 
8.148386 
8.341935 
8.458064 
8.493547 
8.432257 
8.296773 
8.109676 
7.82258 
7.529031 
7.235483 
6.954838 
6.719354 
6.645161 
6.767741 
6.84516 
6.925806 
6.987096 
7.064515 
7.112902 
7.16129 
7.193548 
7.251612 
7.296773 
7.312902 
7.34516 
7.374193 
7.393548 
7.409677 
7.416128 
7.441935 
7.454838 
7.467741 
7.458064 
7.474193 
7.606451 
7.896773 
8.125805 
8.203225 
8.087096 
7.780644 
7.451612 
7.129032 
7.212903 
7.270967 
7.287096 
7.293548 
7.335483 
7.364515 
7.335483 
6.670967 
7.874193 
11.63548 
12.15806 
7.98387 
5.919354 
6.290322 
6.632257 
6.748386 
6.825806 
6.935483 
6.98387 
7.04516 
7.132257 
7.180644 
7.212903 
7.248386 
7.270967 
7.487096 
7.78387 
8.035483 
8.254837 
8.419354 
8.48387 
8.461289 
8.387096 
8.190321 
7.935483 
7.658064 
7.364515 
7.064515 
6.812902 
6.635483 
6.735483 
6.796773 
6.893548 
6.961289 
7.038709 
7.141935 
7.145161 
7.196774 
7.238709 
7.274193 
7.293548 
7.329031 
7.364515 
7.396773 
7.406451 
7.432257 
7.44516 
7.464515 
7.467741 
7.496773 
7.561289 
7.858064 
8.116127 
8.225806 
8.122579 
7.835483 
7.509676 
7.209677 
7.232257 
7.238709 
7.28387 
7.338709 
7.358064 
7.377418 
7.377418 
6.764515 
7.458064 
10.98709 
12.62903 
8.693548 
5.999999 
6.158064 
6.632257 
6.735483 
6.82258 
6.903225 
6.961289 
7.038709 
7.090322 
7.141935 
7.206451 
7.248386 
7.361289 
7.44516 
7.745161 
7.977418 
8.225806 
8.399999 
8.464515 
8.464515 
8.387096 
8.216128 
7.954838 
7.693548 
7.409677 
7.096773 
6.858064 
6.651612 
6.709677 
6.809677 
6.880644 
6.967741 
7.041934 
7.080644 
7.148386 
7.193548 
7.241935 
7.277419 
7.293548 
7.332257 
7.364515 
7.370967 
7.42258 
7.412902 
7.42258 
7.44516 
7.477418 
7.470967 
7.487096 
7.496773 
7.735483 
8.025805 
8.196773 
8.164515 
7.967741 
7.638709 
7.335483 
7.199999 
7.216128 
7.287096 
7.312902 
7.329031 
7.364515 
7.377418 
7.12258 
6.703225 
9.390321 
12.87419 
10.43548 
6.487096 
5.896773 
6.54516 
6.667741 
6.764515 
6.864515 
6.951612 
6.990322 
7.070967 
7.119354 
7.174193 
7.216128 
7.264515 
7.303225 
7.599999 
7.874193 
8.154838 
8.332257 
8.470967 
8.48387 
8.448386 
8.277419 
8.074193 
7.825806 
7.509676 
7.232257 
6.951612 
6.719354 
6.674193 
6.767741 
6.841935 
6.925806 
7.019354 
7.058063 
7.145161 
7.164515 
7.212903 
7.241935 
7.28387 
7.329031 
7.34516 
7.38387 
7.38387 
7.412902 
7.432257 
7.448386 
7.461289 
7.480644 
7.480644 
7.480644 
7.612902 
7.929031 
8.151612 
8.203225 
8.083869 
7.803225 
7.464515 
7.196774 
7.232257 
7.267741 
7.293548 
7.316128 
7.358064 
7.387096 
7.329031 
6.677419 
7.929031 
11.68064 
12.11935 
7.932257 
5.912902 
6.309677 
6.645161 
6.745161 
6.848386 
6.903225 
6.987096 
7.054838 
7.109676 
7.12258 
7.190322 
7.245161 
7.264515 
7.480644 
7.78387 
8.04516 
8.261289 
8.412902 
8.487095 
8.458064 
8.374193 
8.187096 
7.948386 
7.645161 
7.348386 
7.077418 
6.819354 
6.629032 
6.703225 
6.812902 
6.890322 
6.961289 
7.035483 
7.103225 
7.154838 
7.18387 
7.235483 
7.264515 
7.303225 
7.338709 
7.374193 
7.370967 
7.396773 
7.416128 
7.435483 
7.454838 
7.441935 
7.467741 
7.519354 
7.493547 
7.793548 
8.058063 
8.209676 
8.138709 
7.916128 
7.577418 
7.26129 
7.225806 
7.26129 
7.287096 
7.309677 
7.354838 
7.364515 
7.374193 
6.974193 
6.958064 
10.10645 
12.98709 
9.664515 
6.203225 
5.999999 
6.596773 
6.703225 
6.806451 
6.877418 
6.974193 
7.041934 
7.090322 
7.145161 
7.18387 
7.193548 
7.267741 
7.354838 
7.670967 
8.235483 
8.412902 
8.467741 
8.467741 
8.393548 
8.219354 
7.964515 
7.690322 
7.390322 
7.090322 
6.854838 
6.658064 
6.699999 
6.806451 
6.864515 
6.970967 
7.003225 
7.099999 
7.132257 
7.18387 
7.238709 
7.254838 
7.296773 
7.325806 
7.361289 
7.38387 
7.396773 
7.42258 
7.44516 
7.454838 
7.451612 
7.474193 
7.490322 
7.496773 
7.751612 
8.016128 
8.203225 
8.158063 
7.954838 
7.641935 
7.303225 
7.193548 
7.254838 
7.274193 
7.316128 
7.34516 
7.361289 
7.358064 
7.080644 
6.745161 
9.561289 
12.93548 
10.2387 
6.412902 
5.925806 
6.570967 
6.696774 
6.774193 
6.877418 
6.948386 
7.029031 
7.087096 
7.129032 
7.187096 
7.212903 
7.248386 
7.309677 
7.612902 
7.909677 
8.158063 
8.34516 
8.470967 
8.50645 
8.435482 
8.274192 
8.074193 
7.787096 
7.496773 
7.193548 
6.958064 
6.709677 
6.677419 
6.774193 
6.854838 
6.948386 
6.993547 
7.070967 
7.125806 
7.174193 
7.229032 
7.258064 
7.280644 
7.319354 
7.341935 
7.380644 
7.380644 
7.416128 
7.412902 
7.454838 
7.464515 
7.480644 
7.474193 
7.493547 
7.635483 
7.935483 
8.14516 
8.199999 
8.061289 
7.732257 
7.419354 
7.193548 
7.238709 
7.258064 
7.299999 
7.32258 
7.358064 
7.370967 
7.309677 
6.651612 
8.151612 
11.96774 
11.86774 
7.596773 
5.887096 
6.354838 
6.638709 
6.738709 
6.838709 
6.92258 
6.996773 
7.058063 
7.119354 
7.167741 
7.196774 
7.229032 
7.270967 
7.493547 
7.796773 
8.048386 
8.274192 
8.429031 
8.493547 
8.464515 
8.348386 
8.158063 
7.929031 
7.612902 
7.312902 
7.04516 
6.809677 
6.62258 
6.72258 
6.806451 
6.899999 
6.970967 
7.038709 
7.103225 
7.158064 
7.203225 
7.245161 
7.277419 
7.306451 
7.341935 
7.361289 
7.374193 
7.387096 
7.412902 
7.432257 
7.464515 
7.461289 
7.464515 
7.477418 
7.519354 
7.812902 
8.074193 
8.212903 
8.135483 
7.893548 
7.541934 
7.241935 
7.216128 
7.277419 
7.274193 
7.306451 
7.34516 
7.370967 
7.380644 
6.88387 
7.103225 
10.35483 
12.94193 
9.367741 
6.135483 
6.051612 
6.612903 
6.729032 
6.809677 
6.92258 
7.003225 
7.029031 
7.093547 
7.129032 
7.174193 
7.232257 
7.267741 
7.393548 
7.709677 
7.98387 
8.203225 
8.387096 
8.490322 
8.470967 
8.390321 
8.254837 
8.016128 
7.712903 
7.435483 
7.138709 
6.896773 
6.693548 
6.703225 
6.803225 
6.874193 
6.94516 
7.029031 
7.08387 
7.132257 
7.174193 
7.22258 
7.251612 
7.293548 
7.332257 
7.361289 
7.374193 
7.399999 
7.403225 
7.432257 
7.44516 
7.464515 
7.454838 
7.470967 
7.490322 
7.690322 
7.977418 
8.170967 
8.18387 
8.00645 
7.709677 
7.364515 
7.190322 
7.270967 
7.309677 
7.335483 
7.364515 
7.396773 
7.04516 
6.806451 
9.719354 
12.97096 
10.06128 
6.316128 
5.951612 
6.577418 
6.699999 
6.812902 
6.880644 
6.970967 
7.025805 
7.090322 
7.16129 
7.177419 
7.22258 
7.251612 
7.335483 
7.641935 
7.92258 
8.174193 
8.354838 
8.474192 
8.499999 
8.432257 
8.290322 
8.058063 
7.799999 
7.499999 
7.199999 
6.935483 
6.72258 
6.677419 
6.780644 
6.867741 
6.929031 
6.996773 
7.070967 
7.106451 
7.170967 
7.22258 
7.26129 
7.28387 
7.32258 
7.341935 
7.374193 
7.393548 
7.409677 
7.419354 
7.425806 
7.44516 
7.458064 
7.474193 
7.470967 
7.619354 
7.925806 
8.16129 
8.203225 
8.070966 
7.76129 
7.42258 
7.177419 
7.225806 
7.251612 
7.303225 
7.332257 
7.354838 
7.358064 
7.325806 
6.641935 
8.067741 
11.85806 
11.90967 
7.719354 
5.887096 
6.338709 
6.648386 
6.767741 
6.835483 
6.935483 
6.990322 
7.061289 
7.103225 
7.158064 
7.209677 
7.254838 
7.280644 
7.490322 
7.777419 
8.058063 
8.258064 
8.422579 
8.50645 
8.458064 
8.377418 
8.174193 
7.932257 
7.62258 
7.351612 
7.054838 
6.803225 
6.616128 
6.738709 
6.793548 
6.896773 
6.974193 
7.04516 
7.106451 
7.154838 
7.196774 
7.26129 
7.28387 
7.316128 
7.341935 
7.34516 
7.38387 
7.396773 
7.403225 
7.432257 
7.44516 
7.461289 
7.464515 
7.470967 
7.506451 
7.803225 
8.067741 
8.222579 
8.138709 
7.912902 
7.580644 
7.270967 
7.206451 
7.248386 
7.290322 
7.325806 
7.370967 
7.38387 
7.399999 
6.974193 
7.003225 
10.1387 
12.98387 
9.648386 
6.206451 
6.009676 
6.590322 
6.706451 
6.82258 
6.893548 
6.964515 
7.02258 
7.096773 
7.135483 
7.190322 
7.209677 
7.258064 
7.348386 
7.667741 
7.932257 
8.177418 
8.374193 
8.480644 
8.480644 
8.412902 
8.248386 
8.032257 
7.738709 
7.461289 
7.170967 
6.903225 
6.680644 
6.645161 
6.764515 
6.874193 
6.932257 
7.009676 
7.077418 
7.116128 
7.154838 
7.225806 
7.245161 
7.293548 
7.32258 
7.319354 
7.377418 
7.406451 
7.432257 
7.438709 
7.454838 
7.441935 
7.451612 
7.474193 
7.477418 
7.677419 
7.977418 
8.16129 
8.18387 
8.038708 
7.703225 
7.377418 
7.190322 
7.225806 
7.267741 
7.312902 
7.338709 
7.348386 
7.370967 
7.251612 
6.606451 
8.625805 
12.42903 
11.34838 
7.061289 
5.854838 
6.470967 
6.670967 
6.777419 
6.854838 
6.935483 
7.009676 
7.04516 
7.129032 
7.16129 
7.22258 
7.248386 
7.287096 
7.567741 
7.841935 
8.093547 
8.296773 
8.435482 
8.496773 
8.454837 
8.332257 
8.135483 
7.88387 
7.590322 
7.287096 
7.019354 
6.780644 
6.638709 
6.748386 
6.835483 
6.919354 
7.061289 
7.106451 
7.16129 
7.209677 
7.245161 
7.274193 
7.293548 
7.338709 
7.374193 
7.403225 
7.425806 
7.412902 
7.435483 
7.461289 
7.467741 
7.480644 
7.48387 
7.641935 
7.938709 
8.154838 
8.196773 
8.077418 
7.76129 
7.429031 
7.177419 
7.212903 
7.267741 
7.299999 
7.309677 
7.332257 
7.387096 
7.325806 
6.645161 
8.087096 
11.9129 
11.94838 
7.729032 
5.899999 
6.367741 
6.664515 
6.735483 
6.835483 
6.909677 
7.003225 
7.058063 
7.12258 
7.177419 
7.216128 
7.251612 