
7.309677 
7.212903 
7.248386 
7.28387 
7.312902 
7.341935 
7.348386 
7.399999 
7.041934 
6.767741 
9.754837 
12.99677 
10.04516 
6.293548 
5.967741 
6.574193 
6.706451 
6.793548 
6.880644 
6.958064 
7.029031 
7.070967 
7.135483 
7.18387 
7.209677 
7.254838 
7.354838 
7.651612 
7.94516 
8.193548 
8.351612 
8.474192 
8.493547 
8.432257 
8.267741 
8.048386 
7.790322 
7.48387 
7.187096 
6.925806 
6.703225 
6.674193 
6.76129 
6.864515 
6.94516 
7.019354 
7.058063 
7.112902 
7.167741 
7.212903 
7.274193 
7.290322 
7.329031 
7.351612 
7.374193 
7.380644 
7.406451 
7.435483 
7.44516 
7.454838 
7.470967 
7.490322 
7.490322 
7.667741 
7.964515 
8.174193 
8.196773 
8.04516 
7.748386 
7.393548 
7.193548 
7.235483 
7.270967 
7.274193 
7.325806 
7.34516 
7.367741 
7.280644 
6.590322 
8.438709 
12.26128 
11.5387 
7.267741 
5.887096 
6.438709 
6.674193 
6.767741 
6.864515 
6.932257 
7.003225 
7.067741 
7.129032 
7.180644 
7.219354 
7.270967 
7.296773 
7.525805 
7.832257 
8.106451 
8.28387 
8.435482 
8.493547 
8.470967 
8.341935 
8.151612 
7.890322 
7.577418 
7.296773 
7.035483 
6.767741 
6.62258 
6.745161 
6.825806 
6.919354 
6.98387 
7.035483 
7.106451 
7.174193 
7.203225 
7.251612 
7.28387 
7.312902 
7.338709 
7.367741 
7.387096 
7.38387 
7.412902 
7.432257 
7.458064 
7.458064 
7.470967 
7.487096 
7.54516 
7.832257 
8.103224 
8.212903 
8.132257 
7.864515 
7.52258 
7.196774 
7.199999 
7.241935 
7.28387 
7.309677 
7.351612 
7.351612 
7.399999 
6.819354 
7.341935 
10.77741 
12.77741 
8.899999 
6.035483 
6.135483 
6.599999 
6.735483 
6.838709 
6.887096 
6.974193 
7.035483 
7.106451 
7.158064 
7.199999 
7.248386 
7.270967 
7.435483 
7.72258 
7.98387 
8.229031 
8.393548 
8.467741 
8.467741 
8.370966 
8.245161 
7.964515 
7.706451 
7.412902 
7.129032 
6.854838 
6.654838 
6.703225 
6.796773 
6.88387 
6.964515 
7.012902 
7.099999 
7.148386 
7.187096 
7.229032 
7.26129 
7.287096 
7.335483 
7.358064 
7.380644 
7.403225 
7.42258 
7.438709 
7.451612 
7.461289 
7.464515 
7.474193 
7.493547 
7.712903 
8.016128 
8.199999 
8.180644 
7.980644 
7.654838 
7.325806 
7.209677 
7.245161 
7.274193 
7.303225 
7.335483 
7.361289 
7.377418 
7.116128 
6.703225 
9.412902 
12.89354 
10.39354 
6.470967 
5.919354 
6.561289 
6.680644 
6.767741 
6.970967 
7.038709 
7.106451 
7.16129 
7.190322 
7.22258 
7.267741 
7.390322 
7.690322 
7.987096 
8.199999 
8.38387 
8.474192 
8.480644 
8.367741 
8.264515 
8.009676 
7.738709 
7.454838 
7.148386 
6.887096 
6.670967 
6.68387 
6.790322 
6.864515 
6.951612 
6.990322 
7.090322 
7.129032 
7.190322 
7.229032 
7.264515 
7.306451 
7.329031 
7.361289 
7.380644 
7.390322 
7.42258 
7.425806 
7.448386 
7.441935 
7.474193 
7.467741 
7.477418 
7.696774 
7.996773 
8.18387 
8.18387 
7.999999 
7.68387 
7.354838 
7.199999 
7.232257 
7.264515 
7.303225 
7.34516 
7.358064 
7.380644 
7.193548 
6.632257 
8.890321 
12.64193 
11.00645 
6.816128 
5.893548 
6.52258 
6.677419 
6.793548 
6.854838 
6.938709 
7.025805 
7.074193 
7.125806 
7.18387 
7.196774 
7.251612 
7.299999 
7.587096 
7.877418 
8.106451 
8.32258 
8.454837 
8.496773 
8.451612 
8.309677 
8.099999 
7.867741 
7.54516 
7.258064 
6.977418 
6.76129 
6.664515 
6.76129 
6.84516 
6.929031 
6.993547 
7.070967 
7.12258 
7.177419 
7.187096 
7.238709 
7.280644 
7.319354 
7.354838 
7.364515 
7.393548 
7.38387 
7.42258 
7.441935 
7.451612 
7.464515 
7.461289 
7.464515 
7.570967 
7.890322 
8.112902 
8.203225 
8.122579 
7.809677 
7.48387 
7.196774 
7.225806 
7.26129 
7.293548 
7.32258 
7.341935 
7.374193 
7.377418 
6.748386 
7.599999 
11.19999 
12.49354 
8.458064 
5.961289 
6.225806 
6.638709 
6.741935 
6.829031 
6.906451 
6.98387 
7.035483 
7.112902 
7.151612 
7.203225 
7.235483 
7.270967 
7.454838 
7.748386 
8.025805 
8.261289 
8.399999 
8.493547 
8.480644 
8.387096 
8.212903 
7.948386 
7.677419 
7.387096 
7.103225 
6.832257 
6.658064 
6.719354 
6.819354 
6.896773 
6.961289 
7.032257 
7.096773 
7.145161 
7.206451 
7.245161 
7.280644 
7.32258 
7.32258 
7.348386 
7.358064 
7.399999 
7.409677 
7.425806 
7.44516 
7.461289 
7.480644 
7.487096 
7.496773 
7.777419 
8.054838 
8.212903 
8.164515 
7.929031 
7.62258 
7.316128 
7.212903 
7.241935 
7.277419 
7.316128 
7.32258 
7.354838 
7.393548 
7.012902 
6.832257 
9.82258 
12.97419 
10.0129 
6.319354 
5.961289 
6.599999 
6.703225 
6.793548 
6.877418 
6.970967 
7.019354 
7.08387 
7.129032 
7.190322 
7.225806 
7.254838 
7.351612 
7.641935 
7.932257 
8.187096 
8.358063 
8.48387 
8.499999 
8.435482 
8.267741 
8.048386 
7.799999 
7.490322 
7.199999 
6.92258 
6.712903 
6.680644 
6.774193 
6.864515 
6.929031 
6.993547 
7.08387 
7.129032 
7.18387 
7.216128 
7.254838 
7.296773 
7.319354 
7.354838 
7.377418 
7.387096 
7.412902 
7.435483 
7.451612 
7.458064 
7.464515 
7.499999 
7.725806 
7.996773 
8.193548 
8.190321 
7.974193 
7.654838 
7.332257 
7.196774 
7.245161 
7.280644 
7.293548 
7.32258 
7.354838 
7.38387 
7.148386 
6.674193 
9.299999 
12.83548 
10.5129 
6.525805 
5.903225 
6.532257 
6.690322 
6.780644 
6.870967 
6.951612 
7.006451 
7.077418 
7.138709 
7.177419 
7.229032 
7.26129 
7.316128 
7.609676 
7.906451 
8.148386 
8.32258 
8.448386 
8.48387 
8.44516 
8.296773 
8.093547 
7.829031 
7.529031 
7.241935 
6.954838 
6.729032 
6.658064 
6.767741 
6.851612 
6.925806 
7.009676 
7.070967 
7.132257 
7.16129 
7.216128 
7.258064 
7.287096 
7.32258 
7.34516 
7.374193 
7.390322 
7.403225 
7.419354 
7.438709 
7.44516 
7.464515 
7.477418 
7.467741 
7.616128 
7.912902 
8.132257 
8.209676 
8.087096 
7.780644 
7.458064 
7.203225 
7.26129 
7.248386 
7.293548 
7.309677 
7.374193 
7.367741 
7.325806 
6.670967 
7.938709 
11.69677 
12.09354 
7.854838 
5.909677 
6.329031 
6.651612 
6.754838 
6.835483 
6.919354 
6.993547 
7.051612 
7.112902 
7.177419 
7.209677 
7.248386 
7.28387 
7.499999 
7.78387 
8.061289 
8.274192 
8.419354 
8.503225 
8.464515 
8.380644 
8.174193 
7.938709 
7.629032 
7.348386 
7.048386 
6.825806 
6.641935 
6.72258 
6.82258 
6.909677 
6.964515 
7.032257 
7.109676 
7.151612 
7.177419 
7.238709 
7.254838 
7.299999 
7.338709 
7.354838 
7.367741 
7.390322 
7.416128 
7.44516 
7.448386 
7.474193 
7.467741 
7.480644 
7.52258 
7.812902 
8.074193 
8.206451 
8.141935 
7.92258 
7.58387 
7.251612 
7.196774 
7.251612 
7.290322 
7.312902 
7.358064 
7.361289 
7.396773 
6.948386 
6.999999 
10.18386 
12.99999 
9.587096 
6.16129 
6.006451 
6.599999 
6.687096 
6.803225 
6.899999 
6.961289 
7.032257 
7.087096 
7.129032 
7.206451 
7.238709 
7.270967 
7.329031 
7.632257 
7.896773 
8.164515 
8.348386 
8.458064 
8.509676 
8.435482 
8.280644 
8.061289 
7.809677 
7.52258 
7.22258 
6.958064 
6.725806 
6.677419 
6.764515 
6.84516 
6.925806 
7.009676 
7.087096 
7.12258 
7.187096 
7.22258 
7.258064 
7.28387 
7.329031 
7.338709 
7.377418 
7.474193 
7.416128 
7.425806 
7.44516 
7.44516 
7.470967 
7.48387 
7.474193 
7.616128 
7.903225 
8.135483 
8.206451 
8.083869 
7.799999 
7.461289 
7.203225 
7.225806 
7.270967 
7.28387 
7.325806 
7.329031 
7.374193 
7.338709 
6.667741 
7.958064 
11.71935 
12.08709 
7.867741 
5.912902 
6.332257 
6.645161 
6.741935 
6.848386 
6.912902 
6.98387 
7.061289 
7.109676 
7.167741 
7.196774 
7.251612 
7.267741 
7.435483 
7.745161 
8.009676 
8.245161 
8.409676 
8.480644 
8.477418 
8.387096 
7.925806 
7.609676 
7.312902 
7.051612 
6.793548 
6.635483 
6.725806 
6.82258 
6.903225 
6.987096 
7.04516 
7.099999 
7.16129 
7.209677 
7.232257 
7.290322 
7.290322 
7.34516 
7.358064 
7.380644 
7.399999 
7.42258 
7.432257 
7.454838 
7.458064 
7.474193 
7.496773 
7.516128 
7.825806 
8.096773 
8.212903 
8.135483 
7.88387 
7.567741 
7.238709 
7.209677 
7.245161 
7.280644 
7.306451 
7.341935 
7.370967 
7.370967 
6.887096 
7.151612 
10.47741 
12.91612 
9.277419 
6.096773 
6.061289 
6.603225 
6.72258 
6.806451 
6.906451 
6.980644 
7.041934 
7.080644 
7.151612 
7.193548 
7.245161 
7.277419 
7.38387 
7.687096 
7.967741 
8.206451 
8.387096 
8.470967 
8.477418 
8.393548 
8.238709 
8.016128 
7.732257 
7.438709 
7.129032 
6.88387 
6.674193 
6.680644 
6.787096 
6.877418 
6.951612 
7.025805 
7.093547 
7.141935 
7.18387 
7.219354 
7.251612 
7.299999 
7.32258 
7.351612 
7.38387 
7.387096 
7.403225 
7.425806 
7.441935 
7.464515 
7.458064 
7.467741 
7.48387 
7.719354 
8.009676 
8.187096 
8.174193 
7.98387 
7.68387 
7.361289 
7.219354 
7.238709 
7.258064 
7.306451 
7.34516 
7.374193 
7.374193 
7.219354 
6.606451 
8.993547 
12.69032 
10.85806 
6.719354 
5.880644 
6.509676 
6.68387 
6.764515 
6.870967 
6.92258 
7.012902 
7.08387 
7.129032 
7.187096 
7.219354 
7.264515 
7.299999 
7.580644 
7.870967 
8.135483 
8.309677 
8.464515 
8.496773 
8.451612 
8.30645 
8.112902 
7.861289 
7.554838 
7.258064 
6.909677 
6.735483 
6.670967 
6.758064 
6.858064 
6.906451 
6.999999 
7.064515 
7.112902 
7.167741 
7.219354 
7.267741 
7.293548 
7.319354 
7.361289 
7.364515 
7.393548 
7.425806 
7.44516 
7.438709 
7.451612 
7.454838 
7.461289 
7.499999 
7.606451 
7.896773 
8.135483 
8.209676 
8.090321 
7.799999 
7.474193 
7.187096 
7.235483 
7.274193 
7.319354 
7.325806 
7.335483 
7.367741 
7.325806 
6.703225 
7.799999 
11.49999 
12.29999 
8.119354 
5.92258 
6.270967 
6.658064 
6.738709 
6.812902 
6.909677 
6.987096 
7.051612 
7.090322 
7.151612 
7.22258 
7.229032 
7.267741 
7.441935 
7.770967 
8.029031 
8.258064 
8.429031 
8.496773 
8.464515 
8.374193 
8.180644 
7.954838 
7.658064 
7.354838 
7.08387 
6.825806 
6.658064 
6.709677 
6.799999 
6.896773 
6.974193 
7.029031 
7.090322 
7.158064 
7.187096 
7.225806 
7.258064 
7.303225 
7.319354 
7.358064 
7.367741 
7.416128 
7.42258 
7.419354 
7.454838 
7.461289 
7.461289 
7.490322 
7.506451 
7.790322 
8.058063 
8.222579 
8.14516 
7.932257 
7.599999 
7.274193 
7.203225 
7.232257 
7.293548 
7.319354 
7.332257 
7.351612 
7.374193 
7.380644 
10.95483 
12.66451 
8.758064 
6.009676 
6.151612 
6.638709 
6.735483 
6.825806 
6.903225 
6.987096 
7.074193 
7.099999 
7.145161 
7.190322 
7.225806 
7.270967 
7.438709 
7.712903 
8.016128 
8.251612 
8.416128 
8.470967 
8.477418 
8.370966 
8.229031 
7.990322 
7.703225 
7.403225 
7.109676 
6.867741 
6.651612 
6.712903 
6.809677 
6.893548 
6.967741 
7.038709 
7.099999 
7.145161 
7.180644 
7.232257 
7.270967 
7.293548 
7.335483 
7.351612 
7.374193 
7.396773 
7.412902 
7.42258 
7.438709 
7.464515 
7.464515 
7.48387 
7.487096 
7.748386 
8.038708 
8.199999 
8.158063 
7.970967 
7.625806 
7.332257 
7.216128 
7.241935 
7.280644 
7.319354 
7.332257 
7.348386 
7.380644 
7.090322 
6.751612 
9.564515 
12.9258 
10.28064 
6.419354 
5.929031 
6.577418 
6.699999 
6.790322 
6.874193 
6.948386 
7.025805 
7.077418 
7.129032 
7.190322 
7.219354 
7.245161 
7.332257 
7.62258 
7.916128 
8.170967 
8.358063 
8.454837 
8.496773 
8.425806 
8.287096 
8.061289 
7.806451 
7.509676 
7.219354 
6.938709 
6.712903 
6.670967 
6.777419 
6.864515 
6.94516 
6.996773 
7.077418 
7.132257 
7.187096 
7.209677 
7.251612 
7.277419 
7.316128 
7.351612 
7.370967 
7.374193 
7.403225 
7.432257 
7.441935 
7.451612 
7.467741 
7.474193 
7.499999 
7.645161 
7.925806 
8.151612 
8.203225 
8.061289 
7.754838 
7.42258 
7.174193 
7.238709 
7.270967 
7.299999 
7.319354 
7.34516 
7.380644 
7.293548 
6.62258 
8.209676 
12.05483 
11.78387 
7.519354 
5.890322 
6.403225 
6.658064 
6.76129 
6.841935 
6.938709 
7.02258 
7.048386 
7.12258 
7.174193 
7.209677 
7.232257 
7.277419 
7.499999 
7.812902 
8.067741 
8.28387 
8.435482 
8.493547 
8.461289 
8.370966 
8.170967 
7.909677 
7.638709 
7.325806 
7.035483 
6.793548 
6.641935 
6.732257 
6.812902 
6.916128 
6.987096 
7.04516 
7.106451 
7.170967 
7.199999 
7.251612 
7.28387 
7.303225 
7.348386 
7.370967 
7.387096 
7.393548 
7.425806 
7.438709 
7.467741 
7.48387 
7.490322 
7.496773 
7.519354 
7.809677 
8.077418 
8.222579 
8.138709 
7.88387 
7.567741 
7.235483 
7.225806 
7.267741 
7.299999 
7.312902 
7.351612 
7.361289 
7.393548 
6.877418 
7.199999 
10.48387 
12.90322 
9.270967 
6.096773 
6.061289 
6.62258 
6.703225 
6.829031 
6.909677 
6.977418 
7.029031 
7.096773 
7.148386 
7.180644 
7.245161 
7.277419 
7.387096 
7.696774 
7.967741 
8.216128 
8.380644 
8.477418 
8.477418 
8.406451 
8.238709 
8.019353 
7.72258 
7.44516 
7.145161 
6.903225 
6.687096 
6.687096 
6.809677 
6.893548 
6.948386 
7.032257 
7.08387 
7.138709 
7.18387 
7.232257 
7.267741 
7.335483 
7.364515 
7.374193 
7.390322 
7.425806 
7.416128 
7.451612 
7.454838 
7.470967 
7.48387 
7.503225 
7.777419 
8.051611 
8.216128 
8.154838 
7.941935 
7.596773 
7.287096 
7.206451 
7.241935 
7.277419 
7.296773 
7.351612 
7.351612 
7.406451 
6.98387 
6.88387 
9.916128 
13.01612 
9.861289 
6.267741 
5.970967 
6.590322 
6.706451 
6.803225 
6.887096 
6.94516 
7.019354 
7.077418 
7.138709 
7.199999 
7.235483 
7.267741 
7.370967 
7.638709 
7.938709 
8.174193 
8.358063 
8.44516 
8.499999 
8.441934 
8.270967 
8.029031 
7.777419 
7.474193 
7.174193 
6.903225 
6.680644 
6.68387 
6.78387 
6.858064 
6.948386 
7.012902 
7.093547 
7.132257 
7.180644 
7.22258 
7.254838 
7.293548 
7.325806 
7.312902 
7.377418 
7.390322 
7.419354 
7.419354 
7.438709 
7.454838 
7.441935 
7.487096 
7.499999 
7.664515 
7.974193 
8.167741 
8.209676 
8.058063 
7.732257 
7.399999 
7.190322 
7.229032 
7.274193 
7.296773 
7.316128 
7.364515 
7.374193 
7.26129 
6.616128 
8.441934 
12.25806 
11.51612 
7.241935 
5.867741 
6.441935 
6.677419 
6.754838 
6.858064 
6.941935 
6.993547 
7.064515 
7.116128 
7.167741 
7.193548 
7.248386 
7.277419 
7.532257 
7.835483 
8.070966 
8.290322 
8.451612 
8.496773 
8.454837 
8.332257 
8.148386 
7.887096 
7.587096 
7.287096 
6.990322 
6.774193 
6.632257 
6.748386 
6.858064 
6.92258 
6.987096 
7.041934 
7.093547 
7.16129 
7.196774 
7.245161 
7.26129 
7.299999 
7.335483 
7.351612 
7.370967 
7.399999 
7.432257 
7.438709 
7.441935 
7.464515 
7.474193 
7.480644 
7.54516 
7.835483 
8.109676 
8.206451 
8.112902 
7.864515 
7.52258 
7.22258 
7.203225 
7.241935 
7.270967 
7.319354 
7.341935 
7.361289 
7.370967 
6.799999 
7.348386 
10.79032 
12.75483 
8.906451 
6.016128 
6.132257 
6.62258 
6.712903 
6.832257 
6.903225 
6.970967 
7.02258 
7.096773 
7.141935 
7.190322 
7.229032 
7.251612 
7.419354 
7.716128 
7.980644 
8.235483 
8.393548 
8.454837 
8.467741 
8.396773 
8.212903 
7.990322 
7.719354 
7.409677 
7.109676 
6.854838 
6.648386 
6.699999 
6.790322 
6.880644 
6.974193 
7.019354 
7.090322 
7.148386 
7.196774 
7.245161 
7.264515 
7.306451 
7.32258 
7.358064 
7.390322 
7.396773 
7.42258 
7.438709 
7.438709 
7.454838 
7.474193 
7.480644 
7.493547 
7.716128 
8.009676 
8.180644 
8.170967 
7.967741 
7.632257 
7.319354 
7.203225 
7.245161 
7.274193 
7.312902 
7.348386 
7.341935 
7.387096 
7.103225 
6.725806 
9.499999 
12.91935 
10.30645 
6.42258 
5.929031 
6.558063 
6.693548 
6.787096 
6.867741 
6.941935 
7.029031 
7.070967 
7.138709 
7.18387 
7.232257 
7.390322 
7.696774 
7.967741 
8.222579 
8.380644 
8.467741 
8.499999 
8.406451 
8.248386 
8.02258 
7.732257 
7.432257 
7.138709 
6.88387 
6.693548 
6.687096 
6.796773 
6.890322 
6.954838 
7.032257 
7.080644 
7.145161 
7.190322 
7.219354 
7.254838 
7.303225 
7.312902 
7.358064 
7.370967 
7.393548 
7.416128 
7.412902 
7.451612 
7.458064 
7.470967 
7.477418 
7.496773 
7.732257 
7.993547 
8.170967 
8.167741 
7.970967 
7.664515 
7.319354 
7.190322 
7.235483 
7.264515 
7.290322 
7.319354 
7.358064 
7.377418 
7.180644 
6.635483 
9.138709 
12.77741 
10.70967 
6.62258 
5.890322 
6.532257 
6.680644 
6.767741 
6.874193 
6.954838 
7.019354 
7.08387 
7.132257 
7.18387 
7.219354 
7.264515 
7.309677 
7.590322 
7.864515 
8.138709 
8.338708 
8.467741 
8.48387 
8.44516 
8.312902 
8.109676 
7.84516 
7.535483 
7.251612 
6.967741 
6.741935 
6.658064 
6.76129 
6.838709 
6.916128 
6.987096 
7.058063 
7.109676 
7.177419 
7.212903 
7.26129 
7.274193 
7.299999 
7.338709 
7.361289 
7.38387 
7.406451 
7.416128 
7.432257 
7.464515 
7.458064 
7.480644 
7.474193 
7.587096 
7.870967 
8.125805 
8.212903 
8.106451 
7.796773 
7.467741 
7.190322 
7.206451 
7.258064 
7.296773 
7.32258 
7.367741 
7.377418 
7.351612 
6.709677 
7.819354 
11.55161 
12.24193 
8.058063 
5.941935 
6.274193 
6.651612 
6.745161 
6.838709 
6.912902 
6.996773 
7.058063 
7.112902 
7.167741 
7.212903 
7.248386 
7.28387 
7.490322 
7.78387 
8.041934 
8.258064 
8.416128 
8.48387 
8.451612 
8.387096 
8.193548 
7.938709 
7.658064 
7.370967 
7.070967 
6.829031 
6.632257 
6.696774 
6.816128 
6.899999 
6.980644 
7.035483 
7.103225 
7.145161 
7.187096 
7.22258 
7.264515 
7.299999 
7.325806 
7.374193 
7.399999 
7.412902 
7.416128 
7.44516 
7.44516 
7.467741 
7.470967 
7.477418 
7.499999 
7.78387 
8.051611 
8.196773 
8.148386 
7.929031 
7.587096 
7.277419 
7.203225 
7.248386 
7.28387 
7.299999 
7.332257 
7.358064 
7.380644 
6.958064 
6.94516 
10.05806 
13.00322 
9.696773 
6.219354 
6.006451 
6.62258 
6.712903 
6.803225 
6.890322 
6.961289 
7.041934 
7.080644 
7.135483 
7.18387 
7.225806 
7.26129 
7.361289 
7.667741 
7.94516 
8.180644 
8.367741 
8.474192 
8.490322 
8.422579 
8.254837 
8.051611 
7.770967 
7.493547 
7.167741 
6.896773 
6.696774 
6.674193 
6.764515 
6.880644 
6.954838 
7.029031 
7.074193 
7.151612 
7.174193 
7.232257 
7.274193 
7.293548 
7.332257 
7.34516 
7.38387 
7.390322 
7.399999 
7.435483 
7.441935 
7.464515 
7.464515 
7.458064 
7.487096 
7.670967 
7.964515 
8.158063 
8.174193 
8.025805 
7.316128 
7.203225 
7.251612 
7.277419 
7.303225 
7.290322 
7.358064 
7.387096 
7.061289 
6.76129 
9.616127 
12.95483 
10.19354 
6.364515 
5.951612 
6.574193 
6.687096 
6.78387 
6.88387 
6.964515 
7.025805 
7.080644 
7.138709 
7.180644 
7.225806 
7.270967 
7.306451 
7.629032 
7.916128 
8.170967 
8.319354 
8.470967 
8.503225 
8.425806 
8.28387 
8.048386 
7.796773 
7.490322 
7.193548 
6.916128 
6.72258 
6.68387 
6.770967 
6.848386 
6.92258 
6.996773 
7.064515 
7.096773 
7.170967 
7.212903 
7.251612 
7.280644 
7.312902 
7.354838 
7.367741 
7.390322 
7.416128 
7.42258 
7.435483 
7.454838 
7.470967 
7.464515 
7.509676 
7.645161 
7.929031 
8.151612 
8.209676 
8.04516 
7.751612 
7.403225 
7.187096 
7.238709 
7.258064 
7.303225 
7.335483 
7.351612 
7.374193 
7.309677 
6.638709 
8.258064 
12.06451 
11.76128 
7.480644 
5.887096 
6.393548 
6.654838 
6.741935 
6.858064 
6.929031 
6.999999 
7.077418 
7.132257 
7.164515 
7.206451 
7.238709 
7.267741 
7.535483 
7.835483 
8.080644 
8.28387 
8.441934 
8.503225 
8.470967 
8.354838 
8.158063 
7.906451 
7.619354 
7.316128 
7.038709 
6.816128 
6.638709 
6.741935 
6.835483 
6.906451 
6.98387 
7.054838 
7.103225 
7.158064 
7.209677 
7.258064 
7.267741 
7.312902 
7.338709 
7.370967 
7.390322 
7.403225 
7.432257 
7.448386 
7.432257 
7.461289 
7.477418 
7.48387 
7.541934 
7.841935 
8.093547 
8.222579 
8.129031 
7.858064 
7.535483 
7.235483 
7.212903 
7.270967 
7.293548 
7.319354 
7.341935 
7.380644 
7.390322 
6.82258 
7.309677 
10.73548 
12.80645 
8.98387 
6.048386 
6.103225 
6.62258 
6.729032 
6.825806 
6.88387 
6.958064 
7.038709 
7.093547 
7.154838 
7.196774 
7.225806 
7.270967 
7.412902 
7.712903 
7.974193 
8.222579 
8.399999 
8.48387 
8.499999 
8.399999 
8.248386 
8.012902 
7.751612 
7.464515 
7.164515 
6.912902 
6.68387 
6.670967 
6.777419 
6.851612 
6.938709 
7.006451 
7.08387 
7.12258 
7.174193 
7.206451 
7.248386 
7.290322 
7.303225 
7.351612 
7.358064 
7.390322 
7.393548 
7.425806 
7.438709 
7.464515 
7.474193 
7.474193 
7.48387 
7.674193 
7.951612 
8.164515 
8.199999 
8.029031 
7.72258 
7.377418 
7.174193 
7.206451 
7.251612 
7.287096 
7.338709 
7.34516 
7.380644 
7.258064 
6.596773 
8.519353 
12.34516 
11.43225 
7.145161 
5.870967 
6.438709 
6.677419 
6.774193 
6.864515 
6.925806 
7.003225 
7.070967 
7.125806 
7.170967 
7.209677 
7.238709 
7.299999 
7.548386 
7.851612 
8.109676 
8.296773 
8.451612 
8.493547 
8.467741 
8.332257 
8.148386 
7.864515 
7.561289 
7.280644 
6.993547 
6.777419 
6.638709 
6.854838 
6.925806 
7.006451 
7.074193 
7.125806 
7.164515 
7.219354 
7.245161 
7.264515 
7.316128 
7.348386 
7.367741 
7.387096 
7.419354 
7.438709 
7.435483 
7.451612 
7.467741 
7.474193 
7.467741 
7.651612 
7.94516 
8.158063 
8.203225 
8.058063 
7.754838 
7.419354 
7.193548 
7.238709 
7.274193 
7.312902 
7.329031 
7.377418 
7.38387 
7.299999 
6.645161 
8.274192 
12.11612 
11.72903 
7.441935 
5.874193 
6.387096 
6.66129 
6.764515 
6.851612 
6.938709 
7.012902 
7.054838 
7.12258 
7.174193 
7.212903 
7.264515 
7.287096 
7.516128 
7.806451 
8.080644 
8.299999 
8.438709 
8.499999 
8.451612 
8.34516 
8.16129 
7.909677 
7.606451 
7.309677 
7.032257 
6.780644 
6.641935 
6.735483 
6.825806 
6.906451 
6.967741 
7.041934 
7.096773 
7.151612 
7.216128 
7.238709 
7.28387 
7.306451 
7.332257 
7.364515 
7.374193 
7.393548 
7.425806 
7.448386 
7.438709 
7.458064 
7.490322 
7.480644 
7.541934 
7.829031 
8.103224 
8.219354 
8.099999 
7.874193 
7.548386 
7.212903 
7.216128 
7.248386 
7.299999 
7.303225 
7.332257 
7.364515 
7.377418 
6.816128 
7.303225 
10.73548 
12.81612 
9.003225 
6.054838 
6.119354 
6.629032 
6.729032 
6.816128 
6.88387 
6.98387 
7.054838 
7.106451 
7.138709 
7.196774 
7.235483 
7.267741 
7.403225 
7.725806 
7.98387 
8.238709 
8.403224 
8.496773 
8.52258 
8.399999 
8.232257 
8.003225 
7.719354 
7.42258 
7.132257 
6.880644 
6.664515 
6.709677 
6.790322 
6.896773 
6.961289 
7.025805 
7.080644 
7.148386 
7.170967 
7.216128 
7.264515 
7.28387 
7.329031 
7.348386 
7.380644 
7.399999 
7.412902 
7.448386 
7.438709 
7.441935 
7.467741 
7.474193 
7.493547 
7.738709 
7.996773 
8.190321 
8.177418 
7.980644 
7.651612 
7.329031 
7.187096 
7.225806 
7.28387 
7.312902 
7.341935 
7.354838 
7.377418 
7.135483 
6.693548 
9.361289 
12.88064 
10.45806 
6.493547 
5.92258 
6.551612 
6.670967 
6.787096 
6.887096 
6.948386 
7.02258 
7.064515 
7.129032 
7.164515 
7.219354 
7.267741 
7.319354 
7.619354 
7.890322 
8.158063 
8.325805 
8.470967 
8.490322 
8.451612 
8.280644 
8.070966 
7.809677 
7.509676 
7.216128 
6.94516 
6.72258 
6.674193 
6.758064 
6.848386 
6.938709 
7.012902 
7.077418 
7.112902 
7.187096 
7.225806 
7.254838 
7.280644 
7.306451 
7.354838 
7.358064 
7.399999 
7.409677 
7.419354 
7.464515 
7.458064 
7.467741 
7.487096 
7.490322 
7.632257 
7.941935 
8.141935 
8.196773 
8.064515 
7.745161 
7.425806 
7.193548 
7.229032 
7.264515 
7.290322 
7.338709 
7.361289 
7.374193 
7.316128 
6.632257 
8.264515 
12.09354 
11.74193 
7.448386 
5.880644 
6.393548 
6.767741 
6.851612 
6.92258 
7.025805 
7.080644 
7.12258 
7.170967 
7.219354 
7.251612 
7.306451 
7.580644 
7.896773 
8.129031 
8.325805 
8.464515 
8.48387 
8.438709 
8.293547 
8.103224 
7.848386 
7.516128 
7.225806 
6.970967 
6.729032 
6.664515 
6.758064 
6.870967 
6.92258 
7.019354 
7.067741 
7.116128 
7.167741 
7.203225 
7.248386 
7.28387 
7.332257 
7.338709 
7.370967 
7.38387 
7.416128 
7.425806 
7.44516 
7.451612 
7.458064 
7.48387 
7.493547 
7.625806 
7.929031 
8.148386 
8.216128 
8.064515 
7.780644 
7.448386 
7.190322 
7.232257 
7.274193 
7.287096 
7.316128 
7.34516 
7.374193 
7.351612 
6.670967 
8.00645 
11.74838 
12.04838 
7.835483 
5.899999 
6.34516 
6.667741 
6.76129 
6.851612 
6.92258 
6.980644 
7.064515 
7.116128 
7.180644 
7.206451 
7.251612 
7.274193 
7.487096 
7.770967 
8.038708 
8.267741 
8.435482 
8.490322 
8.461289 
8.348386 
8.164515 
7.925806 
7.641935 
7.332257 
7.054838 
6.816128 
6.619354 
6.735483 
6.812902 
6.919354 
6.977418 
7.038709 
7.116128 
7.148386 
7.206451 
7.241935 
7.28387 
7.306451 
7.348386 
7.358064 
7.390322 
7.403225 
7.416128 
7.432257 
7.44516 
7.467741 
7.461289 
7.490322 
7.532257 
7.82258 
8.074193 
8.196773 
8.138709 
7.909677 
7.564515 
7.238709 
7.209677 
7.254838 
7.270967 
7.316128 
7.34516 
7.38387 
7.393548 
6.870967 
7.158064 
10.46451 
12.91612 
9.248386 
6.106451 
6.074193 
6.619354 
6.729032 
6.806451 
6.887096 
6.98387 
7.038709 
7.099999 
7.151612 
7.190322 
7.235483 
7.258064 
7.393548 
7.693548 
7.970967 
8.216128 
8.374193 
8.490322 
8.48387 
8.393548 
8.248386 
7.999999 
7.729032 
7.435483 
7.145161 
6.88387 
6.687096 
6.693548 
6.793548 
6.887096 
6.951612 
7.009676 
7.08387 
7.135483 
7.187096 
7.232257 
7.248386 
7.303225 
7.32258 
7.338709 
7.364515 
7.406451 
7.419354 
7.429031 
7.435483 
7.451612 
7.474193 
7.493547 
7.48387 
7.725806 
8.009676 
8.187096 
8.154838 
7.977418 
7.667741 
7.329031 
7.199999 
7.238709 
7.28387 
7.306451 
7.329031 
7.367741 
7.387096 
7.151612 
6.651612 
9.18387 
12.78709 
10.67419 
6.609677 
5.887096 
6.535483 
6.687096 
6.78387 
6.864515 
6.951612 