7 
7.025805 
7.070967 
7.125806 
7.187096 
7.212903 
7.248386 
7.280644 
7.306451 
7.335483 
7.377418 
7.399999 
7.419354 
7.432257 
7.448386 
7.451612 
7.470967 
7.477418 
7.487096 
7.625806 
7.906451 
8.141935 
8.170967 
8.064515 
7.770967 
7.44516 
7.193548 
7.216128 
7.254838 
7.335483 
7.319354 
7.351612 
7.354838 
7.332257 
6.664515 
7.999999 
11.76128 
12.04838 
7.84516 
5.887096 
6.332257 
6.629032 
6.748386 
6.838709 
6.929031 
6.996773 
7.048386 
7.096773 
7.174193 
7.203225 
7.254838 
7.235483 
7.496773 
7.812902 
8.048386 
8.264515 
8.429031 
8.470967 
8.44516 
8.351612 
8.154838 
7.92258 
7.638709 
7.329031 
7.025805 
6.816128 
6.641935 
6.709677 
6.812902 
6.899999 
6.967741 
7.035483 
7.109676 
7.145161 
7.177419 
7.241935 
7.270967 
7.306451 
7.338709 
7.361289 
7.380644 
7.393548 
7.419354 
7.432257 
7.451612 
7.464515 
7.474193 
7.474193 
7.519354 
7.799999 
8.070966 
8.209676 
8.135483 
7.890322 
7.551612 
7.251612 
7.199999 
7.251612 
7.293548 
7.309677 
7.338709 
7.377418 
7.380644 
6.916128 
7.048386 
10.26774 
12.98387 
9.480644 
6.135483 
6.02258 
6.587096 
6.709677 
6.774193 
6.88387 
6.958064 
7.035483 
7.096773 
7.145161 
7.190322 
7.232257 
7.267741 
7.377418 
7.667741 
7.958064 
8.209676 
8.377418 
8.470967 
8.48387 
8.403224 
8.235483 
8.016128 
7.735483 
7.454838 
7.148386 
6.896773 
6.696774 
6.667741 
6.777419 
6.861289 
6.951612 
7.009676 
7.093547 
7.12258 
7.177419 
7.229032 
7.258064 
7.306451 
7.325806 
7.358064 
7.367741 
7.390322 
7.419354 
7.412902 
7.458064 
7.461289 
7.470967 
7.48387 
7.474193 
7.68387 
7.977418 
8.164515 
8.18387 
8.009676 
7.68387 
7.361289 
7.18387 
7.206451 
7.270967 
7.28387 
7.329031 
7.361289 
7.374193 
7.274193 
6.593547 
8.677418 
12.45483 
11.27096 
7.009676 
5.854838 
6.461289 
6.648386 
6.767741 
6.851612 
6.929031 
6.98387 
7.061289 
7.116128 
7.170967 
7.225806 
7.251612 
7.299999 
7.564515 
7.832257 
8.103224 
8.303225 
8.44516 
8.493547 
8.441934 
8.319354 
8.119354 
7.867741 
7.561289 
7.290322 
6.990322 
6.774193 
6.625806 
6.751612 
6.812902 
6.919354 
6.987096 
7.051612 
7.119354 
7.167741 
7.193548 
7.235483 
7.293548 
7.32258 
7.341935 
7.367741 
7.390322 
7.406451 
7.435483 
7.44516 
7.44516 
7.44516 
7.461289 
7.487096 
7.532257 
7.861289 
8.106451 
8.203225 
8.112902 
7.841935 
7.509676 
7.22258 
7.229032 
7.245161 
7.280644 
7.299999 
7.351612 
7.367741 
7.377418 
7.980644 
11.83225 
11.95806 
7.732257 
5.864515 
6.34516 
6.635483 
6.741935 
6.854838 
6.919354 
6.993547 
7.070967 
7.119354 
7.145161 
7.209677 
7.241935 
7.280644 
7.493547 
7.777419 
8.061289 
8.245161 
8.425806 
8.50645 
8.474192 
8.354838 
8.180644 
7.916128 
7.629032 
7.32258 
7.058063 
6.816128 
6.632257 
6.716128 
6.832257 
6.899999 
6.967741 
7.035483 
7.106451 
7.148386 
7.187096 
7.245161 
7.245161 
7.274193 
7.325806 
7.348386 
7.367741 
7.399999 
7.412902 
7.44516 
7.461289 
7.461289 
7.474193 
7.493547 
7.519354 
7.816128 
8.074193 
8.203225 
8.148386 
7.899999 
7.558063 
7.232257 
7.206451 
7.245161 
7.287096 
7.32258 
7.348386 
7.348386 
7.387096 
6.912902 
7.061289 
10.28387 
12.98387 
9.454837 
6.129032 
6.019354 
6.596773 
6.706451 
6.796773 
6.877418 
6.961289 
6.999999 
7.08387 
7.138709 
7.187096 
7.235483 
7.270967 
7.387096 
7.693548 
7.964515 
8.222579 
8.361289 
8.480644 
8.477418 
8.409676 
8.245161 
8.00645 
7.751612 
7.438709 
7.145161 
6.887096 
6.68387 
6.680644 
6.780644 
6.88387 
6.929031 
7.025805 
7.080644 
7.132257 
7.18387 
7.212903 
7.254838 
7.306451 
7.303225 
7.348386 
7.370967 
7.380644 
7.412902 
7.44516 
7.451612 
7.458064 
7.477418 
7.467741 
7.467741 
7.68387 
7.987096 
8.170967 
8.177418 
8.00645 
7.690322 
7.370967 
7.206451 
7.225806 
7.251612 
7.287096 
7.316128 
7.358064 
7.38387 
7.241935 
6.590322 
8.706451 
12.49999 
11.19032 
6.951612 
5.858064 
6.467741 
6.667741 
6.76129 
6.870967 
6.929031 
7.006451 
7.04516 
7.112902 
7.167741 
7.225806 
7.245161 
7.277419 
7.54516 
7.851612 
8.112902 
8.312902 
8.441934 
8.496773 
8.451612 
8.299999 
8.122579 
7.858064 
7.577418 
7.28387 
6.987096 
6.764515 
6.625806 
6.738709 
6.835483 
6.925806 
6.999999 
7.070967 
7.096773 
7.154838 
7.209677 
7.248386 
7.290322 
7.319354 
7.338709 
7.358064 
7.377418 
7.38387 
7.44516 
7.435483 
7.454838 
7.474193 
7.48387 
7.48387 
7.570967 
7.867741 
8.112902 
8.219354 
8.109676 
7.851612 
7.512902 
7.190322 
7.209677 
7.248386 
7.293548 
7.306451 
7.348386 
7.351612 
7.354838 
6.758064 
7.506451 
11.0258 
12.62903 
8.66129 
5.987096 
6.141935 
6.612903 
6.729032 
6.787096 
6.880644 
6.961289 
7.041934 
7.090322 
7.16129 
7.196774 
7.258064 
7.267741 
7.42258 
7.72258 
7.980644 
8.225806 
8.403224 
8.474192 
8.464515 
8.387096 
8.216128 
7.974193 
7.690322 
7.406451 
7.109676 
6.854838 
6.664515 
6.699999 
6.803225 
6.88387 
6.967741 
7.032257 
7.093547 
7.16129 
7.190322 
7.238709 
7.258064 
7.338709 
7.361289 
7.390322 
7.38387 
7.441935 
7.432257 
7.44516 
7.448386 
7.470967 
7.470967 
7.499999 
7.799999 
8.080644 
8.209676 
8.141935 
7.909677 
7.564515 
7.264515 
7.199999 
7.245161 
7.296773 
7.312902 
7.32258 
7.370967 
7.380644 
6.912902 
7.054838 
10.28064 
12.93225 
9.464515 
6.129032 
6.02258 
6.596773 
6.696774 
6.806451 
6.877418 
6.954838 
7.025805 
7.087096 
7.154838 
7.180644 
7.225806 
7.26129 
7.361289 
7.680644 
7.958064 
8.216128 
8.374193 
8.464515 
8.477418 
8.403224 
8.245161 
8.02258 
7.745161 
7.454838 
7.154838 
6.896773 
6.667741 
6.670967 
6.764515 
6.841935 
6.948386 
7.019354 
7.093547 
7.132257 
7.177419 
7.206451 
7.258064 
7.312902 
7.319354 
7.354838 
7.377418 
7.396773 
7.409677 
7.432257 
7.464515 
7.458064 
7.477418 
7.477418 
7.506451 
7.68387 
7.98387 
8.18387 
8.193548 
8.012902 
7.703225 
7.374193 
7.177419 
7.232257 
7.277419 
7.287096 
7.338709 
7.34516 
7.374193 
7.232257 
6.596773 
8.751612 
12.5129 
11.18709 
6.958064 
5.864515 
6.451612 
6.670967 
6.774193 
6.864515 
6.948386 
6.990322 
7.061289 
7.106451 
7.164515 
7.229032 
7.251612 
7.287096 
7.551612 
7.861289 
8.103224 
8.316128 
8.441934 
8.490322 
8.438709 
8.303225 
8.119354 
7.838709 
7.54516 
7.274193 
6.98387 
6.758064 
6.645161 
6.738709 
6.82258 
6.916128 
6.980644 
7.029031 
7.099999 
7.170967 
7.196774 
7.245161 
7.28387 
7.306451 
7.34516 
7.361289 
7.396773 
7.393548 
7.432257 
7.44516 
7.435483 
7.454838 
7.467741 
7.487096 
7.558063 
7.841935 
8.122579 
8.219354 
8.096773 
7.829031 
7.506451 
7.193548 
7.219354 
7.251612 
7.290322 
7.332257 
7.341935 
7.38387 
7.399999 
6.78387 
7.474193 
10.98064 
12.62257 
8.68387 
5.990322 
6.138709 
6.612903 
6.712903 
6.819354 
6.887096 
6.970967 
7.051612 
7.093547 
7.145161 
7.203225 
7.238709 
7.290322 
7.438709 
7.732257 
8.016128 
8.248386 
8.396773 
8.458064 
8.448386 
8.377418 
8.209676 
7.977418 
7.706451 
7.390322 
7.090322 
6.838709 
6.645161 
6.696774 
6.799999 
6.887096 
6.964515 
7.035483 
7.093547 
7.119354 
7.190322 
7.238709 
7.277419 
7.299999 
7.329031 
7.354838 
7.387096 
7.396773 
7.406451 
7.432257 
7.451612 
7.464515 
7.470967 
7.48387 
7.496773 
7.754838 
8.02258 
8.196773 
8.167741 
7.954838 
7.635483 
7.299999 
7.187096 
7.248386 
7.267741 
7.293548 
7.319354 
7.354838 
7.380644 
7.067741 
6.729032 
9.541934 
12.94516 
10.23548 
6.38387 
5.919354 
6.554838 
6.680644 
6.78387 
6.870967 
6.951612 
6.999999 
7.087096 
7.119354 
7.18387 
7.229032 
7.38387 
7.658064 
7.974193 
8.199999 
8.374193 
8.48387 
8.474192 
8.390321 
8.229031 
8.032257 
7.732257 
7.435483 
7.106451 
6.861289 
6.680644 
6.670967 
6.774193 
6.858064 
6.954838 
7.025805 
7.077418 
7.135483 
7.190322 
7.235483 
7.258064 
7.299999 
7.319354 
7.364515 
7.370967 
7.403225 
7.399999 
7.406451 
7.432257 
7.464515 
7.470967 
7.48387 
7.48387 
7.696774 
7.977418 
8.174193 
8.158063 
7.98387 
7.677419 
7.348386 
7.174193 
7.225806 
7.270967 
7.296773 
7.32258 
7.358064 
7.387096 
7.212903 
6.625806 
8.951612 
12.66774 
10.89032 
6.745161 
5.870967 
6.499999 
6.680644 
6.777419 
6.861289 
6.929031 
6.999999 
7.077418 
7.12258 
7.180644 
7.225806 
7.26129 
7.306451 
7.570967 
7.861289 
8.132257 
8.348386 
8.441934 
8.496773 
8.44516 
8.309677 
8.116127 
7.832257 
7.535483 
7.248386 
6.958064 
6.748386 
6.641935 
6.696774 
6.861289 
6.92258 
6.980644 
7.041934 
7.103225 
7.164515 
7.196774 
7.251612 
7.280644 
7.329031 
7.335483 
7.374193 
7.396773 
7.393548 
7.425806 
7.432257 
7.438709 
7.477418 
7.48387 
7.48387 
7.599999 
7.909677 
8.119354 
8.219354 
8.103224 
7.812902 
7.448386 
7.180644 
7.199999 
7.251612 
7.293548 
7.309677 
7.354838 
7.361289 
7.341935 
6.696774 
7.774193 
11.46451 
12.29354 
8.138709 
5.903225 
6.280644 
6.641935 
6.703225 
6.832257 
6.903225 
6.98387 
7.051612 
7.12258 
7.148386 
7.203225 
7.248386 
7.280644 
7.454838 
7.770967 
8.035483 
8.241934 
8.419354 
8.480644 
8.474192 
8.374193 
8.18387 
7.941935 
7.654838 
7.354838 
7.087096 
6.825806 
6.629032 
6.72258 
6.803225 
6.88387 
6.977418 
7.02258 
7.096773 
7.141935 
7.18387 
7.238709 
7.277419 
7.303225 
7.338709 
7.351612 
7.387096 
7.396773 
7.412902 
7.416128 
7.448386 
7.470967 
7.467741 
7.470967 
7.493547 
7.767741 
8.048386 
8.203225 
8.154838 
7.919354 
7.587096 
7.26129 
7.206451 
7.238709 
7.280644 
7.316128 
7.348386 
7.361289 
7.377418 
7.003225 
6.858064 
9.916128 
13.0129 
9.877418 
6.26129 
5.964515 
6.580644 
6.68387 
6.809677 
6.870967 
6.964515 
7.019354 
7.099999 
7.132257 
7.174193 
7.219354 
7.274193 
7.338709 
7.645161 
7.94516 
8.164515 
8.348386 
8.467741 
8.490322 
8.409676 
8.229031 
8.04516 
7.76129 
7.474193 
7.177419 
6.916128 
6.706451 
6.664515 
6.774193 
6.854838 
6.929031 
6.990322 
7.054838 
7.129032 
7.164515 
7.225806 
7.264515 
7.293548 
7.312902 
7.338709 
7.380644 
7.38387 
7.403225 
7.438709 
7.432257 
7.461289 
7.438709 
7.467741 
7.506451 
7.667741 
7.951612 
8.164515 
8.174193 
8.019353 
7.325806 
7.216128 
7.238709 
7.270967 
7.312902 
7.332257 
7.354838 
7.358064 
7.148386 
6.667741 
9.28387 
12.82903 
10.57741 
6.548386 
5.88387 
6.532257 
6.680644 
6.790322 
6.854838 
6.941935 
7.012902 
7.070967 
7.119354 
7.174193 
7.209677 
7.254838 
7.319354 
7.603225 
7.906451 
8.135483 
8.341935 
8.458064 
8.496773 
8.435482 
8.290322 
8.077418 
7.829031 
7.52258 
7.232257 
6.958064 
6.729032 
6.641935 
6.732257 
6.838709 
6.916128 
6.996773 
7.048386 
7.116128 
7.167741 
7.187096 
7.248386 
7.280644 
7.296773 
7.341935 
7.364515 
7.399999 
7.416128 
7.425806 
7.432257 
7.438709 
7.454838 
7.480644 
7.493547 
7.603225 
7.893548 
8.132257 
8.212903 
8.096773 
7.777419 
7.454838 
7.167741 
7.225806 
7.258064 
7.287096 
7.325806 
7.354838 
7.38387 
7.341935 
6.690322 
7.890322 
11.66774 
12.1258 
7.970967 
5.890322 
6.290322 
6.667741 
6.735483 
6.838709 
6.912902 
6.980644 
7.061289 
7.106451 
7.167741 
7.203225 
7.245161 
7.274193 
7.470967 
7.770967 
8.048386 
8.264515 
8.396773 
8.477418 
8.461289 
8.374193 
8.170967 
7.932257 
7.645161 
7.335483 
7.04516 
6.825806 
6.619354 
6.72258 
6.806451 
6.887096 
6.977418 
7.048386 
7.090322 
7.141935 
7.203225 
7.251612 
7.264515 
7.319354 
7.341935 
7.354838 
7.374193 
7.396773 
7.419354 
7.44516 
7.451612 
7.474193 
7.467741 
7.487096 
7.506451 
7.803225 
8.064515 
8.225806 
8.212903 
7.899999 
7.58387 
7.277419 
7.216128 
7.241935 
7.290322 
7.309677 
7.341935 
7.361289 
7.380644 
6.935483 
6.977418 
10.14838 
12.99354 
9.587096 
6.164515 
5.990322 
6.596773 
6.703225 
6.816128 
6.870967 
6.961289 
7.02258 
7.087096 
7.148386 
7.187096 
7.235483 
7.251612 
7.380644 
7.658064 
7.951612 
8.193548 
8.374193 
8.487095 
8.490322 
8.419354 
8.235483 
8.016128 
7.738709 
7.441935 
7.16129 
6.896773 
6.68387 
6.696774 
6.76129 
6.867741 
6.938709 
7.012902 
7.074193 
7.135483 
7.174193 
7.212903 
7.267741 
7.303225 
7.32258 
7.348386 
7.393548 
7.377418 
7.412902 
7.42258 
7.416128 
7.458064 
7.461289 
7.470967 
7.464515 
7.670967 
7.98387 
8.164515 
8.18387 
8.009676 
7.732257 
7.390322 
7.180644 
7.235483 
7.267741 
7.303225 
7.319354 
7.358064 
7.380644 
7.241935 
6.609677 
8.632257 
12.40322 
11.32257 
7.070967 
5.854838 
6.435483 
6.658064 
6.76129 
6.854838 
6.929031 
7.019354 
7.070967 
7.106451 
7.167741 
7.22258 
7.248386 
7.287096 
7.558063 
7.835483 
8.093547 
8.312902 
8.461289 
8.503225 
8.451612 
8.30645 
8.14516 
7.870967 
7.574193 
7.287096 
6.999999 
6.76129 
6.625806 
6.84516 
6.932257 
6.98387 
7.051612 
7.112902 
7.158064 
7.209677 
7.267741 
7.28387 
7.303225 
7.34516 
7.358064 
7.390322 
7.399999 
7.416128 
7.448386 
7.435483 
7.454838 
7.48387 
7.474193 
7.619354 
7.929031 
8.14516 
8.199999 
8.087096 
7.780644 
7.467741 
7.18387 
7.216128 
7.258064 
7.290322 
7.316128 
7.348386 
7.370967 
7.351612 
6.687096 
7.861289 
11.59677 
12.17741 
7.999999 
5.903225 
6.280644 
6.625806 
6.748386 
6.838709 
6.916128 
6.967741 
7.058063 
7.103225 
7.167741 
7.212903 
7.251612 
7.280644 
7.470967 
7.777419 
8.04516 
8.251612 
8.425806 
8.503225 
8.467741 
8.358063 
8.164515 
7.941935 
7.635483 
7.329031 
7.074193 
6.812902 
6.612903 
6.712903 
6.806451 
6.903225 
6.980644 
7.019354 
7.08387 
7.135483 
7.187096 
7.232257 
7.264515 
7.306451 
7.338709 
7.358064 
7.377418 
7.409677 
7.419354 
7.438709 
7.438709 
7.461289 
7.480644 
7.48387 
7.496773 
7.780644 
8.051611 
8.209676 
8.158063 
7.916128 
7.580644 
7.264515 
7.190322 
7.241935 
7.264515 
7.306451 
7.34516 
7.364515 
7.377418 
6.951612 
6.948386 
10.06451 
13.0387 
9.729031 
6.199999 
5.987096 
6.587096 
6.693548 
6.793548 
6.890322 
6.970967 
7.058063 
7.093547 
7.119354 
7.190322 
7.225806 
7.258064 
7.364515 
7.664515 
7.935483 
8.199999 
8.370966 
8.467741 
8.48387 
8.367741 
8.248386 
8.02258 
7.751612 
7.464515 
7.167741 
6.896773 
6.699999 
6.709677 
6.754838 
6.848386 
6.941935 
7.006451 
7.064515 
7.119354 
7.196774 
7.216128 
7.258064 
7.293548 
7.319354 
7.354838 
7.374193 
7.393548 
7.416128 
7.438709 
7.451612 
7.438709 
7.461289 
7.477418 
7.454838 
7.68387 
7.987096 
8.170967 
8.187096 
8.029031 
7.709677 
7.361289 
7.180644 
7.238709 
7.264515 
7.290322 
7.335483 
7.354838 
7.380644 
7.254838 
6.580644 
8.680644 
12.45806 
11.22903 
6.999999 
5.84516 
6.458064 
6.658064 
6.777419 
6.848386 
6.94516 
7.009676 
7.077418 
7.12258 
7.164515 
7.216128 
7.251612 
7.287096 
7.558063 
7.835483 
8.106451 
8.319354 
8.451612 
8.48387 
8.451612 
8.329031 
8.119354 
7.864515 
7.577418 
7.287096 
6.987096 
6.754838 
6.629032 
6.738709 
6.841935 
6.909677 
6.980644 
7.04516 
7.116128 
7.154838 
7.209677 
7.245161 
7.287096 
7.293548 
7.338709 
7.374193 
7.396773 
7.416128 
7.435483 
7.425806 
7.448386 
7.470967 
7.490322 
7.48387 
7.561289 
7.861289 
8.112902 
8.216128 
8.125805 
7.861289 
7.496773 
7.206451 
7.22258 
7.254838 
7.290322 
7.309677 
7.335483 
7.367741 
7.370967 
6.780644 
7.419354 
10.90967 
12.68709 
8.764515 
5.98387 
6.129032 
6.76129 
6.838709 
6.925806 
6.999999 
7.064515 
7.099999 
7.154838 
7.216128 
7.26129 
7.26129 
7.493547 
7.793548 
8.058063 
8.264515 
8.412902 
8.493547 
8.451612 
8.348386 
8.174193 
7.932257 
7.62258 
7.338709 
7.051612 
6.809677 
6.635483 
6.729032 
6.816128 
6.903225 
6.980644 
7.061289 
7.099999 
7.170967 
7.190322 
7.241935 
7.277419 
7.309677 
7.325806 
7.354838 
7.38387 
7.399999 
7.432257 
7.438709 
7.464515 
7.461289 
7.470967 
7.480644 
7.506451 
7.803225 
8.070966 
8.219354 
8.129031 
7.906451 
7.574193 
7.245161 
7.216128 
7.251612 
7.277419 
7.296773 
7.338709 
7.358064 
7.380644 
6.929031 
7.02258 
10.15483 
12.97741 
9.567741 
6.154838 
6.012902 
6.599999 
6.699999 
6.806451 
6.887096 
6.977418 
7.035483 
7.090322 
7.141935 
7.245161 
7.241935 
7.280644 
7.393548 
7.670967 
7.954838 
8.190321 
8.390321 
8.467741 
8.467741 
8.403224 
8.235483 
8.003225 
7.738709 
7.467741 
7.16129 
6.88387 
6.68387 
6.667741 
6.764515 
6.84516 
6.929031 
7.019354 
7.080644 
7.129032 
7.174193 
7.22258 
7.26129 
7.287096 
7.329031 
7.348386 
7.370967 
7.403225 
7.409677 
7.425806 
7.44516 
7.451612 
7.467741 
7.474193 
7.480644 
7.68387 
7.974193 
8.174193 
8.199999 
8.025805 
7.716128 
7.387096 
7.199999 
7.238709 
7.277419 
7.316128 
7.341935 
7.348386 
7.364515 
7.258064 
6.596773 
8.609676 
12.42257 
11.30645 
7.038709 
5.835483 
6.44516 
6.635483 
6.770967 
6.848386 
6.92258 
6.999999 
7.041934 
7.135483 
7.167741 
7.209677 
7.245161 
7.290322 
7.554838 
7.841935 
8.090321 
8.303225 
8.438709 
8.496773 
8.44516 
8.316128 
8.129031 
7.861289 
7.554838 
7.277419 
7.012902 
6.764515 
6.632257 
6.741935 
6.835483 
6.929031 
6.98387 
7.054838 
7.099999 
7.158064 
7.196774 
7.248386 
7.277419 
7.319354 
7.338709 
7.367741 
7.387096 
7.406451 
7.419354 
7.438709 
7.454838 
7.458064 
7.464515 
7.48387 
7.561289 
7.858064 
8.106451 
8.203225 
8.106451 
7.841935 
7.503225 
7.206451 
7.22258 
7.248386 
7.290322 
7.316128 
7.338709 
7.364515 
7.367741 
6.780644 
7.416128 
10.96774 
12.65806 
8.693548 
5.990322 
6.154838 
6.632257 
6.706451 
6.825806 
6.880644 
6.993547 
7.04516 
7.116128 
7.148386 
7.196774 
7.248386 
7.26129 
7.432257 
7.725806 
7.993547 
8.232257 
8.399999 
8.458064 
8.470967 
8.380644 
8.209676 
7.958064 
7.677419 
7.416128 
7.099999 
6.838709 
6.645161 
6.703225 
6.796773 
6.88387 
6.967741 
7.029031 
7.080644 
7.135483 
7.196774 
7.245161 
7.28387 
7.293548 
7.335483 
7.351612 
7.358064 
7.406451 
7.412902 
7.44516 
7.461289 
7.458064 
7.48387 
7.525805 
7.832257 
8.074193 
8.206451 
8.138709 
7.899999 
7.558063 
7.235483 
7.206451 
7.245161 
7.274193 
7.303225 
7.325806 
7.354838 
7.377418 
6.887096 
7.141935 
10.46128 
12.92257 
9.274192 
6.096773 
6.051612 
6.606451 
6.712903 
6.790322 
6.903225 
6.961289 
7.041934 
7.103225 
7.138709 
7.199999 
7.241935 
7.277419 
7.399999 
7.699999 
7.964515 
8.216128 
8.374193 
8.493547 
8.470967 
8.396773 
8.225806 
8.003225 
7.735483 
7.435483 
7.145161 
6.877418 
6.667741 
6.696774 
6.78387 
6.864515 
6.941935 
7.02258 
7.077418 
7.135483 
7.187096 
7.229032 
7.254838 
7.306451 
7.335483 
7.358064 
7.377418 
7.403225 
7.435483 
7.44516 
7.438709 
7.474193 
7.48387 
7.477418 
7.48387 
7.716128 
7.999999 
8.187096 
8.187096 
7.993547 
7.664515 
7.335483 
7.180644 
7.177419 
7.26129 
7.267741 
7.338709 
7.351612 
7.377418 
7.187096 
6.638709 
9.061289 
12.74838 
10.77419 
6.66129 
5.854838 
6.499999 
6.664515 
6.777419 
6.870967 
6.958064 
7.029031 
7.074193 
7.135483 
7.174193 
7.203225 
7.254838 
7.312902 
7.593547 
7.880644 
8.148386 
8.34516 
8.454837 
8.480644 
8.432257 
8.299999 
8.087096 
7.832257 
7.529031 
7.225806 
6.951612 
6.725806 
6.641935 
6.76129 
6.84516 
6.932257 
7.003225 
7.061289 
7.109676 
7.16129 
7.206451 
7.251612 
7.287096 
7.319354 
7.34516 
7.380644 
7.403225 
7.419354 
7.432257 
7.441935 
7.448386 
7.458064 
7.470967 
7.48387 
7.58387 
7.903225 
8.135483 
8.225806 
8.096773 
7.793548 
7.464515 
7.18387 
7.225806 
7.26129 
7.28387 
7.319354 
7.341935 
7.361289 
7.374193 
6.741935 
7.635483 
11.25483 
12.49354 
8.367741 
5.954838 
6.206451 
6.625806 
6.725806 
6.819354 
6.919354 
6.970967 
7.054838 
7.112902 
7.151612 
7.18387 
7.225806 
7.277419 
7.451612 
7.758064 
8.02258 
8.254837 
8.403224 
8.477418 
8.464515 
8.354838 
8.203225 
7.961289 
7.670967 
7.370967 
7.093547 
6.848386 
6.66129 
6.719354 
6.790322 
6.870967 
6.951612 
7.032257 
7.087096 
7.132257 
7.190322 
7.229032 
7.270967 
7.312902 
7.32258 
7.354838 
7.377418 
7.396773 
7.409677 
7.412902 
7.438709 
7.458064 
7.470967 
7.464515 
7.493547 
7.754838 
8.041934 
8.206451 
8.170967 
7.948386 
7.629032 
7.306451 
7.196774 
7.235483 
7.277419 
7.306451 
7.341935 
7.370967 
7.38387 
7.035483 
6.770967 
9.674193 
12.96774 
10.1387 
6.354838 
5.929031 
6.558063 
6.693548 
6.787096 
6.864515 
6.948386 
7.019354 
7.08387 
7.125806 
7.174193 
7.212903 
7.274193 
7.32258 
7.612902 
7.88387 
8.154838 
8.367741 
8.474192 
8.403224 
8.219354 
8.00645 
7.703225 
7.419354 
7.129032 
6.877418 
6.674193 
6.696774 
6.787096 
6.864515 
6.958064 
7.025805 
7.08387 
7.132257 
7.18387 
7.232257 
7.277419 
7.312902 
7.335483 
7.354838 
7.374193 
7.399999 
7.412902 
7.412902 
7.44516 
7.458064 
7.461289 
7.493547 
7.487096 
7.72258 
8.009676 
8.180644 
8.187096 
7.961289 
7.677419 
7.341935 
7.190322 
7.235483 
7.270967 
7.312902 
7.329031 
7.34516 
7.367741 
7.212903 
6.612903 
8.929031 
12.65483 
10.9387 
6.793548 
5.861289 
6.490322 
6.670967 
6.774193 
6.864515 
6.935483 
6.993547 
7.077418 
7.119354 
7.18387 
7.209677 
7.254838 
7.287096 
7.561289 
7.877418 
8.112902 
8.309677 
8.454837 
8.509676 
8.438709 
8.30645 
8.112902 
7.819354 
7.558063 
7.254838 
6.974193 
6.751612 
6.641935 
6.745161 
6.825806 
6.92258 
7.009676 
7.058063 
7.12258 
7.167741 
7.190322 
7.248386 
7.270967 
7.319354 
7.338709 
7.354838 
7.374193 
7.416128 
7.412902 
7.432257 
7.441935 
7.461289 
7.480644 
7.477418 
7.574193 
7.877418 
8.122579 
8.203225 
8.106451 
7.812902 
7.490322 
7.212903 
7.212903 
7.245161 
7.299999 
7.316128 
7.332257 
7.374193 
7.351612 
6.72258 
7.574193 
11.20645 
12.48709 
8.44516 
5.954838 
6.187096 
6.62258 
6.732257 
6.82258 
6.893548 
6.970967 
7.035483 
7.087096 
7.151612 
7.206451 
7.229032 
7.264515 
7.432257 
7.729032 
7.993547 
8.245161 
8.380644 
8.454837 
8.464515 
8.367741 
8.216128 
7.964515 
7.667741 
7.374193 
7.087096 
6.835483 
6.641935 
6.716128 
6.790322 
6.874193 
6.964515 
7.038709 
7.103225 
7.141935 
7.212903 
7.225806 
7.277419 
7.287096 
7.329031 
7.335483 
7.370967 
7.387096 
7.409677 
7.409677 
7.44516 
7.44516 
7.48387 
7.48387 
7.496773 
7.741935 
8.032257 
8.190321 
8.158063 
7.951612 
7.638709 
7.306451 
7.193548 
7.22258 
7.277419 
7.296773 
7.351612 
7.370967 
7.380644 
7.087096 
6.719354 
9.467741 
12.9129 
10.38386 
6.454838 
5.909677 
6.551612 
6.680644 
6.78387 
6.870967 
6.951612 
7.009676 
7.074193 
7.116128 
7.167741 
7.216128 
7.270967 
7.32258 
7.606451 
7.92258 
8.154838 
8.403224 
8.464515 
8.477418 
8.432257 
8.28387 
8.064515 
7.806451 
7.516128 
7.209677 
6.94516 
6.732257 
6.658064 
6.76129 
6.838709 
6.94516 
7.003225 
7.061289 
7.135483 
7.170967 
7.22258 
7.251612 
7.270967 
7.303225 
7.351612 
7.348386 
7.390322 
7.406451 
7.419354 
7.451612 
7.458064 
7.451612 
7.470967 
7.477418 
7.603225 
7.912902 
8.138709 
8.199999 
8.087096 
7.796773 
7.44516 
7.180644 
7.212903 
7.251612 
7.296773 
7.316128 
7.361289 
7.248386 
6.577418 
8.699999 
12.49032 
11.22257 
6.980644 
5.858064 
6.467741 
6.66129 
6.777419 
6.858064 
6.94516 
7.029031 
7.064515 
7.12258 
7.177419 
7.212903 
7.241935 
7.280644 
7.554838 
7.835483 
8.109676 
8.274192 
8.448386 
8.496773 
8.435482 
8.312902 
8.122579 
7.870967 
7.558063 
7.277419 
7.003225 
6.787096 
6.638709 
6.754838 
6.835483 
6.903225 
6.977418 
7.058063 
7.106451 
7.164515 
7.203225 
7.232257 
7.277419 
7.312902 
7.332257 
7.374193 
7.387096 
7.399999 
7.425806 
7.432257 
7.432257 
7.474193 
7.474193 
7.48387 
7.558063 
7.864515 
8.106451 
8.219354 
8.109676 
7.851612 
7.509676 
7.199999 
7.216128 
7.264515 
7.293548 
7.309677 
7.335483 
7.354838 
7.377418 
6.767741 
7.454838 
10.95483 
12.63225 
8.719354 
5.993547 
6.16129 
6.632257 
6.729032 
6.819354 
6.893548 
6.990322 
7.048386 
7.096773 
7.174193 
7.206451 
7.241935 
7.258064 
7.438709 
7.738709 
8.009676 
8.232257 
8.38387 
8.477418 
8.454837 
8.377418 
8.216128 
7.987096 
7.709677 
7.393548 
7.109676 
6.832257 
6.635483 
6.693548 
6.796773 
6.890322 
6.94516 
7.025805 
7.099999 
7.138709 
7.18387 
7.235483 
7.280644 
7.296773 
7.319354 
7.348386 
7.370967 
7.380644 
7.419354 
7.432257 
7.458064 
7.451612 
7.48387 
7.467741 
7.48387 
7.735483 
8.025805 
8.199999 
8.170967 
7.958064 
7.651612 
7.332257 
7.196774 
7.251612 
7.290322 
7.303225 
7.335483 
7.335483 
7.364515 
7.077418 
6.706451 
9.441934 
12.90645 
10.37096 
6.448386 
5.896773 
6.551612 
6.68387 
6.780644 
6.864515 
6.948386 
7.012902 
7.070967 
7.103225 
7.187096 
7.209677 
7.264515 
7.312902 
7.619354 
7.909677 
8.14516 
8.34516 
8.454837 
8.490322 
8.435482 
8.280644 
8.067741 
7.796773 
7.519354 
7.206451 
6.941935 
6.719354 
6.66129 
6.770967 
6.854838 
6.92258 
7.02258 
7.070967 
7.129032 
7.16129 
7.206451 
7.264515 
7.290322 
7.325806 
7.341935 
7.38387 
7.377418 
7.432257 
7.438709 
7.438709 
7.461289 
7.454838 
7.480644 
7.48387 
7.612902 
7.906451 
8.138709 
8.212903 
8.103224 
7.793548 
7.435483 
7.18387 
7.216128 
7.254838 
7.280644 
7.293548 
7.354838 
7.377418 
7.341935 
6.690322 
7.896773 
11.6387 
12.17419 
7.996773 
5.899999 
6.290322 
6.625806 
6.716128 
6.832257 
6.916128 
6.990322 
7.051612 
7.109676 
7.151612 
7.196774 
7.241935 
7.290322 
7.477418 
7.770967 
8.070966 
8.270967 
8.393548 
8.470967 
8.458064 
8.374193 
8.180644 
7.932257 
7.625806 
7.34516 
7.054838 
6.825806 
6.619354 
6.709677 
6.832257 
6.887096 
6.967741 
7.035483 
7.103225 
7.167741 
7.251612 
7.287096 
7.303225 
7.338709 
7.364515 
7.367741 
7.409677 
7.425806 
7.441935 
7.451612 
7.454838 
7.467741 
7.490322 
7.548386 
7.84516 
8.106451 
8.203225 
8.090321 
7.816128 
7.496773 
7.187096 
7.219354 
7.258064 
7.287096 
7.306451 
7.34516 
7.374193 
7.387096 
6.767741 
7.496773 
11.0129 
12.6258 
8.722579 
5.993547 
6.132257 
6.609677 
6.716128 
6.799999 
6.893548 
6.98387 
7.025805 
7.103225 
7.148386 
7.196774 
7.245161 
7.26129 
7.435483 
7.72258 
7.98387 
8.229031 
8.390321 
8.480644 
8.48387 
8.399999 
8.225806 
7.974193 
7.709677 
7.409677 
7.112902 
6.867741 
6.687096 
6.690322 
6.777419 
6.877418 
6.954838 
7.035483 
7.090322 
7.141935 
7.203225 
7.229032 
7.274193 
7.296773 
7.325806 
7.348386 
7.377418 
7.380644 
7.406451 
7.419354 
7.441935 
7.454838 
7.477418 
7.474193 
7.470967 
7.72258 
8.032257 
8.199999 
8.170967 
7.967741 
7.648386 
7.32258 
7.180644 
7.209677 
7.280644 
7.316128 
7.312902 
7.341935 
7.38387 
7.135483 
6.648386 
9.193548 
12.80322 
10.59032 
6.564515 
5.906451 
6.532257 
6.680644 
6.774193 
6.887096 
6.951612 
7.025805 
7.08387 
7.151612 
7.174193 
7.216128 
7.270967 
7.316128 
7.603225 
7.887096 
8.141935 
8.332257 
8.44516 
8.493547 
8.448386 
8.280644 
8.04516 
7.82258 
7.541934 
7.219354 
6.958064 
6.735483 
6.66129 
6.751612 
6.848386 
6.941935 
6.999999 
7.064515 
7.099999 
7.164515 
7.187096 
7.26129 
7.28387 
7.312902 
7.338709 
7.361289 
7.393548 
7.390322 
7.42258 
7.44516 
7.448386 
7.474193 
7.48387 
7.477418 
7.593547 
7.919354 
8.138709 
8.193548 
8.077418 
7.806451 
7.448386 
7.16129 
7.225806 
7.254838 
7.293548 
7.312902 
7.341935 
7.370967 
7.341935 
6.690322 
7.809677 
11.53225 
12.24193 
8.080644 
5.903225 
6.245161 
6.625806 
6.729032 
6.838709 
6.909677 
6.977418 
7.051612 
7.109676 
7.174193 
7.212903 
7.245161 
7.280644 
7.467741 
7.78387 
8.035483 
8.277419 
8.412902 
8.490322 
8.451612 
8.351612 
8.177418 
7.935483 
7.638709 
7.351612 
7.048386 
6.812902 
6.62258 
6.729032 
6.816128 
6.896773 
6.970967 
7.038709 
7.103225 
7.151612 
7.190322 
7.235483 
7.28387 
7.299999 
7.303225 
7.354838 
7.364515 
7.396773 
7.432257 
7.438709 
7.467741 
7.467741 
7.461289 
7.48387 
7.506451 
7.796773 
8.061289 
8.222579 
8.151612 
7.912902 
7.577418 
7.258064 
7.196774 
7.267741 
7.287096 
7.316128 
7.34516 
7.370967 
7.370967 
6.929031 
7.012902 
10.20645 
12.99354 
9.516128 
6.154838 
6.009676 
6.577418 
6.706451 
6.796773 
6.903225 
6.958064 
7.02258 
7.08387 
7.209677 
7.238709 
7.280644 
7.451612 
7.735483 
8.016128 
8.238709 
8.409676 
8.470967 
8.448386 
8.38387 
8.203225 
7.967741 
7.693548 
7.393548 
7.080644 
6.825806 
6.638709 
6.706451 
6.799999 
6.893548 
6.961289 
7.019354 
7.087096 
7.135483 
7.190322 
7.238709 
7.293548 
7.299999 
7.341935 
7.351612 
7.377418 
7.393548 
7.406451 
7.441935 
7.438709 
7.441935 
7.48387 
7.48387 
7.490322 
7.748386 
8.041934 
8.151612 
8.154838 
7.948386 
7.587096 
7.287096 
7.212903 
7.248386 
7.277419 
7.319354 
7.329031 
7.348386 
7.370967 
7.019354 
6.848386 
9.82258 
12.97419 
9.98387 
6.299999 
5.951612 
6.587096 
6.693548 
6.76129 
6.880644 
6.938709 
7.019354 
7.090322 
7.148386 
7.177419 
7.219354 
7.245161 
7.358064 
7.641935 
7.92258 
8.170967 
8.374193 
8.461289 
8.509676 
8.419354 
8.248386 
8.04516 
7.780644 
7.464515 
7.187096 
6.92258 
6.699999 
6.667741 
6.758064 
6.848386 
6.935483 
6.999999 
7.077418 
7.129032 
7.177419 
7.229032 
7.264515 
7.287096 
7.303225 
7.329031 
7.364515 
