
8.454837 
8.503225 
8.419354 
8.28387 
8.035483 
7.764515 
7.493547 
7.190322 
6.899999 
6.72258 
6.66129 
6.758064 
6.858064 
6.929031 
6.990322 
7.064515 
7.12258 
7.158064 
7.199999 
7.258064 
7.28387 
7.332257 
7.341935 
7.364515 
7.399999 
7.419354 
7.419354 
7.432257 
7.464515 
7.461289 
7.477418 
7.48387 
7.616128 
7.938709 
8.151612 
8.222579 
8.077418 
7.774193 
7.432257 
7.167741 
7.219354 
7.258064 
7.296773 
7.309677 
7.354838 
7.354838 
7.299999 
6.641935 
8.129031 
11.92903 
11.89354 
7.66129 
5.874193 
6.341935 
6.638709 
6.76129 
6.848386 
6.92258 
6.996773 
7.070967 
7.112902 
7.145161 
7.196774 
7.267741 
7.293548 
7.499999 
7.787096 
8.041934 
8.28387 
8.406451 
8.480644 
8.458064 
8.335483 
8.167741 
7.551612 
7.254838 
6.977418 
6.738709 
6.654838 
6.732257 
6.838709 
6.92258 
6.980644 
7.054838 
7.103225 
7.154838 
7.199999 
7.254838 
7.287096 
7.32258 
7.358064 
7.338709 
7.396773 
7.387096 
7.419354 
7.438709 
7.464515 
7.467741 
7.480644 
7.48387 
7.590322 
7.887096 
8.119354 
8.199999 
8.093547 
7.793548 
7.477418 
7.180644 
7.22258 
7.258064 
7.290322 
7.312902 
7.348386 
7.354838 
7.358064 
6.716128 
7.670967 
11.32257 
12.40967 
8.325805 
5.938709 
6.232257 
6.641935 
6.735483 
6.835483 
6.912902 
6.974193 
7.051612 
7.099999 
7.148386 
7.203225 
7.241935 
7.277419 
7.454838 
7.754838 
8.032257 
8.251612 
8.429031 
8.48387 
8.474192 
8.377418 
8.190321 
7.932257 
7.670967 
7.351612 
7.093547 
6.838709 
6.641935 
6.690322 
6.777419 
6.877418 
6.970967 
7.02258 
7.074193 
7.154838 
7.199999 
7.241935 
7.287096 
7.296773 
7.332257 
7.361289 
7.390322 
7.377418 
7.412902 
7.432257 
7.461289 
7.464515 
7.474193 
7.487096 
7.477418 
7.76129 
8.051611 
8.190321 
8.151612 
7.938709 
7.58387 
7.267741 
7.199999 
7.238709 
7.280644 
7.303225 
7.332257 
7.367741 
7.367741 
6.990322 
6.858064 
9.867741 
13.00967 
9.877418 
6.258064 
5.951612 
6.570967 
6.709677 
6.787096 
6.893548 
6.964515 
7.025805 
7.08387 
7.135483 
7.16129 
7.232257 
7.280644 
7.358064 
7.651612 
7.948386 
8.180644 
8.354838 
8.467741 
8.48387 
8.419354 
8.264515 
8.041934 
7.774193 
7.477418 
7.170967 
6.916128 
6.696774 
6.670967 
6.774193 
6.870967 
6.938709 
7.003225 
7.08387 
7.12258 
7.164515 
7.212903 
7.264515 
7.28387 
7.329031 
7.34516 
7.367741 
7.403225 
7.399999 
7.425806 
7.44516 
7.44516 
7.454838 
7.477418 
7.477418 
7.658064 
7.958064 
8.177418 
8.18387 
8.032257 
7.72258 
7.399999 
7.190322 
7.232257 
7.270967 
7.299999 
7.338709 
7.354838 
7.377418 
7.293548 
6.616128 
8.341935 
12.14516 
11.62257 
7.335483 
5.854838 
6.396773 
6.658064 
6.751612 
6.84516 
6.916128 
6.999999 
7.077418 
7.138709 
7.167741 
7.219354 
7.267741 
7.280644 
7.538709 
7.809677 
8.080644 
8.290322 
8.441934 
8.464515 
8.441934 
8.341935 
8.158063 
7.896773 
7.599999 
7.309677 
7.009676 
6.774193 
6.609677 
6.72258 
6.832257 
6.912902 
6.977418 
7.070967 
7.103225 
7.145161 
7.206451 
7.248386 
7.287096 
7.309677 
7.325806 
7.364515 
7.387096 
7.396773 
7.403225 
7.42258 
7.461289 
7.458064 
7.480644 
7.48387 
7.532257 
7.835483 
8.093547 
8.196773 
8.119354 
7.874193 
7.532257 
7.232257 
7.219354 
7.26129 
7.28387 
7.325806 
7.341935 
7.367741 
7.370967 
6.832257 
11.50967 
12.17741 
7.98387 
5.912902 
6.264515 
6.632257 
6.741935 
6.82258 
6.916128 
6.98387 
7.061289 
7.096773 
7.158064 
7.203225 
7.26129 
7.28387 
7.458064 
7.758064 
8.02258 
8.235483 
8.419354 
8.480644 
8.467741 
8.367741 
8.190321 
7.94516 
7.641935 
7.374193 
7.061289 
6.82258 
6.629032 
6.716128 
6.816128 
6.893548 
6.970967 
7.051612 
7.103225 
7.145161 
7.193548 
7.241935 
7.290322 
7.290322 
7.325806 
7.364515 
7.387096 
7.403225 
7.412902 
7.435483 
7.448386 
7.432257 
7.474193 
7.48387 
7.490322 
7.774193 
8.048386 
8.196773 
8.154838 
7.929031 
7.596773 
7.270967 
7.206451 
7.248386 
7.267741 
7.299999 
7.338709 
7.348386 
7.380644 
6.993547 
6.919354 
9.987095 
12.98709 
9.777419 
6.219354 
5.990322 
6.596773 
6.696774 
6.796773 
6.887096 
6.958064 
7.025805 
7.08387 
7.129032 
7.190322 
7.238709 
7.267741 
7.364515 
7.645161 
7.941935 
8.199999 
8.370966 
8.470967 
8.490322 
8.409676 
8.235483 
8.019353 
7.751612 
7.464515 
7.177419 
6.906451 
6.693548 
6.670967 
6.767741 
6.874193 
6.94516 
7.025805 
7.080644 
7.135483 
7.177419 
7.235483 
7.267741 
7.293548 
7.316128 
7.338709 
7.370967 
7.387096 
7.416128 
7.416128 
7.448386 
7.451612 
7.451612 
7.470967 
7.477418 
7.664515 
7.98387 
8.177418 
8.190321 
8.02258 
7.72258 
7.377418 
7.167741 
7.209677 
7.264515 
7.299999 
7.325806 
7.354838 
7.380644 
7.270967 
6.590322 
8.548386 
12.38386 
11.38386 
7.119354 
5.851612 
6.438709 
6.648386 
6.770967 
6.867741 
6.948386 
7.009676 
7.064515 
7.112902 
7.174193 
7.225806 
7.264515 
7.28387 
7.561289 
7.838709 
8.090321 
8.280644 
8.458064 
8.490322 
8.458064 
8.30645 
8.135483 
7.890322 
7.548386 
7.277419 
6.970967 
6.76129 
6.616128 
6.725806 
6.825806 
6.912902 
6.987096 
7.04516 
7.103225 
7.164515 
7.180644 
7.238709 
7.264515 
7.293548 
7.34516 
7.374193 
7.393548 
7.406451 
7.432257 
7.451612 
7.461289 
7.470967 
7.480644 
7.48387 
7.561289 
7.841935 
8.083869 
8.212903 
8.122579 
7.851612 
7.52258 
7.219354 
7.199999 
7.254838 
7.274193 
7.296773 
7.335483 
7.348386 
7.370967 
6.780644 
7.387096 
10.86774 
12.7129 
8.870966 
6.016128 
6.12258 
6.619354 
6.709677 
6.82258 
6.903225 
6.958064 
7.035483 
7.099999 
7.151612 
7.209677 
7.238709 
7.26129 
7.425806 
7.706451 
7.974193 
8.229031 
8.403224 
8.487095 
8.461289 
8.387096 
8.222579 
7.993547 
7.716128 
7.399999 
7.087096 
6.861289 
6.658064 
6.690322 
6.767741 
6.870967 
6.954838 
7.025805 
7.096773 
7.145161 
7.193548 
7.216128 
7.270967 
7.312902 
7.354838 
7.377418 
7.390322 
7.470967 
7.448386 
7.464515 
7.480644 
7.480644 
7.480644 
7.512902 
7.793548 
8.070966 
8.222579 
8.077418 
7.890322 
7.554838 
7.238709 
7.203225 
7.254838 
7.267741 
7.309677 
7.393548 
7.358064 
7.380644 
6.890322 
7.112902 
10.39999 
12.93225 
9.341935 
6.103225 
6.04516 
6.590322 
6.699999 
6.809677 
6.887096 
6.958064 
7.019354 
7.090322 
7.138709 
7.164515 
7.219354 
7.28387 
7.380644 
7.680644 
7.954838 
8.177418 
8.377418 
8.470967 
8.480644 
8.406451 
8.241934 
8.012902 
7.738709 
7.44516 
7.158064 
6.887096 
6.664515 
6.677419 
6.787096 
6.867741 
6.967741 
7.032257 
7.087096 
7.138709 
7.193548 
7.225806 
7.254838 
7.296773 
7.312902 
7.351612 
7.367741 
7.406451 
7.42258 
7.425806 
7.435483 
7.438709 
7.44516 
7.477418 
7.493547 
7.696774 
7.987096 
8.170967 
8.18387 
8.009676 
7.699999 
7.34516 
7.190322 
7.238709 
7.26129 
7.303225 
7.329031 
7.364515 
7.377418 
7.229032 
6.599999 
8.825805 
12.60322 
11.04838 
6.835483 
5.867741 
6.480644 
6.670967 
6.780644 
6.867741 
6.935483 
7.012902 
7.090322 
7.141935 
7.18387 
7.235483 
7.241935 
7.28387 
7.564515 
7.851612 
8.106451 
8.299999 
8.451612 
8.503225 
8.435482 
8.30645 
8.109676 
7.841935 
7.554838 
7.235483 
6.974193 
6.745161 
6.635483 
6.758064 
6.848386 
6.912902 
6.987096 
7.064515 
7.109676 
7.177419 
7.219354 
7.241935 
7.277419 
7.312902 
7.34516 
7.380644 
7.390322 
7.399999 
7.432257 
7.448386 
7.458064 
7.470967 
7.474193 
7.487096 
7.574193 
7.880644 
8.132257 
8.209676 
8.093547 
7.812902 
7.487096 
7.180644 
7.206451 
7.277419 
7.296773 
7.319354 
7.335483 
7.374193 
7.367741 
6.735483 
7.687096 
11.32903 
12.4129 
8.351612 
5.94516 
6.206451 
6.62258 
6.732257 
6.832257 
6.896773 
6.977418 
7.070967 
7.103225 
7.151612 
7.209677 
7.241935 
7.280644 
7.448386 
7.758064 
8.02258 
8.209676 
8.403224 
8.464515 
8.458064 
8.370966 
8.196773 
7.958064 
7.670967 
7.370967 
7.090322 
6.829031 
6.651612 
6.696774 
6.799999 
6.877418 
6.964515 
7.035483 
7.080644 
7.154838 
7.196774 
7.232257 
7.274193 
7.303225 
7.329031 
7.367741 
7.38387 
7.390322 
7.412902 
7.416128 
7.451612 
7.451612 
7.470967 
7.474193 
7.493547 
7.777419 
8.051611 
8.203225 
8.16129 
7.932257 
7.609676 
7.287096 
7.212903 
7.258064 
7.270967 
7.312902 
7.358064 
7.351612 
7.367741 
7.019354 
6.825806 
9.777419 
12.98064 
9.974192 
6.287096 
5.951612 
6.567741 
6.68387 
6.774193 
6.870967 
6.954838 
7.012902 
7.077418 
7.135483 
7.177419 
7.212903 
7.267741 
7.72258 
7.977418 
8.216128 
8.406451 
8.470967 
8.458064 
8.370966 
8.193548 
7.999999 
7.72258 
7.412902 
7.12258 
6.870967 
6.651612 
6.699999 
6.780644 
6.874193 
6.961289 
7.003225 
7.077418 
7.148386 
7.174193 
7.238709 
7.270967 
7.306451 
7.325806 
7.354838 
7.38387 
7.380644 
7.42258 
7.438709 
7.42258 
7.470967 
7.467741 
7.480644 
7.490322 
7.738709 
7.996773 
8.18387 
8.187096 
7.977418 
7.66129 
7.312902 
7.190322 
7.238709 
7.270967 
7.309677 
7.338709 
7.348386 
7.367741 
7.135483 
6.66129 
9.196773 
12.81612 
10.61612 
6.574193 
5.874193 
6.506451 
6.670967 
6.777419 
6.864515 
6.958064 
7.019354 
7.080644 
7.12258 
7.177419 
7.232257 
7.254838 
7.290322 
7.587096 
7.893548 
8.122579 
8.32258 
8.451612 
8.50645 
8.432257 
8.293547 
8.090321 
7.82258 
7.538709 
7.225806 
6.929031 
6.732257 
6.658064 
6.76129 
6.835483 
6.919354 
6.996773 
7.061289 
7.116128 
7.167741 
7.216128 
7.248386 
7.28387 
7.316128 
7.341935 
7.38387 
7.377418 
7.409677 
7.432257 
7.438709 
7.451612 
7.461289 
7.493547 
7.487096 
7.606451 
7.903225 
8.141935 
8.196773 
8.083869 
7.774193 
7.448386 
7.167741 
7.22258 
7.248386 
7.296773 
7.309677 
7.335483 
7.354838 
7.358064 
6.687096 
7.841935 
11.55806 
12.22257 
8.048386 
5.893548 
6.274193 
6.641935 
6.729032 
6.819354 
6.909677 
6.967741 
7.064515 
7.106451 
7.158064 
7.193548 
7.232257 
7.274193 
7.458064 
7.764515 
8.025805 
8.264515 
8.419354 
8.487095 
8.464515 
8.377418 
8.193548 
7.932257 
7.651612 
7.364515 
7.070967 
6.825806 
6.632257 
6.709677 
6.819354 
6.890322 
6.970967 
7.029031 
7.103225 
7.154838 
7.193548 
7.229032 
7.26129 
7.299999 
7.335483 
7.34516 
7.387096 
7.393548 
7.409677 
7.419354 
7.44516 
7.464515 
7.477418 
7.454838 
7.503225 
7.806451 
8.058063 
8.206451 
8.138709 
7.899999 
7.561289 
7.264515 
7.199999 
7.245161 
7.280644 
7.309677 
7.338709 
7.354838 
7.390322 
6.964515 
6.954838 
10.08709 
13.00322 
9.66129 
6.209677 
6.003225 
6.590322 
6.693548 
6.780644 
6.887096 
6.961289 
7.02258 
7.074193 
7.12258 
7.18387 
7.232257 
7.26129 
7.358064 
7.667741 
7.938709 
8.187096 
8.377418 
8.477418 
8.474192 
8.399999 
8.241934 
8.035483 
7.758064 
7.470967 
7.167741 
6.906451 
6.693548 
6.664515 
6.76129 
6.858064 
6.954838 
7.019354 
7.058063 
7.12258 
7.187096 
7.219354 
7.258064 
7.287096 
7.329031 
7.34516 
7.358064 
7.380644 
7.416128 
7.419354 
7.412902 
7.441935 
7.458064 
7.470967 
7.48387 
7.658064 
7.941935 
8.174193 
8.199999 
8.041934 
7.706451 
7.203225 
7.245161 
7.280644 
7.303225 
7.34516 
7.351612 
7.38387 
7.106451 
6.719354 
9.461289 
12.90967 
10.34838 
6.429031 
5.906451 
6.567741 
6.680644 
6.780644 
6.870967 
6.954838 
7.009676 
7.061289 
7.135483 
7.170967 
7.216128 
7.258064 
7.329031 
7.612902 
7.903225 
8.164515 
8.341935 
8.470967 
8.480644 
8.432257 
8.277419 
8.054838 
7.799999 
7.499999 
7.206451 
6.92258 
6.716128 
6.658064 
6.741935 
6.864515 
6.890322 
6.999999 
7.058063 
7.132257 
7.174193 
7.199999 
7.258064 
7.299999 
7.309677 
7.325806 
7.374193 
7.393548 
7.432257 
7.432257 
7.44516 
7.464515 
7.454838 
7.464515 
7.477418 
7.625806 
7.919354 
8.16129 
8.193548 
8.070966 
7.758064 
7.419354 
7.177419 
7.225806 
7.277419 
7.287096 
7.32258 
7.377418 
7.367741 
7.309677 
6.651612 
8.151612 
11.95161 
11.87741 
7.629032 
5.880644 
6.364515 
6.638709 
6.748386 
6.88387 
6.909677 
7.003225 
7.054838 
7.119354 
7.170967 
7.203225 
7.232257 
7.28387 
7.499999 
7.78387 
8.04516 
8.261289 
8.416128 
8.496773 
8.461289 
8.358063 
8.167741 
7.92258 
7.62258 
7.335483 
7.038709 
6.793548 
6.609677 
6.719354 
6.82258 
6.890322 
6.987096 
7.041934 
7.096773 
7.177419 
7.206451 
7.232257 
7.28387 
7.316128 
7.34516 
7.358064 
7.387096 
7.390322 
7.42258 
7.435483 
7.454838 
7.458064 
7.470967 
7.490322 
7.506451 
7.803225 
8.061289 
8.203225 
8.135483 
7.893548 
7.567741 
7.258064 
7.196774 
7.235483 
7.267741 
7.299999 
7.338709 
7.364515 
7.380644 
6.92258 
7.019354 
10.23548 
12.99032 
9.535483 
6.151612 
6.009676 
6.580644 
6.716128 
6.806451 
6.880644 
6.970967 
7.048386 
7.087096 
7.196774 
7.18387 
7.229032 
7.267741 
7.390322 
7.68387 
7.938709 
8.209676 
8.367741 
8.467741 
8.477418 
8.403224 
8.238709 
8.012902 
7.748386 
7.441935 
7.145161 
6.880644 
6.674193 
6.68387 
6.78387 
6.864515 
6.958064 
6.993547 
7.080644 
7.12258 
7.180644 
7.235483 
7.264515 
7.290322 
7.325806 
7.34516 
7.367741 
7.396773 
7.412902 
7.425806 
7.441935 
7.467741 
7.461289 
7.467741 
7.499999 
7.677419 
7.974193 
8.177418 
8.193548 
8.009676 
7.706451 
7.377418 
7.164515 
7.232257 
7.264515 
7.293548 
7.312902 
7.358064 
7.399999 
7.22258 
6.590322 
8.729031 
12.5129 
11.21935 
6.964515 
5.858064 
6.454838 
6.664515 
6.780644 
6.864515 
6.906451 
7.006451 
7.080644 
7.135483 
7.167741 
7.232257 
7.258064 
7.290322 
7.567741 
7.858064 
8.109676 
8.319354 
8.454837 
8.477418 
8.464515 
8.329031 
8.099999 
7.864515 
7.54516 
7.26129 
6.993547 
6.76129 
6.635483 
6.735483 
6.938709 
7.006451 
7.067741 
7.103225 
7.167741 
7.219354 
7.248386 
7.296773 
7.319354 
7.348386 
7.364515 
7.396773 
7.409677 
7.441935 
7.429031 
7.454838 
7.464515 
7.470967 
7.477418 
7.629032 
7.948386 
8.151612 
8.196773 
8.038708 
7.729032 
7.399999 
7.193548 
7.216128 
7.248386 
7.296773 
7.32258 
7.354838 
7.374193 
7.299999 
6.629032 
8.267741 
12.09354 
11.74193 
7.480644 
5.858064 
6.377418 
6.648386 
6.732257 
6.82258 
6.92258 
6.990322 
7.070967 
7.132257 
7.167741 
7.196774 
7.254838 
7.287096 
7.516128 
7.819354 
8.04516 
8.287096 
8.429031 
8.493547 
8.461289 
8.338708 
8.158063 
7.880644 
7.62258 
7.306451 
7.048386 
6.780644 
6.625806 
6.735483 
6.816128 
6.903225 
6.98387 
7.032257 
7.090322 
7.151612 
7.190322 
7.248386 
7.299999 
7.32258 
7.341935 
7.358064 
7.396773 
7.396773 
7.448386 
7.454838 
7.461289 
7.458064 
7.487096 
7.474193 
7.529031 
7.841935 
8.096773 
8.219354 
8.125805 
7.864515 
7.54516 
7.248386 
7.209677 
7.26129 
7.290322 
7.306451 
7.332257 
7.329031 
7.393548 
6.893548 
7.119354 
10.40645 
12.9258 
9.354838 
6.106451 
6.051612 
6.596773 
6.732257 
6.812902 
6.890322 
6.961289 
7.038709 
7.087096 
7.132257 
7.193548 
7.225806 
7.267741 
7.390322 
7.699999 
7.961289 
8.209676 
8.38387 
8.474192 
8.493547 
8.396773 
8.222579 
7.993547 
7.72258 
7.441935 
7.135483 
6.874193 
6.664515 
6.696774 
6.78387 
6.870967 
6.951612 
7.02258 
7.077418 
7.145161 
7.18387 
7.229032 
7.277419 
7.293548 
7.309677 
7.341935 
7.370967 
7.377418 
7.412902 
7.441935 
7.432257 
7.470967 
7.470967 
7.487096 
7.503225 
7.693548 
7.987096 
8.18387 
8.187096 
8.009676 
7.687096 
7.364515 
7.180644 
7.209677 
7.264515 
7.293548 
7.335483 
7.358064 
7.358064 
7.216128 
6.612903 
8.848386 
12.59032 
11.06128 
6.829031 
5.858064 
6.480644 
6.658064 
6.764515 
6.861289 
6.948386 
7.006451 
7.08387 
7.129032 
7.180644 
7.209677 
7.264515 
7.270967 
7.564515 
7.854838 
8.122579 
8.309677 
8.454837 
8.499999 
8.438709 
8.309677 
8.109676 
7.832257 
7.541934 
7.258064 
6.98387 
6.741935 
6.651612 
6.745161 
6.832257 
6.932257 
6.980644 
7.054838 
7.103225 
7.167741 
7.206451 
7.251612 
7.28387 
7.296773 
7.338709 
7.370967 
7.399999 
7.403225 
7.435483 
7.441935 
7.454838 
7.467741 
7.474193 
7.490322 
7.596773 
7.880644 
8.138709 
8.203225 
8.109676 
7.82258 
7.477418 
7.180644 
7.225806 
7.26129 
7.267741 
7.329031 
7.348386 
7.341935 
7.341935 
6.729032 
7.609676 
11.19354 
12.47741 
8.44516 
5.948386 
6.190322 
6.612903 
6.835483 
6.92258 
7.006451 
7.054838 
7.125806 
7.16129 
7.206451 
7.254838 
7.28387 
7.512902 
7.809677 
8.070966 
8.274192 
8.416128 
8.487095 
8.458064 
8.335483 
8.14516 
7.893548 
7.632257 
7.309677 
7.035483 
6.812902 
6.616128 
6.729032 
6.82258 
6.909677 
6.974193 
7.051612 
7.099999 
7.158064 
7.206451 
7.254838 
7.287096 
7.319354 
7.329031 
7.361289 
7.377418 
7.393548 
7.412902 
7.438709 
7.458064 
7.458064 
7.477418 
7.487096 
7.519354 
7.838709 
8.090321 
8.216128 
8.135483 
7.874193 
7.541934 
7.229032 
7.212903 
7.248386 
7.26129 
7.32258 
7.341935 
7.374193 
7.387096 
6.84516 
7.206451 
10.56128 
12.85806 
9.193548 
6.061289 
6.064515 
6.606451 
6.709677 
6.816128 
6.903225 
6.970967 
7.032257 
7.087096 
7.145161 
7.203225 
7.229032 
7.264515 
7.403225 
7.706451 
7.98387 
8.219354 
8.38387 
8.461289 
8.467741 
8.412902 
8.222579 
7.990322 
7.735483 
7.44516 
7.135483 
6.887096 
6.680644 
6.690322 
6.787096 
6.88387 
6.951612 
7.006451 
7.077418 
7.12258 
7.187096 
7.225806 
7.258064 
7.316128 
7.332257 
7.348386 
7.370967 
7.387096 
7.412902 
7.425806 
7.441935 
7.44516 
7.480644 
7.477418 
7.499999 
7.68387 
7.98387 
8.164515 
8.180644 
8.00645 
7.687096 
7.34516 
7.170967 
7.235483 
7.264515 
7.280644 
7.319354 
7.374193 
7.38387 
7.225806 
6.609677 
8.835483 
12.59032 
11.04516 
6.851612 
5.858064 
6.470967 
6.667741 
6.758064 
6.864515 
6.92258 
7.006451 
7.064515 
7.135483 
7.174193 
7.219354 
7.245161 
7.293548 
7.570967 
7.864515 
8.154838 
8.335483 
8.438709 
8.490322 
8.451612 
8.293547 
8.116127 
7.848386 
7.54516 
7.267741 
6.977418 
6.741935 
6.651612 
6.738709 
6.832257 
6.935483 
7.009676 
7.048386 
7.116128 
7.174193 
7.209677 
7.238709 
7.28387 
7.312902 
7.348386 
7.370967 
7.380644 
7.399999 
7.42258 
7.425806 
7.454838 
7.467741 
7.48387 
7.48387 
7.574193 
7.877418 
8.125805 
8.225806 
8.106451 
7.819354 
7.477418 
7.199999 
7.22258 
7.254838 
7.290322 
7.329031 
7.341935 
7.348386 
7.364515 
6.725806 
7.593547 
11.17096 
12.5129 
8.532257 
5.958064 
6.190322 
6.632257 
6.735483 
6.832257 
6.903225 
6.980644 
7.038709 
7.119354 
7.164515 
7.199999 
7.238709 
7.26129 
7.448386 
7.725806 
8.012902 
8.241934 
8.406451 
8.480644 
8.451612 
8.367741 
8.199999 
7.964515 
7.66129 
7.38387 
7.077418 
6.848386 
6.635483 
6.674193 
6.806451 
6.887096 
6.958064 
7.032257 
7.090322 
7.135483 
7.196774 
7.238709 
7.254838 
7.28387 
7.325806 
7.351612 
7.377418 
7.393548 
7.409677 
7.425806 
7.458064 
7.477418 
7.496773 
7.503225 
7.829031 
8.083869 
8.196773 
8.132257 
7.877418 
7.548386 
7.238709 
7.212903 
7.238709 
7.296773 
7.325806 
7.341935 
7.377418 
7.364515 
6.848386 
7.238709 
10.59032 
12.85161 
9.119354 
6.061289 
6.103225 
6.606451 
6.719354 
6.806451 
6.887096 
6.974193 
7.025805 
7.093547 
7.158064 
7.199999 
7.235483 
7.270967 
7.406451 
7.693548 
7.974193 
8.219354 
8.380644 
8.470967 
8.470967 
8.380644 
8.196773 
7.996773 
7.709677 
7.393548 
7.116128 
6.870967 
6.645161 
6.687096 
6.78387 
6.870967 
6.951612 
7.019354 
7.087096 
7.129032 
7.180644 
7.245161 
7.270967 
7.293548 
7.335483 
7.358064 
7.374193 
7.387096 
7.419354 
7.432257 
7.435483 
7.448386 
7.470967 
7.490322 
7.503225 
7.719354 
8.02258 
8.203225 
8.167741 
7.98387 
7.674193 
7.341935 
7.190322 
7.238709 
7.264515 
7.299999 
7.341935 
7.367741 
7.377418 
7.180644 
6.619354 
9.129031 
12.77741 
10.7258 
6.638709 
5.867741 
6.499999 
6.664515 
6.78387 
6.877418 
6.948386 
7.009676 
7.064515 
7.125806 
7.196774 
7.225806 
7.245161 
7.309677 
7.590322 
7.867741 
8.138709 
8.332257 
8.448386 
8.509676 
8.44516 
8.299999 
8.099999 
7.832257 
7.512902 
7.235483 
6.94516 
6.732257 
6.648386 
6.754838 
6.851612 
6.919354 
7.003225 
7.061289 
7.119354 
7.158064 
7.199999 
7.251612 
7.267741 
7.32258 
7.354838 
7.364515 
7.38387 
7.419354 
7.419354 
7.441935 
7.470967 
7.470967 
7.477418 
7.467741 
7.580644 
7.899999 
8.132257 
8.219354 
8.096773 
7.819354 
7.467741 
7.170967 
7.225806 
7.26129 
7.280644 
7.312902 
7.341935 
7.387096 
7.361289 
6.706451 
7.777419 
11.47419 
12.27741 
8.106451 
5.916128 
6.248386 
6.635483 
6.729032 
6.812902 
6.912902 
6.964515 
7.064515 
7.099999 
7.16129 
7.203225 
7.229032 
7.28387 
7.458064 
7.767741 
8.041934 
8.258064 
8.416128 
8.477418 
8.470967 
8.374193 
8.187096 
7.951612 
7.638709 
7.361289 
7.070967 
6.803225 
6.632257 
6.719354 
6.806451 
6.896773 
6.967741 
7.038709 
7.099999 
7.148386 
7.196774 
7.225806 
7.274193 
7.290322 
7.341935 
7.367741 
7.38387 
7.412902 
7.425806 
7.432257 
7.461289 
7.458064 
7.470967 
7.48387 
7.493547 
7.777419 
8.048386 
8.206451 
8.132257 
7.909677 
7.570967 
7.264515 
7.203225 
7.245161 
7.277419 
7.316128 
7.325806 
7.361289 
7.380644 
6.980644 
6.906451 
10.00322 
12.99999 
9.758064 
6.22258 
5.98387 
6.590322 
6.68387 
6.780644 
6.887096 
6.958064 
7.003225 
7.08387 
7.135483 
7.177419 
7.193548 
7.26129 
7.367741 
7.648386 
7.919354 
8.164515 
8.358063 
8.480644 
8.493547 
8.219354 
7.98387 
7.709677 
7.409677 
7.116128 
6.861289 
6.654838 
6.693548 
6.793548 
6.887096 
6.958064 
7.025805 
7.074193 
7.151612 
7.170967 
7.225806 
7.26129 
7.290322 
7.32258 
7.354838 
7.367741 
7.390322 
7.412902 
7.42258 
7.44516 
7.451612 
7.464515 
7.490322 
7.477418 
7.72258 
8.00645 
8.190321 
8.18387 
7.987096 
7.670967 
7.332257 
7.187096 
7.235483 
7.26129 
7.309677 
7.338709 
7.364515 
7.367741 
7.18387 
6.616128 
9.054838 
12.73225 
10.77741 
6.658064 
5.861289 
6.525805 
6.68387 
6.774193 
6.864515 
6.932257 
7.006451 
7.067741 
7.138709 
7.180644 
7.206451 
7.251612 
7.293548 
7.580644 
7.874193 
8.132257 
8.329031 
8.432257 
8.50645 
8.438709 
8.303225 
8.093547 
7.825806 
7.529031 
7.235483 
6.94516 
6.732257 
6.66129 
6.729032 
6.841935 
6.903225 
7.006451 
7.067741 
7.112902 
7.154838 
7.206451 
7.245161 
7.312902 
7.316128 
7.34516 
7.374193 
7.390322 
7.399999 
7.419354 
7.44516 
7.458064 
7.470967 
7.467741 
7.480644 
7.577418 
7.890322 
8.151612 
8.216128 
8.090321 
7.806451 
7.461289 
7.180644 
7.206451 
7.248386 
7.293548 
7.316128 
7.332257 
7.380644 
7.354838 
6.696774 
7.751612 
11.44838 
12.30322 
8.170967 
5.932257 
6.254838 
6.635483 
6.735483 
6.825806 
6.919354 
6.987096 
7.051612 
7.109676 
7.164515 
7.199999 
7.238709 
7.277419 
7.470967 
7.770967 
8.035483 
8.251612 
8.412902 
8.477418 
8.441934 
8.370966 
8.187096 
7.929031 
7.658064 
7.374193 
7.067741 
6.835483 
6.638709 
6.709677 
6.803225 
6.88387 
6.967741 
7.029031 
7.096773 
7.141935 
7.177419 
7.238709 
7.280644 
7.303225 
7.325806 
7.354838 
7.370967 
7.396773 
7.419354 
7.432257 
7.438709 
7.464515 
7.467741 
7.477418 
7.499999 
7.770967 
8.051611 
8.209676 
8.14516 
7.929031 
7.596773 
7.270967 
7.206451 
7.254838 
7.280644 
7.309677 
7.329031 
7.367741 
7.380644 
6.977418 
6.877418 
9.94516 
12.99999 
9.877418 
6.245161 
5.974193 
6.58387 
6.690322 
6.787096 
6.890322 
6.961289 
7.029031 
7.087096 
7.138709 
7.18387 
7.22258 
7.267741 
7.364515 
7.651612 
7.948386 
8.170967 
8.361289 
8.464515 
8.496773 
8.432257 
8.245161 
8.032257 
7.780644 
7.506451 
7.235483 
6.912902 
6.674193 
6.664515 
6.758064 
6.84516 
6.932257 
6.999999 
7.070967 
7.12258 
7.190322 
7.245161 
7.26129 
7.290322 
7.32258 
7.364515 
7.374193 
7.403225 
7.409677 
7.399999 
7.461289 
7.42258 
7.454838 
7.477418 
7.480644 
7.638709 
7.935483 
8.16129 
8.203225 
8.04516 
7.738709 
7.409677 
7.177419 
7.232257 
7.264515 
7.280644 
7.319354 
7.361289 
7.187096 
6.625806 
9.083869 
12.7387 
10.79032 
6.667741 
5.858064 
6.529031 
6.674193 
6.770967 
6.870967 
6.929031 
6.987096 
7.080644 
7.12258 
7.174193 
7.22258 
7.245161 
7.299999 
7.577418 
7.874193 
8.122579 
8.338708 
8.454837 
8.50645 
8.435482 
8.299999 
8.093547 
7.829031 
7.525805 
7.248386 
6.987096 
6.735483 
6.645161 
6.76129 
6.854838 
6.929031 
6.999999 
7.061289 
7.112902 
7.151612 
7.219354 
7.245161 
7.274193 
7.325806 
7.38387 
7.361289 
7.412902 
7.409677 
7.416128 
7.448386 
7.464515 
7.464515 
7.470967 
7.474193 
7.58387 
7.899999 
8.125805 
8.219354 
8.087096 
7.780644 
7.461289 
7.180644 
7.206451 
7.235483 
7.290322 
7.319354 
7.329031 
7.354838 
7.358064 
6.699999 
7.735483 
11.41612 
12.34516 
8.222579 
5.932257 
6.238709 
6.619354 
6.725806 
6.82258 
6.893548 
6.990322 
7.051612 
7.109676 
7.138709 
7.193548 
7.238709 
7.280644 
7.458064 
7.751612 
8.038708 
8.251612 
8.493547 
8.48387 
8.454837 
8.377418 
8.193548 
7.964515 
7.667741 
7.370967 
7.080644 
6.829031 
6.641935 
6.699999 
6.796773 
6.890322 
6.987096 
7.04516 
7.106451 
7.138709 
7.206451 
7.245161 
7.270967 
7.299999 
7.341935 
7.34516 
7.380644 
7.396773 
7.416128 
7.438709 
7.441935 
7.467741 
7.477418 
7.499999 
7.538709 
7.770967 
8.038708 
8.206451 
8.151612 
7.919354 
7.587096 
7.274193 
7.196774 
7.238709 
7.277419 
7.296773 
7.338709 
7.354838 
7.387096 
6.999999 
6.854838 
9.890321 
13.00322 
9.880644 
6.245161 
5.967741 
6.58387 
6.693548 
6.78387 
6.867741 
6.948386 
7.019354 
7.096773 
7.148386 
7.18387 
7.238709 
7.258064 
7.341935 
7.654838 
7.938709 
8.174193 
8.377418 
8.464515 
8.480644 
8.419354 
8.248386 
8.029031 
7.777419 
7.480644 
7.187096 
6.909677 
6.699999 
6.664515 
6.812902 
6.858064 
6.941935 
7.009676 
7.070967 
7.125806 
7.18387 
7.203225 
7.251612 
7.293548 
7.32258 
7.351612 
7.370967 
7.390322 
7.403225 
7.409677 
7.441935 
7.448386 
7.454838 
7.467741 
7.461289 
7.641935 
7.94516 
8.158063 
8.203225 
8.054838 
7.732257 
7.396773 
7.193548 
7.193548 
7.26129 
7.303225 
7.316128 
7.351612 
7.351612 
7.280644 
6.596773 
8.361289 
12.17741 
11.62903 
7.34516 
5.861289 
6.412902 
6.651612 
6.774193 
6.851612 
6.935483 
7.006451 
7.064515 
7.119354 
7.180644 
7.196774 
7.245161 
7.277419 
7.529031 
7.812902 
8.093547 
8.280644 
8.432257 
8.496773 
8.451612 
8.335483 
8.141935 
7.896773 
7.58387 
7.296773 
7.025805 
6.790322 
6.638709 
6.738709 
6.819354 
6.909677 
6.977418 
7.061289 
7.119354 
7.174193 
7.206451 
7.293548 
7.32258 
7.341935 
7.370967 
7.390322 
7.416128 
7.419354 
7.425806 
7.454838 
7.448386 
7.448386 
7.480644 
7.62258 
7.916128 
8.148386 
8.209676 
8.074193 
7.790322 
7.432257 
7.193548 
7.229032 
7.270967 
7.290322 
7.306451 
7.325806 
7.364515 
7.335483 
6.664515 
7.958064 
11.69354 
12.07419 
7.870967 
5.887096 
6.325806 
6.629032 
6.748386 
6.848386 
6.925806 
6.999999 
7.067741 
7.116128 
7.170967 
7.22258 
7.258064 
7.264515 
7.499999 
7.787096 
8.061289 
8.277419 
8.432257 
8.474192 
8.477418 
8.361289 
8.164515 
7.925806 
7.641935 
7.34516 
7.04516 
6.806451 
6.632257 
6.72258 
6.825806 
6.909677 
6.974193 
7.054838 
7.099999 
7.164515 
7.18387 
7.219354 
7.290322 
7.303225 
7.332257 
7.367741 
7.393548 
7.399999 
7.412902 
7.435483 
7.435483 
7.490322 
7.48387 
7.496773 
7.48387 
7.780644 
8.054838 
8.209676 
8.135483 
7.909677 
7.574193 
7.264515 
7.203225 
7.245161 
7.280644 
7.312902 
7.338709 
7.364515 
7.351612 
6.932257 
6.990322 
10.17419 
12.99677 
9.583869 
6.164515 
6.012902 
6.587096 
6.716128 
6.816128 
6.88387 
6.948386 
7.025805 
7.08387 
7.141935 
7.190322 
7.241935 
7.26129 
7.374193 
7.654838 
7.948386 
8.206451 
8.374193 
8.474192 
8.467741 
8.419354 
8.254837 
8.02258 
7.76129 
7.467741 
7.164515 
6.899999 
6.677419 
6.68387 
6.777419 
6.870967 
6.941935 
7.025805 
7.08387 
7.129032 
7.187096 
7.219354 
7.28387 
7.303225 
7.335483 
7.354838 
7.380644 
7.399999 
7.419354 
7.432257 
7.44516 
7.454838 
7.451612 
7.480644 
7.48387 
7.68387 
7.967741 
8.167741 
8.180644 
8.025805 
7.706451 
7.393548 
7.193548 
7.22258 
7.216128 
7.287096 
7.319354 
7.348386 
7.361289 
7.270967 
6.590322 
8.525805 
12.34193 
11.4258 
7.167741 
5.84516 
6.406451 
6.654838 
6.751612 
6.848386 
6.938709 
7.012902 
7.077418 
7.12258 
7.177419 
7.206451 
7.235483 
7.267741 
7.541934 
7.838709 
8.096773 
8.296773 
8.432257 
8.487095 
8.464515 
8.329031 
8.141935 
7.880644 
7.58387 
7.293548 
6.98387 
6.764515 
6.629032 
6.725806 
6.832257 
6.92258 
6.990322 
7.054838 
7.106451 
7.154838 
7.199999 
7.238709 
7.287096 
7.319354 
7.325806 
7.358064 
7.377418 
7.399999 
7.409677 
7.44516 
7.464515 
7.474193 
7.480644 
7.458064 
7.529031 
7.88387 
8.099999 
8.206451 
8.119354 
7.858064 
7.525805 
7.212903 
7.199999 
7.245161 
7.280644 
7.299999 
7.332257 
7.361289 
7.380644 
6.793548 
7.32258 
10.71612 
12.80645 
8.98387 
6.054838 
6.087096 
6.629032 
6.719354 
6.829031 
6.887096 
6.961289 
7.035483 
7.090322 
7.141935 
7.229032 
7.270967 
7.487096 
7.777419 
8.038708 
8.241934 
8.422579 
8.487095 
8.451612 
8.358063 
8.174193 
7.919354 
7.641935 
7.34516 
7.064515 
6.799999 
6.645161 
6.712903 
6.812902 
6.896773 
6.964515 
7.041934 
7.109676 
7.16129 
7.206451 
7.241935 
7.277419 
7.306451 
7.335483 
7.361289 
7.399999 
7.396773 
7.396773 
7.448386 
7.435483 
7.458064 
7.48387 
7.490322 
7.506451 
7.793548 
8.067741 
8.206451 
8.132257 
7.916128 
7.574193 
7.267741 
7.306451 
7.248386 
7.28387 
7.312902 
7.335483 
7.351612 
7.370967 
6.938709 
6.967741 
10.12257 
12.99677 
9.641934 
6.180644 
5.999999 
6.587096 
6.696774 
6.793548 
6.877418 
6.961289 
7.032257 
7.087096 
7.141935 
7.170967 
7.258064 
7.277419 
7.370967 
7.674193 
7.948386 
8.193548 
8.367741 
8.451612 
8.487095 
8.406451 
8.258064 
8.00645 
7.764515 
7.461289 