
12.94193 
9.425806 
6.125806 
6.038709 
6.596773 
6.72258 
6.796773 
6.880644 
6.961289 
7.029031 
7.103225 
7.145161 
7.196774 
7.212903 
7.258064 
7.367741 
7.674193 
7.958064 
8.203225 
8.380644 
8.467741 
8.48387 
8.399999 
8.258064 
8.025805 
7.748386 
7.470967 
7.167741 
6.903225 
6.693548 
6.677419 
6.787096 
6.874193 
6.94516 
7.012902 
7.074193 
7.138709 
7.193548 
7.219354 
7.264515 
7.306451 
7.319354 
7.361289 
7.380644 
7.396773 
7.416128 
7.438709 
7.448386 
7.464515 
7.490322 
7.490322 
7.770967 
8.038708 
8.216128 
8.151612 
7.935483 
7.599999 
7.312902 
7.196774 
7.229032 
7.287096 
7.303225 
7.329031 
7.34516 
7.387096 
7.038709 
6.812902 
9.767741 
12.96128 
10.04193 
6.293548 
5.94516 
6.577418 
6.690322 
6.796773 
6.88387 
6.958064 
7.019354 
7.070967 
7.132257 
7.187096 
7.203225 
7.267741 
7.348386 
7.638709 
7.919354 
8.164515 
8.351612 
8.464515 
8.496773 
8.422579 
8.277419 
8.048386 
7.78387 
7.509676 
7.196774 
6.935483 
6.716128 
6.670967 
6.774193 
6.84516 
6.92258 
7.006451 
7.074193 
7.129032 
7.167741 
7.187096 
7.245161 
7.299999 
7.312902 
7.351612 
7.377418 
7.406451 
7.406451 
7.42258 
7.458064 
7.448386 
7.477418 
7.48387 
7.490322 
7.632257 
7.951612 
8.132257 
8.209676 
8.070966 
7.764515 
7.406451 
7.190322 
7.232257 
7.254838 
7.28387 
7.338709 
7.341935 
7.380644 
7.329031 
6.667741 
8.093547 
11.89677 
11.94193 
7.687096 
5.88387 
6.351612 
6.645161 
6.748386 
6.84516 
6.906451 
6.98387 
7.058063 
7.106451 
7.167741 
7.229032 
7.229032 
7.277419 
7.499999 
7.777419 
8.058063 
8.280644 
8.461289 
8.499999 
8.454837 
8.367741 
8.174193 
7.919354 
7.62258 
7.351612 
7.058063 
6.812902 
6.651612 
6.716128 
6.816128 
6.893548 
6.948386 
7.041934 
7.103225 
7.141935 
7.193548 
7.235483 
7.26129 
7.303225 
7.325806 
7.348386 
7.374193 
7.406451 
7.412902 
7.438709 
7.451612 
7.464515 
7.480644 
7.470967 
7.499999 
7.790322 
8.074193 
8.187096 
8.135483 
7.909677 
7.574193 
7.270967 
7.22258 
7.245161 
7.28387 
7.312902 
7.341935 
7.361289 
7.387096 
6.948386 
6.987096 
10.14193 
12.97419 
9.619354 
6.187096 
6.012902 
6.596773 
6.712903 
6.790322 
6.887096 
6.961289 
6.990322 
7.096773 
7.132257 
7.187096 
7.235483 
7.267741 
7.38387 
7.664515 
7.941935 
8.196773 
8.370966 
8.470967 
8.490322 
8.425806 
8.258064 
8.029031 
7.76129 
7.496773 
7.167741 
6.912902 
6.699999 
6.687096 
6.790322 
6.877418 
6.961289 
7.025805 
7.067741 
7.132257 
7.18387 
7.225806 
7.277419 
7.299999 
7.325806 
7.354838 
7.367741 
7.390322 
7.416128 
7.435483 
7.438709 
7.44516 
7.470967 
7.480644 
7.477418 
7.680644 
7.964515 
8.164515 
8.190321 
8.035483 
7.716128 
7.387096 
7.190322 
7.219354 
7.277419 
7.296773 
7.329031 
7.348386 
7.38387 
7.258064 
6.58387 
8.599999 
12.40322 
11.3258 
7.096773 
5.864515 
6.470967 
6.674193 
6.777419 
6.870967 
6.935483 
7.012902 
7.074193 
7.132257 
7.174193 
7.196774 
7.26129 
7.28387 
7.554838 
7.838709 
8.090321 
8.303225 
8.44516 
8.490322 
8.309677 
8.067741 
7.809677 
7.509676 
7.209677 
6.94516 
6.719354 
6.667741 
6.767741 
6.854838 
6.951612 
6.999999 
7.064515 
7.125806 
7.177419 
7.212903 
7.26129 
7.290322 
7.32258 
7.351612 
7.374193 
7.390322 
7.403225 
7.419354 
7.44516 
7.458064 
7.480644 
7.48387 
7.496773 
7.632257 
7.935483 
8.164515 
8.196773 
8.061289 
7.754838 
7.412902 
7.174193 
7.209677 
7.270967 
7.299999 
7.332257 
7.338709 
7.364515 
7.316128 
6.651612 
8.064515 
11.90967 
11.9129 
7.703225 
5.903225 
6.361289 
6.648386 
6.754838 
6.858064 
6.929031 
6.987096 
7.061289 
7.132257 
7.151612 
7.212903 
7.26129 
7.28387 
7.506451 
7.809677 
8.048386 
8.280644 
8.448386 
8.499999 
8.464515 
8.367741 
8.177418 
7.92258 
7.635483 
7.338709 
7.054838 
6.819354 
6.632257 
6.72258 
6.816128 
6.916128 
6.987096 
7.064515 
7.103225 
7.154838 
7.190322 
7.238709 
7.28387 
7.312902 
7.316128 
7.374193 
7.377418 
7.387096 
7.419354 
7.432257 
7.451612 
7.464515 
7.477418 
7.477418 
7.496773 
7.812902 
8.051611 
8.216128 
8.135483 
7.899999 
7.574193 
7.258064 
7.196774 
7.274193 
7.274193 
7.303225 
7.34516 
7.364515 
7.358064 
6.919354 
7.029031 
10.2387 
12.97096 
9.558063 
6.167741 
6.019354 
6.577418 
6.699999 
6.799999 
6.874193 
6.958064 
7.029031 
7.087096 
7.138709 
7.164515 
7.225806 
7.22258 
7.367741 
7.677419 
7.958064 
8.193548 
8.370966 
8.487095 
8.487095 
8.399999 
8.248386 
8.02258 
7.76129 
7.464515 
7.167741 
6.899999 
6.690322 
6.680644 
6.767741 
6.864515 
6.951612 
7.025805 
7.077418 
7.116128 
7.18387 
7.229032 
7.258064 
7.28387 
7.332257 
7.358064 
7.370967 
7.390322 
7.419354 
7.432257 
7.448386 
7.464515 
7.48387 
7.480644 
7.493547 
7.680644 
7.98387 
8.164515 
8.203225 
8.025805 
7.716128 
7.387096 
7.18387 
7.235483 
7.277419 
7.309677 
7.332257 
7.354838 
7.387096 
7.258064 
6.596773 
8.622579 
12.4129 
11.3387 
7.129032 
5.861289 
6.467741 
6.664515 
6.745161 
6.851612 
6.938709 
6.999999 
7.061289 
7.112902 
7.16129 
7.193548 
7.248386 
7.28387 
7.529031 
7.851612 
8.093547 
8.296773 
8.435482 
8.496773 
8.451612 
8.341935 
8.151612 
7.88387 
7.580644 
7.296773 
7.009676 
6.780644 
6.625806 
6.732257 
6.816128 
6.896773 
6.98387 
7.051612 
7.106451 
7.154838 
7.187096 
7.238709 
7.274193 
7.293548 
7.332257 
7.361289 
7.390322 
7.403225 
7.419354 
7.438709 
7.458064 
7.464515 
7.490322 
7.477418 
7.54516 
7.84516 
8.103224 
8.190321 
8.129031 
7.880644 
7.554838 
7.219354 
7.209677 
7.258064 
7.28387 
7.309677 
7.341935 
7.361289 
6.68387 
7.919354 
11.67096 
12.15483 
7.974193 
5.92258 
6.293548 
6.625806 
6.751612 
6.835483 
6.916128 
7.009676 
7.051612 
7.12258 
7.145161 
7.199999 
7.245161 
7.274193 
7.474193 
7.76129 
8.038708 
8.251612 
8.425806 
8.480644 
8.477418 
8.370966 
8.193548 
7.948386 
7.651612 
7.361289 
7.077418 
6.816128 
6.645161 
6.729032 
6.812902 
6.903225 
6.974193 
7.02258 
7.099999 
7.145161 
7.180644 
7.238709 
7.267741 
7.287096 
7.32258 
7.348386 
7.377418 
7.403225 
7.438709 
7.396773 
7.44516 
7.458064 
7.480644 
7.487096 
7.487096 
7.770967 
8.04516 
8.196773 
8.148386 
7.919354 
7.603225 
7.28387 
7.203225 
7.238709 
7.277419 
7.303225 
7.325806 
7.361289 
7.380644 
7.019354 
6.84516 
9.78387 
12.98709 
10.04193 
6.335483 
5.974193 
6.596773 
6.709677 
6.803225 
6.893548 
6.954838 
7.038709 
7.096773 
7.145161 
7.180644 
7.225806 
7.280644 
7.338709 
7.635483 
7.932257 
8.187096 
8.367741 
8.470967 
8.490322 
8.435482 
8.277419 
8.058063 
7.78387 
7.487096 
7.199999 
6.925806 
6.703225 
6.68387 
6.780644 
6.861289 
6.938709 
6.996773 
7.074193 
7.125806 
7.164515 
7.225806 
7.248386 
7.296773 
7.32258 
7.354838 
7.364515 
7.396773 
7.399999 
7.42258 
7.44516 
7.451612 
7.464515 
7.458064 
7.467741 
7.632257 
7.935483 
8.135483 
8.193548 
8.048386 
7.745161 
7.412902 
7.180644 
7.241935 
7.270967 
7.290322 
7.32258 
7.341935 
7.38387 
7.325806 
6.651612 
8.222579 
12.05161 
11.77741 
7.529031 
5.896773 
6.380644 
6.664515 
6.754838 
6.861289 
6.935483 
6.987096 
7.064515 
7.116128 
7.16129 
7.216128 
7.245161 
7.28387 
7.496773 
7.812902 
8.077418 
8.296773 
8.432257 
8.499999 
8.451612 
8.354838 
8.167741 
7.909677 
7.625806 
7.335483 
7.032257 
6.790322 
6.635483 
6.738709 
6.819354 
6.903225 
6.990322 
7.04516 
7.12258 
7.16129 
7.209677 
7.219354 
7.28387 
7.306451 
7.341935 
7.374193 
7.393548 
7.419354 
7.432257 
7.467741 
7.467741 
7.48387 
7.487096 
7.477418 
7.516128 
7.76129 
8.061289 
8.199999 
8.158063 
7.912902 
7.570967 
7.254838 
7.193548 
7.245161 
7.303225 
7.309677 
7.34516 
7.358064 
7.374193 
6.919354 
7.02258 
10.20322 
12.98387 
9.567741 
6.170967 
5.993547 
6.616128 
6.712903 
6.806451 
6.877418 
6.958064 
7.029031 
7.096773 
7.151612 
7.170967 
7.219354 
7.28387 
7.364515 
7.670967 
7.951612 
8.196773 
8.390321 
8.464515 
8.487095 
8.412902 
8.251612 
8.032257 
7.758064 
7.464515 
7.145161 
6.916128 
6.693548 
6.68387 
6.777419 
6.851612 
6.935483 
7.02258 
7.080644 
7.129032 
7.170967 
7.264515 
7.296773 
7.316128 
7.361289 
7.367741 
7.406451 
7.403225 
7.44516 
7.44516 
7.44516 
7.477418 
7.493547 
7.496773 
7.738709 
8.016128 
8.193548 
8.170967 
8.019353 
7.645161 
7.312902 
7.212903 
7.26129 
7.280644 
7.312902 
7.341935 
7.367741 
7.390322 
7.106451 
6.696774 
9.396773 
12.87419 
10.42257 
6.487096 
5.92258 
6.561289 
6.674193 
6.799999 
6.867741 
6.941935 
7.009676 
7.077418 
7.141935 
7.164515 
7.209677 
7.264515 
7.32258 
7.609676 
7.887096 
8.151612 
8.332257 
8.470967 
8.487095 
8.429031 
8.290322 
8.087096 
7.816128 
7.525805 
7.229032 
6.951612 
6.741935 
6.658064 
6.770967 
6.848386 
6.925806 
6.987096 
7.064515 
7.112902 
7.174193 
7.212903 
7.258064 
7.274193 
7.325806 
7.354838 
7.367741 
7.38387 
7.406451 
7.419354 
7.425806 
7.438709 
7.451612 
7.454838 
7.470967 
7.619354 
7.906451 
8.148386 
8.199999 
8.074193 
7.774193 
7.42258 
7.187096 
7.238709 
7.270967 
7.287096 
7.316128 
7.341935 
7.361289 
7.34516 
6.687096 
7.851612 
11.56774 
12.2129 
8.070966 
5.919354 
6.267741 
6.638709 
6.738709 
6.829031 
6.909677 
6.987096 
7.054838 
7.119354 
7.148386 
7.196774 
7.241935 
7.274193 
7.461289 
7.767741 
8.025805 
8.264515 
8.441934 
8.493547 
8.474192 
8.38387 
8.216128 
7.951612 
7.651612 
7.374193 
7.077418 
6.835483 
6.645161 
6.72258 
6.816128 
6.893548 
6.964515 
7.048386 
7.099999 
7.158064 
7.206451 
7.251612 
7.277419 
7.312902 
7.319354 
7.358064 
7.380644 
7.387096 
7.403225 
7.416128 
7.44516 
7.458064 
7.467741 
7.48387 
7.499999 
7.78387 
8.041934 
8.225806 
8.151612 
7.938709 
7.603225 
7.293548 
7.209677 
7.241935 
7.287096 
7.303225 
7.306451 
7.367741 
7.380644 
7.019354 
6.838709 
9.825805 
12.97741 
9.964515 
6.303225 
5.970967 
6.58387 
6.719354 
6.787096 
6.880644 
6.958064 
7.02258 
7.099999 
7.119354 
7.190322 
7.22258 
7.264515 
7.348386 
7.654838 
7.925806 
8.18387 
8.358063 
8.464515 
8.503225 
8.429031 
8.248386 
8.04516 
7.793548 
7.499999 
7.193548 
6.938709 
6.709677 
6.670967 
6.764515 
6.864515 
6.94516 
7.003225 
7.070967 
7.135483 
7.167741 
7.216128 
7.258064 
7.296773 
7.329031 
7.341935 
7.358064 
7.380644 
7.403225 
7.432257 
7.435483 
7.448386 
7.461289 
7.487096 
7.496773 
7.654838 
7.941935 
8.158063 
8.193548 
8.058063 
7.735483 
7.406451 
7.196774 
7.225806 
7.267741 
7.296773 
7.325806 
7.34516 
7.374193 
7.290322 
6.632257 
8.274192 
12.07096 
11.73225 
7.458064 
5.880644 
6.390322 
6.648386 
6.764515 
6.841935 
6.94516 
7.003225 
7.064515 
7.096773 
7.216128 
7.245161 
7.303225 
7.590322 
7.890322 
8.135483 
8.312902 
8.454837 
8.503225 
8.448386 
8.303225 
8.109676 
7.851612 
7.548386 
7.248386 
6.980644 
6.745161 
6.658064 
6.764515 
6.851612 
6.929031 
6.98387 
7.077418 
7.119354 
7.164515 
7.203225 
7.248386 
7.290322 
7.32258 
7.367741 
7.393548 
7.412902 
7.435483 
7.44516 
7.406451 
7.438709 
7.461289 
7.470967 
7.48387 
7.577418 
7.92258 
8.151612 
8.225806 
8.096773 
7.82258 
7.458064 
7.193548 
7.209677 
7.254838 
7.293548 
7.306451 
7.348386 
7.367741 
7.377418 
6.72258 
7.748386 
11.45483 
12.32903 
8.190321 
5.94516 
6.235483 
6.62258 
6.735483 
6.829031 
6.899999 
6.977418 
7.051612 
7.096773 
7.154838 
7.209677 
7.241935 
7.270967 
7.454838 
7.745161 
8.012902 
8.251612 
8.412902 
8.480644 
8.464515 
8.377418 
8.199999 
7.961289 
7.664515 
7.367741 
7.08387 
6.829031 
6.641935 
6.719354 
6.806451 
6.893548 
6.980644 
7.041934 
7.087096 
7.148386 
7.216128 
7.245161 
7.274193 
7.290322 
7.332257 
7.361289 
7.380644 
7.390322 
7.412902 
7.432257 
7.438709 
7.470967 
7.480644 
7.506451 
7.503225 
7.76129 
8.041934 
8.196773 
8.158063 
7.929031 
7.593547 
7.277419 
7.216128 
7.241935 
7.277419 
7.296773 
7.338709 
7.361289 
7.370967 
7.003225 
6.851612 
9.880644 
12.97741 
9.906451 
6.248386 
5.967741 
6.603225 
6.719354 
6.812902 
6.890322 
6.964515 
7.025805 
7.070967 
7.141935 
7.170967 
7.219354 
7.254838 
7.370967 
7.66129 
7.929031 
8.177418 
8.361289 
8.467741 
8.496773 
8.432257 
8.261289 
8.048386 
7.787096 
7.487096 
7.206451 
6.925806 
6.709677 
6.664515 
6.78387 
6.858064 
6.94516 
7.02258 
7.093547 
7.116128 
7.18387 
7.206451 
7.254838 
7.296773 
7.319354 
7.34516 
7.396773 
7.409677 
7.393548 
7.425806 
7.441935 
7.470967 
7.451612 
7.464515 
7.48387 
7.645161 
7.925806 
8.167741 
8.199999 
8.054838 
7.741935 
7.42258 
7.177419 
7.235483 
7.258064 
7.306451 
7.325806 
7.358064 
7.377418 
7.293548 
6.638709 
8.28387 
12.06451 
11.76774 
7.509676 
5.880644 
6.387096 
6.658064 
6.758064 
6.851612 
6.94516 
6.996773 
7.048386 
7.125806 
7.145161 
7.212903 
7.241935 
7.280644 
7.516128 
7.816128 
8.083869 
8.270967 
8.432257 
8.499999 
8.464515 
8.341935 
8.16129 
7.906451 
7.606451 
7.306451 
7.048386 
6.793548 
6.62258 
6.745161 
6.829031 
6.909677 
6.990322 
7.04516 
7.106451 
7.16129 
7.206451 
7.251612 
7.274193 
7.296773 
7.335483 
7.351612 
7.364515 
7.396773 
7.425806 
7.458064 
7.44516 
7.454838 
7.480644 
7.48387 
7.516128 
7.816128 
8.103224 
8.109676 
7.809677 
7.467741 
7.180644 
7.216128 
7.251612 
7.296773 
7.319354 
7.341935 
7.332257 
7.329031 
6.72258 
7.664515 
11.33225 
12.39354 
8.309677 
5.951612 
6.241935 
6.645161 
6.751612 
6.806451 
6.919354 
6.993547 
7.04516 
7.103225 
7.154838 
7.216128 
7.229032 
7.277419 
7.44516 
7.745161 
7.999999 
8.258064 
8.393548 
8.474192 
8.467741 
8.38387 
8.212903 
7.961289 
7.68387 
7.370967 
7.08387 
6.838709 
6.651612 
6.72258 
6.816128 
6.903225 
6.974193 
7.019354 
7.080644 
7.151612 
7.190322 
7.232257 
7.264515 
7.312902 
7.325806 
7.358064 
7.370967 
7.403225 
7.432257 
7.435483 
7.44516 
7.470967 
7.467741 
7.48387 
7.493547 
7.758064 
8.038708 
8.196773 
8.167741 
7.948386 
7.625806 
7.28387 
7.216128 
7.251612 
7.280644 
7.306451 
7.32258 
7.354838 
7.374193 
7.070967 
6.758064 
9.567741 
12.93548 
10.27419 
6.393548 
5.961289 
6.574193 
6.709677 
6.790322 
6.887096 
6.958064 
7.025805 
7.077418 
7.148386 
7.199999 
7.219354 
7.254838 
7.32258 
7.638709 
7.92258 
8.177418 
8.351612 
8.464515 
8.477418 
8.419354 
8.277419 
8.074193 
7.819354 
7.52258 
7.203225 
6.938709 
6.703225 
6.658064 
6.774193 
6.84516 
6.94516 
6.987096 
7.070967 
7.12258 
7.167741 
7.212903 
7.258064 
7.28387 
7.32258 
7.335483 
7.367741 
7.399999 
7.409677 
7.435483 
7.451612 
7.448386 
7.464515 
7.474193 
7.470967 
7.603225 
7.909677 
8.14516 
8.199999 
8.080644 
7.787096 
7.44516 
7.18387 
7.225806 
7.264515 
7.287096 
7.335483 
7.354838 
7.370967 
7.354838 
6.670967 
7.896773 
11.65161 
12.14516 
7.948386 
5.916128 
6.306451 
6.635483 
6.738709 
6.829031 
6.906451 
6.999999 
7.061289 
7.109676 
7.174193 
7.212903 
7.248386 
7.280644 
7.480644 
7.774193 
8.048386 
8.258064 
8.416128 
8.50645 
8.464515 
8.367741 
8.196773 
7.958064 
7.658064 
7.351612 
7.061289 
6.812902 
6.635483 
6.738709 
6.82258 
6.899999 
6.958064 
7.058063 
7.099999 
7.154838 
7.18387 
7.241935 
7.287096 
7.299999 
7.351612 
7.377418 
7.38387 
7.406451 
7.432257 
7.451612 
7.451612 
7.470967 
7.48387 
7.480644 
7.506451 
7.770967 
8.04516 
8.190321 
8.148386 
7.909677 
7.58387 
7.287096 
7.212903 
7.235483 
7.270967 
7.280644 
7.329031 
7.354838 
7.364515 
6.98387 
6.893548 
9.980644 
13.00322 
9.799999 
6.235483 
5.993547 
6.606451 
6.712903 
6.816128 
6.890322 
6.964515 
7.02258 
7.080644 
7.135483 
7.167741 
7.219354 
7.258064 
7.361289 
7.651612 
7.92258 
8.177418 
8.351612 
8.470967 
8.496773 
8.409676 
8.258064 
8.038708 
7.754838 
7.474193 
7.180644 
6.648386 
6.696774 
6.787096 
6.880644 
6.964515 
7.041934 
7.08387 
7.154838 
7.187096 
7.232257 
7.267741 
7.293548 
7.319354 
7.332257 
7.374193 
7.412902 
7.403225 
7.448386 
7.44516 
7.470967 
7.467741 
7.477418 
7.503225 
7.741935 
8.012902 
8.190321 
8.167741 
7.954838 
7.638709 
7.316128 
7.203225 
7.251612 
7.28387 
7.312902 
7.338709 
7.341935 
7.374193 
7.103225 
6.696774 
9.396773 
12.86774 
10.43548 
6.493547 
5.909677 
6.564515 
6.687096 
6.796773 
6.870967 
6.961289 
7.035483 
7.087096 
7.119354 
7.158064 
7.196774 
7.245161 
7.319354 
7.599999 
7.890322 
8.141935 
8.341935 
8.454837 
8.509676 
8.454837 
8.287096 
8.077418 
7.812902 
7.516128 
7.232257 
6.958064 
6.725806 
6.66129 
6.774193 
6.854838 
6.935483 
7.012902 
7.064515 
7.112902 
7.170967 
7.219354 
7.258064 
7.264515 
7.309677 
7.341935 
7.387096 
7.374193 
7.416128 
7.416128 
7.432257 
7.448386 
7.461289 
7.470967 
7.474193 
7.625806 
7.938709 
8.167741 
8.193548 
8.074193 
7.774193 
7.438709 
7.206451 
7.22258 
7.258064 
7.293548 
7.335483 
7.354838 
7.393548 
7.32258 
6.667741 
7.987096 
11.74838 
12.03548 
7.832257 
5.896773 
6.325806 
6.561289 
6.76129 
6.838709 
6.929031 
6.996773 
7.051612 
7.112902 
7.141935 
7.212903 
7.232257 
7.277419 
7.487096 
7.790322 
8.038708 
8.264515 
8.432257 
8.493547 
8.467741 
8.364515 
8.180644 
7.919354 
7.638709 
7.332257 
7.054838 
6.809677 
6.638709 
6.732257 
6.812902 
6.903225 
6.980644 
7.048386 
7.109676 
7.16129 
7.206451 
7.241935 
7.258064 
7.287096 
7.332257 
7.367741 
7.387096 
7.406451 
7.432257 
7.432257 
7.461289 
7.461289 
7.470967 
7.467741 
7.509676 
7.806451 
8.087096 
8.222579 
8.148386 
7.916128 
7.567741 
7.248386 
7.193548 
7.241935 
7.28387 
7.306451 
7.348386 
7.351612 
7.38387 
6.925806 
7.054838 
10.20967 
12.97419 
9.525805 
6.16129 
6.035483 
6.612903 
6.732257 
6.790322 
6.887096 
6.970967 
7.051612 
7.112902 
7.132257 
7.177419 
7.225806 
7.280644 
7.387096 
7.667741 
7.951612 
8.190321 
8.374193 
8.461289 
8.48387 
8.399999 
8.258064 
8.02258 
7.754838 
7.474193 
7.177419 
6.896773 
6.687096 
6.68387 
6.78387 
6.880644 
6.94516 
7.019354 
7.074193 
7.129032 
7.187096 
7.22258 
7.251612 
7.287096 
7.335483 
7.351612 
7.367741 
7.390322 
7.412902 
7.432257 
7.438709 
7.454838 
7.470967 
7.467741 
7.480644 
7.677419 
7.967741 
8.167741 
8.203225 
8.035483 
7.725806 
7.370967 
7.193548 
7.235483 
7.258064 
7.296773 
7.312902 
7.358064 
7.380644 
7.254838 
6.599999 
8.654838 
12.43548 
11.28064 
5.932257 
6.574193 
6.696774 
6.796773 
6.887096 
6.958064 
7.012902 
7.077418 
7.109676 
7.170967 
7.22258 
7.251612 
7.32258 
7.632257 
7.912902 
8.164515 
8.354838 
8.470967 
8.493547 
8.425806 
8.28387 
8.064515 
7.787096 
7.499999 
7.209677 
6.94516 
6.716128 
6.658064 
6.777419 
6.858064 
6.932257 
6.993547 
7.064515 
7.12258 
7.177419 
7.22258 
7.267741 
7.280644 
7.329031 
7.361289 
7.374193 
7.399999 
7.42258 
7.425806 
7.44516 
7.458064 
7.470967 
7.474193 
7.487096 
7.599999 
7.919354 
8.132257 
8.209676 
8.077418 
7.777419 
7.451612 
7.199999 
7.216128 
7.258064 
7.290322 
7.316128 
7.351612 
7.377418 
7.351612 
6.687096 
8.025805 
11.7387 
12.05161 
7.82258 
5.899999 
6.329031 
6.658064 
6.754838 
6.84516 
6.929031 
6.980644 
7.054838 
7.103225 
7.16129 
7.212903 
7.248386 
7.267741 
7.477418 
7.787096 
8.064515 
8.277419 
8.406451 
8.512902 
8.470967 
8.361289 
8.177418 
7.929031 
7.629032 
7.332257 
7.058063 
6.838709 
6.638709 
6.719354 
6.816128 
6.899999 
6.967741 
7.048386 
7.096773 
7.158064 
7.206451 
7.238709 
7.290322 
7.309677 
7.338709 
7.338709 
7.387096 
7.396773 
7.432257 
7.454838 
7.451612 
7.467741 
7.474193 
7.490322 
7.509676 
7.809677 
8.077418 
8.199999 
8.14516 
7.912902 
7.564515 
7.274193 
7.209677 
7.254838 
7.270967 
7.303225 
7.319354 
7.354838 
7.374193 
6.929031 
7.048386 
10.26451 
12.96774 
9.487095 
6.158064 
6.035483 
6.606451 
6.725806 
6.809677 
6.890322 
6.94516 
7.02258 
7.077418 
7.125806 
7.170967 
7.229032 
7.248386 
7.374193 
7.667741 
7.954838 
8.209676 
8.374193 
8.48387 
8.480644 
8.399999 
8.251612 
8.016128 
7.748386 
7.464515 
7.154838 
6.903225 
6.696774 
6.693548 
6.790322 
6.870967 
6.941935 
7.019354 
7.080644 
7.135483 
7.18387 
7.219354 
7.258064 
7.277419 
7.306451 
7.351612 
7.374193 
7.396773 
7.403225 
7.44516 
7.451612 
7.451612 
7.441935 
7.48387 
7.48387 
7.680644 
8.00645 
8.180644 
8.193548 
8.04516 
7.725806 
7.38387 
7.190322 
7.232257 
7.274193 
7.312902 
7.335483 
7.370967 
7.390322 
7.270967 
6.587096 
8.583869 
12.37096 
11.38386 
7.112902 
5.880644 
6.448386 
6.667741 
6.767741 
6.858064 
6.941935 
7.019354 
7.074193 
7.112902 
7.154838 
7.18387 
7.238709 
7.290322 
7.529031 
7.825806 
8.093547 
8.293547 
8.44516 
8.499999 
8.467741 
8.312902 
8.151612 
7.896773 
7.587096 
7.274193 
7.019354 
6.790322 
6.619354 
6.735483 
6.832257 
6.925806 
6.977418 
7.058063 
7.096773 
7.151612 
7.174193 
7.232257 
7.28387 
7.290322 
7.316128 
7.358064 
7.387096 
7.416128 
7.44516 
7.451612 
7.461289 
7.48387 
7.470967 
7.619354 
7.92258 
8.148386 
8.216128 
8.083869 
7.790322 
7.438709 
7.193548 
7.229032 
7.274193 
7.309677 
7.329031 
7.329031 
7.374193 
7.338709 
6.658064 
7.970967 
11.74193 
12.06451 
7.870967 
5.909677 
6.32258 
6.645161 
6.754838 
6.825806 
6.92258 
6.974193 
7.054838 
7.119354 
7.154838 
7.193548 
7.258064 
7.270967 
7.477418 
7.78387 
8.048386 
8.270967 
8.416128 
8.48387 
8.474192 
8.374193 
8.196773 
7.94516 
7.641935 
7.354838 
7.061289 
6.816128 
6.625806 
6.703225 
6.812902 
6.887096 
6.954838 
7.04516 
7.112902 
7.16129 
7.190322 
7.232257 
7.270967 
7.296773 
7.32258 
7.358064 
7.377418 
7.393548 
7.416128 
7.435483 
7.451612 
7.458064 
7.487096 
7.499999 
7.496773 
7.787096 
8.048386 
8.212903 
8.167741 
7.916128 
7.590322 
7.299999 
7.216128 
7.22258 
7.277419 
7.316128 
7.32258 
7.358064 
7.387096 
7.012902 
6.816128 
9.803225 
12.99032 
9.98387 
6.312902 
5.970967 
6.577418 
6.696774 
6.803225 
6.899999 
6.94516 
7.025805 
7.093547 
7.125806 
7.174193 
7.212903 
7.258064 
7.361289 
7.645161 
7.919354 
8.167741 
8.354838 
8.480644 
8.487095 
8.441934 
8.267741 
8.058063 
7.796773 
7.496773 
7.187096 
6.935483 
6.703225 
6.670967 
6.78387 
6.84516 
6.938709 
7.009676 
7.061289 
7.141935 
7.174193 
7.219354 
7.248386 
7.299999 
7.316128 
7.351612 
7.354838 
7.380644 
7.403225 
7.406451 
7.42258 
7.458064 
7.461289 
7.48387 
7.499999 
7.651612 
7.94516 
8.129031 
8.196773 
8.064515 
7.76129 
7.419354 
7.18387 
7.225806 
7.254838 
7.290322 
7.316128 
7.38387 
7.377418 
7.325806 
6.645161 
8.087096 
11.89354 
11.9387 
7.729032 
5.88387 
6.351612 
6.641935 
6.745161 
6.851612 
6.925806 
6.993547 
7.058063 
7.125806 
7.154838 
7.203225 
7.241935 
7.264515 
7.499999 
7.780644 
8.058063 
8.274192 
8.422579 
8.490322 
8.461289 
8.358063 
8.177418 
7.935483 
7.638709 
7.329031 
7.051612 
6.812902 
6.635483 
6.72258 
6.832257 
6.896773 
6.993547 
7.048386 
7.148386 
7.145161 
7.196774 
7.232257 
7.267741 
7.299999 
7.354838 
7.348386 
7.370967 
7.399999 
7.435483 
7.438709 
7.448386 
7.451612 
7.461289 
7.48387 
7.512902 
7.803225 
8.077418 
8.209676 
8.148386 
7.903225 
7.564515 
7.245161 
7.206451 
7.26129 
7.277419 
7.309677 
7.335483 
7.361289 
7.377418 
6.925806 
7.051612 
10.28387 
12.97096 
9.470967 
6.151612 
6.048386 
6.619354 
6.716128 
6.809677 
6.896773 
6.967741 
7.035483 
7.099999 
7.154838 
7.196774 
7.232257 
7.26129 
7.387096 
7.68387 
7.951612 
8.403224 
8.474192 
8.493547 
8.38387 
8.212903 
7.98387 
7.674193 
7.403225 
7.099999 
6.848386 
6.638709 
6.703225 
6.803225 
6.890322 
6.964515 
7.038709 
7.096773 
7.148386 
7.190322 
7.22258 
7.26129 
7.290322 
7.32258 
7.34516 
7.380644 
7.358064 
7.403225 
7.42258 
7.44516 
7.464515 
7.464515 
7.490322 
7.490322 
7.751612 
8.035483 
8.196773 
8.164515 
7.938709 
7.62258 
7.306451 
7.196774 
7.245161 
7.270967 
7.32258 
7.34516 
7.367741 
7.387096 
7.116128 
6.732257 
9.451612 
12.89677 
10.39677 
6.467741 
5.94516 
6.593547 
6.68387 
6.796773 
6.864515 
6.951612 
6.993547 
7.064515 
7.135483 
7.167741 
7.229032 
7.258064 
7.335483 
7.612902 
7.912902 
8.14516 
8.354838 
8.470967 
8.490322 
8.448386 
8.277419 
8.067741 
7.825806 
7.509676 
7.235483 
6.954838 
6.748386 
6.66129 
6.751612 
6.851612 
6.916128 
6.980644 
7.074193 
7.125806 
7.170967 
7.216128 
7.219354 
7.28387 
7.316128 
7.341935 
7.364515 
7.416128 
7.42258 
7.419354 
7.451612 
7.44516 
7.464515 
7.464515 
7.464515 
7.612902 
7.916128 
8.138709 
8.212903 
8.087096 
7.777419 
7.451612 
7.190322 
7.280644 
7.270967 
7.287096 
7.329031 
7.338709 
7.374193 
7.338709 
6.670967 
7.935483 
11.66451 
12.11612 
7.932257 
5.92258 
6.312902 
6.635483 
6.735483 
6.835483 
6.912902 
6.990322 
7.054838 
7.116128 
7.174193 
7.206451 
7.251612 
7.280644 
7.487096 
7.777419 
8.035483 
8.261289 
8.432257 
8.512902 
8.474192 
8.367741 
8.187096 
7.935483 
7.645161 
7.351612 
7.064515 
6.812902 
6.629032 
6.716128 
6.816128 
6.899999 
6.987096 
7.048386 
7.109676 
7.154838 
7.174193 
7.254838 
7.270967 
7.319354 
7.335483 
7.28387 
7.374193 
7.396773 
7.419354 
7.44516 
7.451612 
7.467741 
7.464515 
7.490322 
7.499999 
7.780644 
8.054838 
8.203225 
8.141935 
7.916128 
7.58387 
7.251612 
7.196774 
7.248386 
7.274193 
7.319354 
7.332257 
7.358064 
7.380644 
6.951612 
6.951612 
10.10967 
12.98387 
9.654837 
6.199999 
6.016128 
6.596773 
6.693548 
6.8096