
7.109676 
7.151612 
7.193548 
7.225806 
7.26129 
7.509676 
7.793548 
8.051611 
8.277419 
8.422579 
8.480644 
8.451612 
8.341935 
8.16129 
7.903225 
7.616128 
7.319354 
7.051612 
6.793548 
6.62258 
6.732257 
6.803225 
6.899999 
6.98387 
7.02258 
7.096773 
7.109676 
7.193548 
7.245161 
7.26129 
7.287096 
7.32258 
7.351612 
7.374193 
7.399999 
7.412902 
7.438709 
7.451612 
7.464515 
7.487096 
7.490322 
7.512902 
7.799999 
8.070966 
8.216128 
8.135483 
7.896773 
7.580644 
7.251612 
7.196774 
7.235483 
7.277419 
7.306451 
7.335483 
7.348386 
7.38387 
6.925806 
7.029031 
10.27419 
12.98064 
9.509676 
6.148386 
6.029031 
6.609677 
6.693548 
6.793548 
6.887096 
6.951612 
7.109676 
7.148386 
7.199999 
7.241935 
7.274193 
7.448386 
7.745161 
8.019353 
8.245161 
8.422579 
8.480644 
8.470967 
8.380644 
8.196773 
7.967741 
7.66129 
7.387096 
7.090322 
6.832257 
6.645161 
6.709677 
6.803225 
6.887096 
6.970967 
7.04516 
7.099999 
7.141935 
7.174193 
7.238709 
7.267741 
7.290322 
7.325806 
7.364515 
7.38387 
7.38387 
7.425806 
7.451612 
7.441935 
7.464515 
7.448386 
7.464515 
7.490322 
7.758064 
8.032257 
8.196773 
8.148386 
7.951612 
7.632257 
7.290322 
7.193548 
7.241935 
7.287096 
7.325806 
7.338709 
7.354838 
7.367741 
7.058063 
6.777419 
9.658063 
12.95483 
10.11612 
6.348386 
5.941935 
6.570967 
6.709677 
6.780644 
6.877418 
6.954838 
7.025805 
7.087096 
7.190322 
7.18387 
7.225806 
7.270967 
7.335483 
7.645161 
7.925806 
8.164515 
8.377418 
8.474192 
8.496773 
8.419354 
8.274192 
8.058063 
7.793548 
7.503225 
7.206451 
6.92258 
6.706451 
6.670967 
6.76129 
6.835483 
6.929031 
7.003225 
7.058063 
7.116128 
7.187096 
7.238709 
7.267741 
7.277419 
7.306451 
7.335483 
7.370967 
7.387096 
7.409677 
7.425806 
7.438709 
7.451612 
7.477418 
7.48387 
7.496773 
7.654838 
7.951612 
8.16129 
8.206451 
8.064515 
7.758064 
7.403225 
7.196774 
7.248386 
7.251612 
7.28387 
7.32258 
7.370967 
7.361289 
7.316128 
6.654838 
8.164515 
11.95806 
11.8387 
7.619354 
5.890322 
6.364515 
6.645161 
6.738709 
6.841935 
6.916128 
7.012902 
7.054838 
7.112902 
7.154838 
7.196774 
7.245161 
7.28387 
7.503225 
7.803225 
8.074193 
8.277419 
8.429031 
8.496773 
8.464515 
8.361289 
8.174193 
7.916128 
7.625806 
7.316128 
7.051612 
6.790322 
6.629032 
6.735483 
6.819354 
6.909677 
6.977418 
7.04516 
7.109676 
7.158064 
7.203225 
7.216128 
7.267741 
7.312902 
7.309677 
7.348386 
7.374193 
7.403225 
7.42258 
7.438709 
7.438709 
7.458064 
7.461289 
7.477418 
7.525805 
7.82258 
8.064515 
8.209676 
8.132257 
7.874193 
7.567741 
7.241935 
7.22258 
7.238709 
7.296773 
7.316128 
7.335483 
7.348386 
7.38387 
6.88387 
7.112902 
10.39677 
12.92903 
9.341935 
6.096773 
6.048386 
6.58387 
6.706451 
6.819354 
6.896773 
6.977418 
7.041934 
7.099999 
7.148386 
7.190322 
7.241935 
7.258064 
7.396773 
7.674193 
7.958064 
8.203225 
8.377418 
8.474192 
8.477418 
8.399999 
8.238709 
8.00645 
7.732257 
7.438709 
7.138709 
6.896773 
6.677419 
6.680644 
6.774193 
6.864515 
6.980644 
7.012902 
7.099999 
7.135483 
7.18387 
7.203225 
7.270967 
7.312902 
7.306451 
7.341935 
7.358064 
7.390322 
7.396773 
7.441935 
7.441935 
7.454838 
7.477418 
7.480644 
7.499999 
8.038708 
8.206451 
8.148386 
7.92258 
7.596773 
7.287096 
7.212903 
7.248386 
7.270967 
7.312902 
7.338709 
7.361289 
7.377418 
7.025805 
6.841935 
9.854838 
12.99999 
9.932257 
6.293548 
5.967741 
6.580644 
6.687096 
6.78387 
6.867741 
6.94516 
7.02258 
7.077418 
7.138709 
7.177419 
7.229032 
7.254838 
7.348386 
7.648386 
7.925806 
8.167741 
8.361289 
8.474192 
8.493547 
8.409676 
8.264515 
8.04516 
7.796773 
7.490322 
7.193548 
6.929031 
6.709677 
6.670967 
6.758064 
6.854838 
6.92258 
7.019354 
7.070967 
7.125806 
7.177419 
7.216128 
7.258064 
7.296773 
7.32258 
7.34516 
7.361289 
7.380644 
7.396773 
7.42258 
7.441935 
7.441935 
7.461289 
7.477418 
7.496773 
7.658064 
7.954838 
8.154838 
8.206451 
8.058063 
7.738709 
7.409677 
7.196774 
7.22258 
7.245161 
7.287096 
7.338709 
7.341935 
7.364515 
7.303225 
6.632257 
8.241934 
12.07419 
11.76451 
7.470967 
5.877418 
6.393548 
6.641935 
6.748386 
6.841935 
6.916128 
6.996773 
7.070967 
7.116128 
7.174193 
7.196774 
7.251612 
7.287096 
7.525805 
7.819354 
8.070966 
8.280644 
8.438709 
8.499999 
8.474192 
8.348386 
8.154838 
7.899999 
7.612902 
7.319354 
7.025805 
6.790322 
6.619354 
6.741935 
6.829031 
6.909677 
6.987096 
7.048386 
7.109676 
7.154838 
7.199999 
7.241935 
7.274193 
7.303225 
7.34516 
7.367741 
7.396773 
7.409677 
7.409677 
7.44516 
7.438709 
7.464515 
7.467741 
7.474193 
7.512902 
7.816128 
8.087096 
8.219354 
8.132257 
7.880644 
7.551612 
7.232257 
7.199999 
7.258064 
7.335483 
7.316128 
7.354838 
7.358064 
7.390322 
6.848386 
7.241935 
10.59999 
12.86451 
9.14516 
6.077418 
6.087096 
6.62258 
6.703225 
6.819354 
6.893548 
6.970967 
7.032257 
7.090322 
7.145161 
7.199999 
7.232257 
7.267741 
7.393548 
7.712903 
7.970967 
8.203225 
8.374193 
8.454837 
8.470967 
8.396773 
8.235483 
7.993547 
7.725806 
7.432257 
7.129032 
6.874193 
6.658064 
6.706451 
6.790322 
6.870967 
6.951612 
7.009676 
7.087096 
7.129032 
7.174193 
7.219354 
7.251612 
7.306451 
7.316128 
7.348386 
7.364515 
7.393548 
7.412902 
7.432257 
7.435483 
7.44516 
7.461289 
7.48387 
7.48387 
7.716128 
7.999999 
8.18387 
8.170967 
7.993547 
7.687096 
7.335483 
7.196774 
7.235483 
7.270967 
7.296773 
7.32258 
7.364515 
7.374193 
7.187096 
6.632257 
9.016128 
12.69354 
10.84193 
6.709677 
5.861289 
6.525805 
6.635483 
6.774193 
6.835483 
6.938709 
7.006451 
7.070967 
7.129032 
7.177419 
7.209677 
7.251612 
7.299999 
7.577418 
7.880644 
8.148386 
8.32258 
8.464515 
8.48387 
8.458064 
8.290322 
8.103224 
7.825806 
7.196774 
6.909677 
6.687096 
6.677419 
6.78387 
6.861289 
6.941935 
7.006451 
7.077418 
7.138709 
7.190322 
7.232257 
7.26129 
7.293548 
7.329031 
7.351612 
7.354838 
7.399999 
7.399999 
7.42258 
7.44516 
7.44516 
7.464515 
7.477418 
7.490322 
7.674193 
7.964515 
8.170967 
8.203225 
8.048386 
7.732257 
7.399999 
7.199999 
7.22258 
7.274193 
7.309677 
7.329031 
7.351612 
7.361289 
7.28387 
6.590322 
8.364515 
12.18709 
11.61612 
7.329031 
5.880644 
6.374193 
6.651612 
6.76129 
6.841935 
6.941935 
7.006451 
7.077418 
7.112902 
7.167741 
7.219354 
7.251612 
7.28387 
7.538709 
7.816128 
8.054838 
8.296773 
8.438709 
8.48387 
8.458064 
8.341935 
8.138709 
7.906451 
7.603225 
7.303225 
7.029031 
6.78387 
6.619354 
6.735483 
6.832257 
6.903225 
6.954838 
7.04516 
7.087096 
7.164515 
7.203225 
7.241935 
7.277419 
7.309677 
7.319354 
7.358064 
7.38387 
7.464515 
7.419354 
7.435483 
7.461289 
7.461289 
7.480644 
7.470967 
7.512902 
7.816128 
8.093547 
8.209676 
8.132257 
7.874193 
7.54516 
7.22258 
7.225806 
7.251612 
7.264515 
7.296773 
7.348386 
7.358064 
7.380644 
6.864515 
7.193548 
10.53548 
12.88386 
9.209676 
6.080644 
6.067741 
6.603225 
6.712903 
6.832257 
6.880644 
6.954838 
7.025805 
7.093547 
7.151612 
7.18387 
7.241935 
7.274193 
7.377418 
7.687096 
7.964515 
8.229031 
8.380644 
8.461289 
8.474192 
8.409676 
8.235483 
8.012902 
7.732257 
7.44516 
7.138709 
6.880644 
6.674193 
6.693548 
6.799999 
6.88387 
6.941935 
7.025805 
7.08387 
7.132257 
7.187096 
7.232257 
7.267741 
7.293548 
7.316128 
7.351612 
7.374193 
7.377418 
7.419354 
7.441935 
7.44516 
7.454838 
7.477418 
7.467741 
7.467741 
7.699999 
7.996773 
8.18387 
8.187096 
8.035483 
7.680644 
7.361289 
7.199999 
7.232257 
7.26129 
7.303225 
7.325806 
7.335483 
7.377418 
7.206451 
6.609677 
8.899999 
12.61935 
10.98709 
6.796773 
5.867741 
6.493547 
6.674193 
6.774193 
6.858064 
6.94516 
7.02258 
7.067741 
7.119354 
7.170967 
7.216128 
7.251612 
7.287096 
7.558063 
7.854838 
8.119354 
8.312902 
8.448386 
8.499999 
8.454837 
8.329031 
8.112902 
7.858064 
7.554838 
7.258064 
6.996773 
6.745161 
6.645161 
6.76129 
6.84516 
6.932257 
6.98387 
7.061289 
7.125806 
7.170967 
7.212903 
7.241935 
7.274193 
7.306451 
7.335483 
7.374193 
7.380644 
7.403225 
7.438709 
7.432257 
7.458064 
7.467741 
7.474193 
7.490322 
7.577418 
7.864515 
8.109676 
8.216128 
8.122579 
7.835483 
7.477418 
7.190322 
7.212903 
7.258064 
7.293548 
7.316128 
7.34516 
7.370967 
7.361289 
6.732257 
7.570967 
11.87741 
7.435483 
5.88387 
6.390322 
6.664515 
6.76129 
6.84516 
6.929031 
7.003225 
7.061289 
7.106451 
7.154838 
7.209677 
7.251612 
7.280644 
7.509676 
7.812902 
8.048386 
8.277419 
8.422579 
8.487095 
8.454837 
8.34516 
8.170967 
7.909677 
7.616128 
7.309677 
7.025805 
6.780644 
6.641935 
6.716128 
6.825806 
6.903225 
6.967741 
7.035483 
7.106451 
7.158064 
7.196774 
7.241935 
7.274193 
7.329031 
7.335483 
7.358064 
7.367741 
7.38387 
7.403225 
7.448386 
7.432257 
7.458064 
7.470967 
7.474193 
7.519354 
7.819354 
8.080644 
8.209676 
8.141935 
7.88387 
7.54516 
7.229032 
7.22258 
7.254838 
7.280644 
7.293548 
7.329031 
7.377418 
7.380644 
6.880644 
7.154838 
10.47741 
12.90967 
9.296773 
6.090322 
6.038709 
6.590322 
6.706451 
6.799999 
6.890322 
6.967741 
7.035483 
7.096773 
7.154838 
7.199999 
7.235483 
7.293548 
7.409677 
7.687096 
7.970967 
8.212903 
8.387096 
8.464515 
8.474192 
8.406451 
8.225806 
8.009676 
7.72258 
7.432257 
7.148386 
6.877418 
6.680644 
6.690322 
6.780644 
6.861289 
6.951612 
7.012902 
7.087096 
7.132257 
7.167741 
7.229032 
7.264515 
7.296773 
7.325806 
7.351612 
7.370967 
7.403225 
7.406451 
7.438709 
7.42258 
7.44516 
7.454838 
7.48387 
7.493547 
7.709677 
7.999999 
8.164515 
8.180644 
7.980644 
7.687096 
7.358064 
7.193548 
7.22258 
7.258064 
7.309677 
7.348386 
7.354838 
7.380644 
7.212903 
6.619354 
8.951612 
12.66128 
10.92257 
6.758064 
5.874193 
6.499999 
6.667741 
6.777419 
6.864515 
6.941935 
7.006451 
7.077418 
7.132257 
7.174193 
7.216128 
7.238709 
7.28387 
7.587096 
7.858064 
8.112902 
8.316128 
8.435482 
8.48387 
8.451612 
8.319354 
8.109676 
7.861289 
7.529031 
7.245161 
6.974193 
6.741935 
6.638709 
6.745161 
6.851612 
6.929031 
6.987096 
7.070967 
7.125806 
7.180644 
7.229032 
7.254838 
7.293548 
7.316128 
7.332257 
7.354838 
7.396773 
7.409677 
7.432257 
7.44516 
7.451612 
7.451612 
7.477418 
7.493547 
7.590322 
7.896773 
8.135483 
8.206451 
8.109676 
7.819354 
7.474193 
7.190322 
7.212903 
7.251612 
7.296773 
7.325806 
7.332257 
7.370967 
7.351612 
6.719354 
7.654838 
11.30967 
12.40967 
8.329031 
5.906451 
6.22258 
6.625806 
6.751612 
6.825806 
6.912902 
6.954838 
7.054838 
7.116128 
7.154838 
7.212903 
7.248386 
7.267741 
7.461289 
7.741935 
8.025805 
8.241934 
8.412902 
8.48387 
8.477418 
8.374193 
8.190321 
7.961289 
7.680644 
7.377418 
7.08387 
6.838709 
6.651612 
6.709677 
6.799999 
6.890322 
6.961289 
7.025805 
7.090322 
7.135483 
7.187096 
7.229032 
7.274193 
7.296773 
7.32258 
7.399999 
7.412902 
7.412902 
7.438709 
7.441935 
7.461289 
7.461289 
7.480644 
7.535483 
7.829031 
8.099999 
8.219354 
8.116127 
7.861289 
7.519354 
7.216128 
7.22258 
7.248386 
7.287096 
7.309677 
7.34516 
7.358064 
7.374193 
6.82258 
7.306451 
10.72257 
12.78387 
8.993547 
6.029031 
6.116128 
6.609677 
6.725806 
6.819354 
6.925806 
6.974193 
7.04516 
7.103225 
7.151612 
7.196774 
7.229032 
7.296773 
7.438709 
7.699999 
7.987096 
8.238709 
8.396773 
8.470967 
8.487095 
8.399999 
8.235483 
7.993547 
7.719354 
7.419354 
7.12258 
6.867741 
6.667741 
6.703225 
6.790322 
6.858064 
6.938709 
7.019354 
7.064515 
7.132257 
7.177419 
7.241935 
7.267741 
7.28387 
7.325806 
7.351612 
7.374193 
7.406451 
7.406451 
7.441935 
7.448386 
7.448386 
7.480644 
7.474193 
7.48387 
7.703225 
8.032257 
8.206451 
8.177418 
7.990322 
7.651612 
7.325806 
7.196774 
7.235483 
7.267741 
7.296773 
7.329031 
7.351612 
7.393548 
7.148386 
6.648386 
9.206451 
12.80645 
10.62257 
6.564515 
5.899999 
6.54516 
6.690322 
6.790322 
6.861289 
6.938709 
7.003225 
7.087096 
7.148386 
7.164515 
7.232257 
7.26129 
7.296773 
7.616128 
7.890322 
8.151612 
8.332257 
8.44516 
8.477418 
8.451612 
8.309677 
8.096773 
7.825806 
7.519354 
7.245161 
6.961289 
6.725806 
6.651612 
6.76129 
6.838709 
6.938709 
6.999999 
7.054838 
7.12258 
7.170967 
7.209677 
7.251612 
7.287096 
7.316128 
7.354838 
7.370967 
7.390322 
7.419354 
7.412902 
7.435483 
7.448386 
7.458064 
7.470967 
7.493547 
7.599999 
7.893548 
8.129031 
8.203225 
8.096773 
7.796773 
7.448386 
7.177419 
7.212903 
7.26129 
7.287096 
7.32258 
7.341935 
7.361289 
7.364515 
6.699999 
7.758064 
11.44193 
12.30967 
8.164515 
5.935483 
6.26129 
6.629032 
6.751612 
6.838709 
6.916128 
6.990322 
7.061289 
7.099999 
7.154838 
7.180644 
7.232257 
7.28387 
7.464515 
7.767741 
8.038708 
8.261289 
8.419354 
8.496773 
8.454837 
8.364515 
8.196773 
7.954838 
7.664515 
7.364515 
7.061289 
6.835483 
6.641935 
6.725806 
6.796773 
6.896773 
6.977418 
7.041934 
7.090322 
7.154838 
7.206451 
7.235483 
7.258064 
7.309677 
7.325806 
7.351612 
7.370967 
7.387096 
7.406451 
7.432257 
7.44516 
7.438709 
7.458064 
7.477418 
7.477418 
7.780644 
8.048386 
8.216128 
8.148386 
7.92258 
7.609676 
7.267741 
7.199999 
7.238709 
7.280644 
7.319354 
7.34516 
7.367741 
7.38387 
7.009676 
6.851612 
9.864515 
12.99677 
9.906451 
6.274193 
5.951612 
6.580644 
6.696774 
6.806451 
6.880644 
6.964515 
7.029031 
7.087096 
7.125806 
7.177419 
7.232257 
7.277419 
7.351612 
7.987096 
8.248386 
8.387096 
8.467741 
8.461289 
8.377418 
8.203225 
7.98387 
7.741935 
7.403225 
7.109676 
6.864515 
6.62258 
6.703225 
6.780644 
6.870967 
6.948386 
7.019354 
7.096773 
7.135483 
7.18387 
7.225806 
7.277419 
7.299999 
7.325806 
7.348386 
7.358064 
7.380644 
7.432257 
7.419354 
7.448386 
7.454838 
7.480644 
7.474193 
7.496773 
7.738709 
8.016128 
8.180644 
8.177418 
7.94516 
7.632257 
7.312902 
7.187096 
7.225806 
7.32258 
7.303225 
7.341935 
7.348386 
7.377418 
7.119354 
6.674193 
9.354838 
12.88064 
10.47741 
6.506451 
5.916128 
6.551612 
6.670967 
6.796773 
6.864515 
6.948386 
7.009676 
7.074193 
7.125806 
7.187096 
7.229032 
7.254838 
7.312902 
7.612902 
7.906451 
8.141935 
8.341935 
8.458064 
8.493547 
8.432257 
8.290322 
8.080644 
7.819354 
7.499999 
7.212903 
6.925806 
6.716128 
6.66129 
6.754838 
6.874193 
6.929031 
7.003225 
7.058063 
7.093547 
7.16129 
7.193548 
7.245161 
7.293548 
7.309677 
7.34516 
7.361289 
7.387096 
7.416128 
7.42258 
7.432257 
7.441935 
7.467741 
7.477418 
7.467741 
7.612902 
7.925806 
8.154838 
8.187096 
8.04516 
7.790322 
7.451612 
7.180644 
7.235483 
7.277419 
7.306451 
7.312902 
7.348386 
7.374193 
7.351612 
6.677419 
7.893548 
11.65161 
12.14838 
7.958064 
5.903225 
6.293548 
6.648386 
6.745161 
6.825806 
6.919354 
6.987096 
7.048386 
7.106451 
7.170967 
7.206451 
7.245161 
7.26129 
7.487096 
7.770967 
8.054838 
8.264515 
8.419354 
8.470967 
8.470967 
8.367741 
8.177418 
7.916128 
7.654838 
7.354838 
7.061289 
6.812902 
6.632257 
6.712903 
6.812902 
6.896773 
6.98387 
7.04516 
7.106451 
7.16129 
7.18387 
7.232257 
7.296773 
7.287096 
7.325806 
7.348386 
7.390322 
7.387096 
7.435483 
7.435483 
7.44516 
7.467741 
7.470967 
7.487096 
7.503225 
7.774193 
8.054838 
8.219354 
8.158063 
7.912902 
7.590322 
7.287096 
7.199999 
7.264515 
7.277419 
7.316128 
7.338709 
7.364515 
7.399999 
6.987096 
6.893548 
9.954837 
12.99999 
9.84516 
6.248386 
5.970967 
6.567741 
6.68387 
6.78387 
6.874193 
6.951612 
7.029031 
7.077418 
7.135483 
7.177419 
7.219354 
7.254838 
7.34516 
7.654838 
7.925806 
8.167741 
8.367741 
8.464515 
8.496773 
8.429031 
8.270967 
8.041934 
7.787096 
7.490322 
7.193548 
6.909677 
6.709677 
6.680644 
6.793548 
6.861289 
6.94516 
6.999999 
7.087096 
7.061289 
7.164515 
7.209677 
7.277419 
7.290322 
7.325806 
7.351612 
7.377418 
7.390322 
7.416128 
7.44516 
7.44516 
7.454838 
7.454838 
7.493547 
7.496773 
7.641935 
7.954838 
8.154838 
8.187096 
8.054838 
7.738709 
7.390322 
7.245161 
7.28387 
7.319354 
7.264515 
7.361289 
7.370967 
7.158064 
6.645161 
9.170967 
12.79677 
10.66451 
6.599999 
5.893548 
6.541934 
6.674193 
6.780644 
6.867741 
6.948386 
7.016128 
7.074193 
7.12258 
7.177419 
7.22258 
7.267741 
7.299999 
7.593547 
7.890322 
8.141935 
8.34516 
8.467741 
8.496773 
8.441934 
8.296773 
8.096773 
7.848386 
7.535483 
7.251612 
6.974193 
6.732257 
6.658064 
6.745161 
6.835483 
6.919354 
6.993547 
7.038709 
7.103225 
7.180644 
7.212903 
7.251612 
7.280644 
7.303225 
7.338709 
7.361289 
7.380644 
7.399999 
7.425806 
7.451612 
7.441935 
7.467741 
7.464515 
7.480644 
7.599999 
7.909677 
8.138709 
8.219354 
8.083869 
7.774193 
7.451612 
7.190322 
7.235483 
7.264515 
7.274193 
7.329031 
7.354838 
7.364515 
7.335483 
6.693548 
7.896773 
11.64515 
12.17096 
7.98387 
5.903225 
6.287096 
6.638709 
6.741935 
6.835483 
6.919354 
6.996773 
7.051612 
7.090322 
7.141935 
7.196774 
7.225806 
7.267741 
7.474193 
7.777419 
8.048386 
8.277419 
8.412902 
8.496773 
8.477418 
8.361289 
8.177418 
7.92258 
7.648386 
7.348386 
7.061289 
6.816128 
6.625806 
6.716128 
6.812902 
6.893548 
6.964515 
7.025805 
7.109676 
7.148386 
7.196774 
7.216128 
7.264515 
7.299999 
7.34516 
7.34516 
7.380644 
7.387096 
7.435483 
7.416128 
7.438709 
7.451612 
7.464515 
7.470967 
7.516128 
7.787096 
8.074193 
8.18387 
8.141935 
7.919354 
7.58387 
7.267741 
7.212903 
7.267741 
7.274193 
7.309677 
7.338709 
7.354838 
7.390322 
6.964515 
6.958064 
10.07096 
13.00322 
9.696773 
6.187096 
6.019354 
6.596773 
6.696774 
6.790322 
6.870967 
6.964515 
7.038709 
7.093547 
7.145161 
7.174193 
7.245161 
7.277419 
7.380644 
7.674193 
7.935483 
8.209676 
8.374193 
8.470967 
8.480644 
8.406451 
8.248386 
8.025805 
7.76129 
7.461289 
7.170967 
6.890322 
6.709677 
6.690322 
6.78387 
6.861289 
6.948386 
7.02258 
7.064515 
7.12258 
7.177419 
7.212903 
7.267741 
7.296773 
7.332257 
7.338709 
7.358064 
7.374193 
7.416128 
7.432257 
7.432257 
7.458064 
7.464515 
7.490322 
7.48387 
7.680644 
7.980644 
8.170967 
8.196773 
8.04516 
7.706451 
7.377418 
7.174193 
7.229032 
7.258064 
7.287096 
7.325806 
7.354838 
7.377418 
7.264515 
6.599999 
8.580644 
12.39354 
11.36128 
7.099999 
5.861289 
6.461289 
6.664515 
6.780644 
6.864515 
6.938709 
7.012902 
7.064515 
7.125806 
7.164515 
7.209677 
7.251612 
7.290322 
7.54516 
7.84516 
8.087096 
8.28387 
8.451612 
8.50645 
8.461289 
8.325805 
8.138709 
7.870967 
7.580644 
7.293548 
7.006451 
6.780644 
6.632257 
6.729032 
6.84516 
6.996773 
7.070967 
7.116128 
7.154838 
7.209677 
7.225806 
7.274193 
7.309677 
7.338709 
7.370967 
7.374193 
7.390322 
7.432257 
7.393548 
7.454838 
7.451612 
7.477418 
7.493547 
7.616128 
7.92258 
8.138709 
8.199999 
8.074193 
7.780644 
7.432257 
7.187096 
7.22258 
7.258064 
7.280644 
7.32258 
7.341935 
7.367741 
7.34516 
6.68387 
7.94516 
11.68709 
12.11935 
7.938709 
5.896773 
6.299999 
6.645161 
6.735483 
6.832257 
6.912902 
6.993547 
7.051612 
7.119354 
7.16129 
7.16129 
7.225806 
7.28387 
7.464515 
7.774193 
8.048386 
8.254837 
8.425806 
8.487095 
8.454837 
8.367741 
8.196773 
7.932257 
7.638709 
7.348386 
7.061289 
6.806451 
6.638709 
6.716128 
6.819354 
6.887096 
6.967741 
7.04516 
7.093547 
7.158064 
7.196774 
7.225806 
7.267741 
7.274193 
7.341935 
7.364515 
7.364515 
7.409677 
7.412902 
7.432257 
7.448386 
7.44516 
7.464515 
7.477418 
7.506451 
7.777419 
8.061289 
8.219354 
8.154838 
7.916128 
7.58387 
7.264515 
7.203225 
7.251612 
7.277419 
7.316128 
7.332257 
7.348386 
7.377418 
6.964515 
6.916128 
10.02257 
13.00322 
9.761289 
6.235483 
5.993547 
6.577418 
6.699999 
6.78387 
6.867741 
6.951612 
7.006451 
7.08387 
7.135483 
7.180644 
7.22258 
7.248386 
7.361289 
7.648386 
7.932257 
8.196773 
8.354838 
8.470967 
8.493547 
8.419354 
8.254837 
8.041934 
7.764515 
7.487096 
7.170967 
6.92258 
6.716128 
6.674193 
6.770967 
6.874193 
6.938709 
7.009676 
7.054838 
7.125806 
7.164515 
7.225806 
7.264515 
7.306451 
7.325806 
7.338709 
7.377418 
7.358064 
7.403225 
7.438709 
7.448386 
7.435483 
7.464515 
7.493547 
7.496773 
7.658064 
7.961289 
8.164515 
8.203225 
8.051611 
7.745161 
7.380644 
7.193548 
7.229032 
7.270967 
7.299999 
7.325806 
7.335483 
7.354838 
7.264515 
6.596773 
8.435482 
12.27096 
11.5387 
7.267741 
5.861289 
6.396773 
6.648386 
6.754838 
6.841935 
6.912902 
7.012902 
7.064515 
7.135483 
7.174193 
7.216128 
7.251612 
7.277419 
7.506451 
7.82258 
8.083869 
8.293547 
8.438709 
8.503225 
8.467741 
8.348386 
8.148386 
7.890322 
7.599999 
7.296773 
7.038709 
6.78387 
6.629032 
6.741935 
6.825806 
6.909677 
6.958064 
7.048386 
7.116128 
7.174193 
7.190322 
7.235483 
7.270967 
7.303225 
7.329031 
7.34516 
7.380644 
7.409677 
7.438709 
7.438709 
7.454838 
7.464515 
7.467741 
7.487096 
7.54516 
7.835483 
8.096773 
8.203225 
8.132257 
7.906451 
7.551612 
7.241935 
7.219354 
7.254838 
7.280644 
7.299999 
7.348386 
7.361289 
7.393548 
6.854838 
7.196774 
10.57741 
12.87096 
9.167741 
6.08387 
6.074193 
6.606451 
6.72258 
6.906451 
6.977418 
7.048386 
7.125806 
7.174193 
7.225806 
7.245161 
7.274193 
7.458064 
7.758064 
8.019353 
8.264515 
8.422579 
8.474192 
8.451612 
8.367741 
8.190321 
7.948386 
7.66129 
7.364515 
7.08387 
6.825806 
6.635483 
6.690322 
6.803225 
6.887096 
6.961289 
7.038709 
7.096773 
7.148386 
7.203225 
7.241935 
7.270967 
7.293548 
7.329031 
7.34516 
7.367741 
7.393548 
7.406451 
7.44516 
7.458064 
7.464515 
7.470967 
7.496773 
7.490322 
7.754838 
8.058063 
8.190321 
8.16129 
7.929031 
7.619354 
7.290322 
7.209677 
7.251612 
7.280644 
7.312902 
7.341935 
7.348386 
7.396773 
7.04516 
6.796773 
9.716128 
12.98709 
10.09999 
6.34516 
5.938709 
6.561289 
6.68387 
6.790322 
6.867741 
6.951612 
7.019354 
7.087096 
7.141935 
7.174193 
7.212903 
7.258064 
7.329031 
7.635483 
7.925806 
8.177418 
8.335483 
8.454837 
8.480644 
8.438709 
8.290322 
8.058063 
7.793548 
7.48387 
7.174193 
6.932257 
6.699999 
6.658064 
6.745161 
6.835483 
6.929031 
7.003225 
7.064515 
7.12258 
7.174193 
7.216128 
7.267741 
7.280644 
7.335483 
7.348386 
7.319354 
7.387096 
7.416128 
7.432257 
7.44516 
7.448386 
7.464515 
7.474193 
7.48387 
7.638709 
7.925806 
8.129031 
8.203225 
8.074193 
7.767741 
7.432257 
7.18387 
7.238709 
7.274193 
7.299999 
7.309677 
7.338709 
7.387096 
7.316128 
6.645161 
8.096773 
11.93225 
11.90322 
7.667741 
5.887096 
6.361289 
6.635483 
6.735483 
6.84516 
6.903225 
6.996773 
7.064515 
7.112902 
7.167741 
7.196774 
7.254838 
7.26129 
7.493547 
7.78387 
8.058063 
8.251612 
8.419354 
8.493547 
8.464515 
8.341935 
8.16129 
7.929031 
7.638709 
7.329031 
7.048386 
6.803225 
6.635483 
6.72258 
6.84516 
6.899999 
6.98387 
7.051612 
7.099999 
7.16129 
7.193548 
7.245161 
7.26129 
7.293548 
7.329031 
7.348386 
7.377418 
7.409677 
7.416128 
7.441935 
7.451612 
7.464515 
7.467741 
7.480644 
7.503225 
7.790322 
8.070966 
8.212903 
8.14516 
7.909677 
7.58387 
7.264515 
7.212903 
7.232257 
7.287096 
7.312902 
7.316128 
7.358064 
7.390322 
6.970967 
6.94516 
10.01935 
12.99999 
9.745161 
6.216128 
5.98387 
6.574193 
6.709677 
6.78387 
6.874193 
6.958064 
7.019354 
7.093547 
7.132257 
7.196774 
7.232257 
7.277419 
7.370967 
7.66129 
7.916128 
8.177418 
8.361289 
8.474192 
8.477418 
8.412902 
8.264515 
8.019353 
7.767741 
7.467741 
7.167741 
6.916128 
6.703225 
6.693548 
6.764515 
6.861289 
6.932257 
7.003225 
7.070967 
7.132257 
7.177419 
7.219354 
7.248386 
7.299999 
7.319354 
7.351612 
7.390322 
7.399999 
7.393548 
7.425806 
7.448386 
7.461289 
7.48387 
7.496773 
7.735483 
8.016128 
8.177418 
8.164515 
7.970967 
7.645161 
7.325806 
7.203225 
7.232257 
7.264515 
7.312902 
7.329031 
7.358064 
7.393548 
7.103225 
6.72258 
9.493547 
12.89032 
10.39032 
6.48387 
5.92258 
6.551612 
6.680644 
6.767741 
6.870967 
6.948386 
7.019354 
7.067741 
7.129032 
7.177419 
7.212903 
7.254838 
7.296773 
7.619354 
7.896773 
8.148386 
8.351612 
8.458064 
8.490322 
8.435482 
8.274192 
8.061289 
7.803225 
7.506451 
7.22258 
6.964515 
6.712903 
6.664515 
6.774193 
6.851612 
6.929031 
7.003225 
7.054838 
7.116128 
7.170967 
7.212903 
7.248386 
7.287096 
7.329031 
7.34516 
7.380644 
7.396773 
7.396773 
7.432257 
7.438709 
7.44516 
7.464515 
7.458064 
7.470967 
7.612902 
7.912902 
8.141935 
8.196773 
8.077418 
7.774193 
7.441935 
7.187096 
7.216128 
7.26129 
7.287096 
7.332257 
7.341935 
7.374193 
7.351612 
6.664515 
7.961289 
11.71612 
12.10967 
7.909677 
5.906451 
6.306451 
6.635483 
6.748386 
6.806451 
6.929031 
7.003225 
7.067741 
7.112902 
7.164515 
7.18387 
7.235483 
7.28387 
7.480644 
7.780644 
8.04516 
8.258064 
8.419354 
8.496773 
8.474192 
8.358063 
8.196773 
7.941935 
7.638709 
7.34516 
7.067741 
6.812902 
6.641935 
6.725806 
6.803225 
6.880644 
6.977418 
7.051612 
7.109676 
7.158064 
7.180644 
7.245161 
7.26129 
7.312902 
7.325806 
7.367741 
7.374193 
7.409677 
7.412902 
7.429031 
7.458064 
7.461289 
7.467741 
7.477418 
7.496773 
7.732257 
8.054838 
8.219354 
8.14516 
7.909677 
7.593547 
7.280644 
7.193548 
7.251612 
7.28387 
7.309677 
7.338709 
7.364515 
7.419354 
6.987096 
6.870967 
9.896773 
12.99999 
9.893548 
6.270967 
5.974193 
6.58387 
6.690322 
6.78387 
6.870967 
6.961289 
7.02258 
7.074193 
7.164515 
7.174193 
7.219354 
7.26129 
7.351612 
7.629032 
7.92258 
8.167741 
8.354838 
8.461289 
8.477418 
8.435482 
8.270967 
8.054838 
7.790322 
7.499999 
7.180644 
6.938709 
6.709677 
6.664515 
6.777419 
6.84516 
6.925806 
6.996773 
7.064515 
7.132257 
7.180644 
7.206451 
7.26129 
7.28387 
7.312902 
7.358064 
7.364515 
7.393548 
7.361289 
7.419354 
7.42258 
7.461289 
7.451612 
7.458064 
7.48387 
7.641935 
7.932257 
8.141935 
8.193548 
8.061289 
7.767741 
7.451612 
7.177419 
7.219354 
7.26129 
7.290322 
7.329031 
7.361289 
7.374193 
7.34516 
6.658064 
8.038708 
11.79032 
12.01935 
7.809677 
5.887096 
6.338709 
6.62258 
6.738709 
6.82258 
6.916128 
6.990322 
7.058063 
7.112902 
7.135483 
7.206451 
7.241935 
7.274193 
7.493547 
7.770967 
8.04516 
8.28387 
8.429031 
8.490322 
8.467741 
8.138709 
7.864515 
7.577418 
7.287096 
7.003225 
6.770967 
6.641935 
6.76129 
6.835483 
6.916128 
6.987096 
7.048386 
7.099999 
7.141935 
7.206451 
7.241935 
7.277419 
7.306451 
7.34516 
7.361289 
7.393548 
7.406451 
7.412902 
7.451612 
7.441935 
7.464515 
7.487096 
7.470967 
7.564515 
7.854838 
8.109676 
8.216128 
8.129031 
7.858064 
7.496773 
7.219354 
7.206451 
7.248386 
7.290322 
7.312902 
7.329031 
7.34516 
7.387096 
6.787096 
7.454838 
10.94193 
12.67419 
8.764515 
6.006451 
6.138709 
6.609677 
6.725806 
6.816128 
6.880644 
6.977418 
7.025805 
7.112902 