 
7.370967 
6.829031 
7.306451 
10.69354 
12.8129 
9.029031 
6.051612 
6.096773 
6.619354 
6.735483 
6.825806 
6.92258 
6.993547 
7.032257 
7.096773 
7.154838 
7.174193 
7.235483 
7.293548 
7.409677 
7.703225 
7.98387 
8.235483 
8.406451 
8.48387 
8.48387 
8.387096 
8.225806 
7.996773 
7.709677 
7.432257 
7.109676 
6.870967 
6.680644 
6.696774 
6.777419 
6.874193 
6.935483 
7.029031 
7.061289 
7.135483 
7.187096 
7.225806 
7.241935 
7.277419 
7.329031 
7.335483 
7.380644 
7.390322 
7.412902 
7.425806 
7.470967 
7.464515 
7.470967 
7.48387 
7.490322 
7.72258 
8.003225 
8.177418 
8.177418 
7.990322 
7.670967 
7.341935 
7.18387 
7.232257 
7.274193 
7.316128 
7.335483 
7.361289 
7.393548 
7.167741 
6.641935 
9.180644 
12.79677 
10.69354 
6.609677 
5.893548 
6.529031 
6.667741 
6.780644 
6.877418 
6.941935 
7.006451 
7.077418 
7.132257 
7.170967 
7.232257 
7.258064 
7.332257 
7.609676 
7.893548 
8.129031 
8.348386 
8.458064 
8.480644 
8.441934 
8.30645 
8.083869 
7.848386 
7.538709 
7.296773 
7.009676 
6.764515 
6.638709 
6.754838 
6.82258 
6.929031 
6.98387 
7.04516 
7.103225 
7.16129 
7.203225 
7.238709 
7.270967 
7.309677 
7.351612 
7.367741 
7.393548 
7.399999 
7.435483 
7.44516 
7.461289 
7.474193 
7.464515 
7.493547 
7.535483 
7.829031 
8.106451 
8.196773 
8.112902 
7.848386 
7.52258 
7.212903 
7.225806 
7.254838 
7.277419 
7.341935 
7.374193 
7.319354 
6.670967 
7.999999 
11.80967 
12.0387 
7.809677 
5.899999 
6.341935 
6.654838 
6.72258 
6.84516 
6.929031 
6.993547 
7.048386 
7.112902 
7.158064 
7.193548 
7.235483 
7.280644 
7.480644 
7.777419 
8.064515 
8.28387 
8.425806 
8.493547 
8.458064 
8.380644 
8.196773 
7.941935 
7.651612 
7.341935 
7.048386 
6.796773 
6.645161 
6.741935 
6.82258 
6.890322 
6.987096 
7.048386 
7.106451 
7.158064 
7.203225 
7.238709 
7.26129 
7.309677 
7.341935 
7.348386 
7.377418 
7.406451 
7.412902 
7.441935 
7.425806 
7.451612 
7.464515 
7.48387 
7.52258 
7.770967 
8.074193 
8.199999 
8.225806 
7.903225 
7.574193 
7.251612 
7.193548 
7.238709 
7.264515 
7.312902 
7.341935 
7.364515 
7.390322 
6.948386 
6.964515 
10.1129 
12.99999 
9.687096 
6.196774 
6.003225 
6.599999 
6.699999 
6.793548 
6.88387 
6.964515 
7.025805 
7.096773 
7.145161 
7.18387 
7.229032 
7.267741 
7.354838 
7.651612 
7.941935 
8.203225 
8.377418 
8.487095 
8.490322 
8.422579 
8.251612 
8.041934 
7.774193 
7.470967 
7.164515 
6.887096 
6.674193 
6.680644 
6.787096 
6.864515 
6.951612 
7.02258 
7.074193 
7.135483 
7.190322 
7.238709 
7.254838 
7.299999 
7.32258 
7.348386 
7.367741 
7.403225 
7.419354 
7.416128 
7.425806 
7.438709 
7.451612 
7.464515 
7.493547 
7.509676 
7.506451 
7.409677 
7.196774 
6.851612 
6.070967 
4.832257 
3.970967 
3.409677 
4.66129 
6.093547 
7.709677 
8.658063 
9.151612 
9.548386 
9.525805 
9.50645 
9.296773 
9.209676 
9.141934 
9.093547 
8.990322 
8.987095 
8.951612 
8.993547 
9.051611 
8.958064 
8.899999 
8.741934 
8.519353 
8.196773 
7.819354 
7.461289 
7.187096 
6.98387 
6.841935 
6.751612 
6.616128 
6.570967 
6.687096 
6.764515 
6.851612 
6.932257 
7.009676 
7.058063 
7.12258 
7.170967 
7.199999 
7.241935 
7.270967 
7.299999 
7.332257 
7.338709 
7.370967 
7.38387 
7.412902 
7.416128 
7.419354 
7.44516 
7.458064 
7.470967 
7.474193 
7.48387 
7.496773 
7.493547 
7.503225 
7.493547 
7.506451 
7.529031 
7.574193 
7.877418 
8.122579 
8.196773 
8.119354 
7.835483 
7.506451 
7.206451 
7.212903 
7.245161 
7.277419 
7.319354 
7.34516 
7.358064 
7.374193 
6.76129 
7.432257 
10.9387 
12.68386 
8.754837 
5.987096 
6.145161 
6.596773 
6.716128 
6.816128 
6.893548 
6.964515 
7.038709 
7.096773 
7.158064 
7.206451 
7.219354 
7.270967 
7.432257 
7.709677 
7.980644 
8.232257 
8.399999 
8.480644 
8.467741 
8.380644 
8.216128 
7.970967 
7.690322 
7.367741 
7.106451 
6.838709 
6.609677 
6.699999 
6.806451 
6.880644 
6.954838 
7.019354 
7.074193 
7.206451 
7.241935 
7.280644 
7.293548 
7.338709 
7.367741 
7.38387 
7.387096 
7.406451 
7.409677 
7.419354 
7.448386 
7.451612 
7.48387 
7.506451 
7.829031 
8.080644 
8.187096 
8.129031 
7.861289 
7.519354 
7.229032 
7.199999 
7.238709 
7.28387 
7.306451 
7.329031 
7.367741 
7.374193 
6.835483 
7.216128 
10.58386 
12.85806 
9.116127 
6.070967 
6.061289 
6.616128 
6.725806 
6.803225 
6.890322 
6.964515 
7.041934 
7.093547 
7.187096 
7.177419 
7.212903 
7.319354 
7.396773 
7.706451 
8.074193 
8.206451 
8.393548 
8.52258 
8.474192 
8.409676 
8.229031 
8.003225 
7.712903 
7.432257 
7.132257 
6.867741 
6.687096 
6.693548 
6.796773 
6.880644 
6.951612 
7.029031 
7.074193 
7.12258 
7.174193 
7.225806 
7.26129 
7.287096 
7.335483 
7.34516 
7.364515 
7.390322 
7.399999 
7.432257 
7.461289 
7.458064 
7.458064 
7.480644 
7.487096 
7.709677 
8.009676 
8.190321 
8.177418 
7.977418 
7.667741 
7.335483 
7.216128 
7.229032 
7.280644 
7.312902 
7.325806 
7.338709 
7.367741 
7.141935 
6.645161 
9.225806 
12.80645 
10.59999 
6.567741 
5.877418 
6.538709 
6.68387 
6.764515 
6.870967 
6.938709 
7.003225 
7.080644 
7.141935 
7.174193 
7.22258 
7.267741 
7.303225 
7.609676 
7.880644 
8.132257 
8.341935 
8.470967 
8.509676 
8.44516 
8.316128 
8.112902 
7.829031 
7.538709 
7.229032 
6.961289 
6.72258 
6.645161 
6.748386 
6.835483 
6.929031 
7.038709 
7.064515 
7.112902 
7.158064 
7.212903 
7.245161 
7.280644 
7.293548 
7.341935 
7.38387 
7.399999 
7.412902 
7.448386 
7.458064 
7.451612 
7.477418 
7.467741 
7.480644 
7.599999 
7.903225 
8.132257 
8.209676 
8.080644 
7.835483 
7.503225 
7.206451 
7.206451 
7.258064 
7.280644 
7.312902 
7.332257 
7.358064 
7.370967 
6.76129 
7.441935 
10.9258 
12.69354 
8.751612 
5.999999 
6.151612 
6.616128 
6.72258 
6.819354 
6.912902 
6.98387 
7.051612 
7.112902 
7.154838 
7.193548 
7.232257 
7.26129 
7.425806 
7.729032 
8.009676 
8.229031 
8.387096 
8.477418 
8.487095 
8.370966 
8.209676 
7.974193 
7.664515 
7.387096 
7.119354 
6.858064 
6.667741 
6.703225 
6.790322 
6.890322 
6.967741 
7.035483 
7.090322 
7.145161 
7.196774 
7.22258 
7.277419 
7.299999 
7.338709 
7.335483 
7.38387 
7.396773 
7.412902 
7.432257 
7.438709 
7.451612 
7.480644 
7.474193 
7.480644 
7.748386 
8.019353 
8.206451 
8.167741 
7.964515 
7.638709 
7.309677 
7.187096 
7.238709 
7.277419 
7.306451 
7.319354 
7.351612 
7.38387 
7.106451 
6.735483 
9.499999 
12.93548 
10.30322 
6.84516 
5.893548 
6.387096 
6.670967 
6.777419 
6.84516 
6.951612 
7.003225 
7.132257 
7.167741 
7.225806 
7.241935 
7.32258 
7.577418 
7.880644 
8.135483 
8.325805 
8.448386 
8.519353 
8.464515 
8.30645 
8.093547 
7.84516 
7.54516 
7.251612 
6.98387 
6.754838 
6.648386 
6.78387 
6.829031 
6.92258 
6.977418 
7.061289 
7.103225 
7.16129 
7.206451 
7.251612 
7.296773 
7.319354 
7.335483 
7.348386 
7.374193 
7.403225 
7.44516 
7.451612 
7.454838 
7.464515 
7.467741 
7.477418 
7.580644 
7.870967 
8.122579 
8.212903 
8.093547 
7.812902 
7.48387 
7.203225 
7.229032 
7.26129 
7.28387 
7.306451 
7.34516 
7.354838 
7.380644 
6.738709 
7.567741 
11.14516 
12.54516 
8.516128 
5.970967 
6.22258 
6.616128 
6.741935 
6.848386 
6.916128 
6.990322 
7.048386 
7.087096 
7.145161 
7.187096 
7.248386 
7.270967 
7.441935 
7.745161 
8.019353 
8.232257 
8.422579 
8.490322 
8.470967 
8.380644 
8.206451 
7.970967 
7.68387 
7.406451 
7.090322 
6.819354 
6.648386 
6.716128 
6.806451 
6.890322 
6.954838 
7.029031 
7.090322 
7.145161 
7.16129 
7.229032 
7.277419 
7.312902 
7.329031 
7.364515 
7.374193 
7.406451 
7.412902 
7.412902 
7.454838 
7.448386 
7.474193 
7.503225 
7.503225 
7.758064 
8.035483 
8.190321 
8.151612 
7.929031 
7.62258 
7.303225 
7.196774 
7.251612 
7.270967 
7.312902 
7.335483 
7.354838 
7.390322 
7.032257 
6.799999 
9.735483 
12.98387 
10.07096 
6.309677 
5.954838 
6.58387 
6.712903 
6.787096 
6.88387 
6.948386 
7.032257 
7.090322 
7.138709 
7.203225 
7.235483 
7.267741 
7.341935 
7.641935 
7.92258 
8.174193 
8.34516 
8.48387 
8.474192 
8.425806 
8.277419 
8.054838 
7.803225 
7.503225 
7.196774 
6.912902 
6.709677 
6.674193 
6.764515 
6.870967 
6.938709 
7.003225 
7.074193 
7.119354 
7.170967 
7.206451 
7.245161 
7.280644 
7.306451 
7.332257 
7.354838 
7.396773 
7.403225 
7.432257 
7.454838 
7.441935 
7.464515 
7.490322 
7.487096 
7.567741 
7.832257 
8.096773 
8.216128 
8.135483 
7.877418 
7.52258 
7.212903 
7.206451 
7.264515 
7.299999 
7.325806 
7.338709 
7.380644 
7.390322 
6.974193 
6.92258 
9.987095 
13.01612 
9.777419 
6.22258 
5.967741 
6.593547 
6.712903 
6.819354 
6.877418 
6.964515 
7.038709 
7.080644 
7.148386 
7.190322 
7.232257 
7.277419 
7.380644 
7.667741 
7.938709 
8.196773 
8.367741 
8.474192 
8.490322 
8.432257 
8.267741 
8.04516 
7.774193 
7.474193 
7.170967 
6.906451 
6.709677 
6.687096 
6.770967 
6.854838 
6.951612 
6.996773 
7.080644 
7.132257 
7.174193 
7.212903 
7.267741 
7.293548 
7.319354 
7.354838 
7.370967 
7.387096 
7.380644 
7.416128 
7.438709 
7.454838 
7.470967 
7.496773 
7.503225 
8.035483 
8.199999 
8.16129 
7.954838 
7.641935 
7.309677 
7.193548 
7.238709 
7.274193 
7.303225 
7.335483 
7.358064 
7.38387 
7.099999 
6.732257 
9.496773 
12.91612 
10.34515 
6.425806 
5.919354 
6.570967 
6.68387 
6.787096 
6.880644 
6.961289 
7.032257 
7.074193 
7.138709 
7.180644 
7.274193 
7.248386 
7.319354 
7.62258 
7.896773 
8.16129 
8.354838 
8.458064 
8.490322 
8.435482 
8.290322 
8.070966 
7.796773 
7.532257 
7.212903 
6.938709 
6.719354 
6.667741 
6.758064 
6.858064 
6.938709 
6.993547 
7.080644 
7.116128 
7.174193 
7.206451 
7.267741 
7.280644 
7.312902 
7.341935 
7.377418 
7.399999 
7.406451 
7.435483 
7.44516 
7.461289 
7.458064 
7.470967 
7.503225 
7.629032 
7.938709 
8.135483 
8.206451 
8.070966 
7.777419 
7.435483 
7.177419 
7.225806 
7.26129 
7.274193 
7.338709 
7.354838 
7.374193 
7.325806 
6.670967 
8.067741 
11.86451 
11.98064 
7.732257 
5.906451 
6.34516 
6.667741 
6.748386 
6.848386 
6.919354 
7.003225 
7.061289 
7.116128 
7.193548 
7.216128 
7.238709 
7.274193 
7.493547 
7.793548 
8.083869 
8.277419 
8.429031 
8.493547 
8.467741 
8.358063 
8.170967 
7.919354 
7.632257 
7.354838 
7.04516 
6.803225 
6.641935 
6.732257 
6.809677 
6.899999 
6.970967 
7.04516 
7.106451 
7.16129 
7.212903 
7.248386 
7.309677 
7.28387 
7.325806 
7.374193 
7.364515 
7.396773 
7.409677 
7.425806 
7.438709 
7.470967 
7.467741 
7.477418 
7.499999 
7.816128 
8.070966 
8.216128 
8.206451 
7.896773 
7.567741 
7.241935 
7.22258 
7.254838 
7.287096 
7.316128 
7.335483 
7.358064 
7.377418 
6.925806 
7.054838 
10.29032 
12.98387 
9.48387 
6.158064 
6.02258 
6.609677 
6.674193 
6.812902 
6.880644 
6.974193 
7.029031 
7.099999 
7.187096 
7.199999 
7.238709 
7.270967 
7.303225 
7.599999 
7.877418 
8.129031 
8.316128 
8.467741 
8.493547 
8.441934 
8.309677 
8.138709 
7.864515 
7.551612 
7.26129 
6.990322 
6.751612 
6.648386 
6.758064 
6.838709 
6.92258 
6.996773 
7.064515 
7.125806 
7.164515 
7.225806 
7.225806 
7.264515 
7.309677 
7.335483 
7.351612 
7.393548 
7.403225 
7.425806 
7.454838 
7.464515 
7.461289 
7.470967 
7.480644 
7.487096 
7.78387 
8.048386 
8.203225 
8.151612 
7.948386 
7.609676 
7.290322 
7.199999 
7.254838 
7.293548 
7.299999 
7.335483 
7.370967 
7.390322 
7.038709 
6.816128 
9.774192 
12.99677 
10.02257 
6.303225 
5.951612 
6.587096 
6.693548 
6.806451 
6.887096 
6.94516 
7.025805 
7.08387 
7.145161 
7.196774 
7.235483 
7.267741 
7.34516 
7.641935 
7.938709 
8.177418 
8.348386 
8.467741 
8.509676 
8.412902 
8.264515 
8.025805 
7.416128 
7.129032 
6.864515 
6.667741 
6.687096 
6.793548 
6.893548 
6.964515 
7.035483 
7.096773 
7.141935 
7.177419 
7.232257 
7.258064 
7.293548 
7.316128 
7.348386 
7.377418 
7.399999 
7.406451 
7.432257 
7.451612 
7.454838 
7.467741 
7.474193 
7.496773 
7.741935 
8.038708 
8.206451 
8.190321 
7.980644 
7.670967 
7.329031 
7.196774 
7.258064 
7.274193 
7.316128 
7.335483 
7.354838 
7.399999 
7.164515 
6.667741 
9.267741 
12.82258 
10.58709 
6.574193 
5.890322 
6.529031 
6.677419 
6.780644 
6.867741 
6.941935 
7.006451 
7.074193 
7.116128 
7.174193 
7.196774 
7.267741 
7.325806 
7.612902 
7.906451 
8.138709 
8.341935 
8.458064 
8.496773 
8.435482 
8.303225 
8.080644 
7.825806 
7.516128 
7.219354 
6.967741 
6.72258 
6.654838 
6.764515 
6.858064 
6.938709 
7.009676 
7.080644 
7.141935 
7.177419 
7.209677 
7.254838 
7.277419 
7.325806 
7.358064 
7.364515 
7.387096 
7.403225 
7.429031 
7.438709 
7.458064 
7.470967 
7.474193 
7.487096 
7.503225 
7.512902 
7.429031 
7.245161 
6.94516 
6.232257 
5.077418 
4.199999 
3.374193 
4.374193 
5.716128 
7.42258 
8.52258 
9.029031 
9.429031 
9.558063 
9.529031 
9.361289 
9.248386 
9.154838 
9.106451 
9.00645 
9.016128 
8.954837 
8.954837 
9.025805 
8.961289 
8.916128 
8.812902 
8.596773 
8.287096 
7.916128 
7.554838 
7.258064 
7.032257 
6.877418 
6.770967 
6.635483 
6.567741 
6.645161 
6.741935 
6.838709 
6.903225 
6.967741 
7.048386 
7.112902 
7.145161 
7.18387 
7.225806 
7.264515 
7.270967 
7.306451 
7.332257 
7.367741 
7.390322 
7.396773 
7.409677 
7.438709 
7.44516 
7.438709 
7.454838 
7.464515 
7.474193 
7.490322 
7.496773 
7.490322 
7.493547 
7.490322 
7.493547 
7.512902 
7.799999 
8.077418 
8.238709 
8.16129 
7.935483 
7.590322 
7.28387 
7.203225 
7.245161 
7.270967 
7.296773 
7.351612 
7.348386 
7.396773 
7.34516 
6.690322 
7.870967 
11.59999 
12.17096 
7.980644 
5.903225 
6.280644 
6.619354 
6.729032 
6.82258 
6.899999 
6.980644 
7.038709 
7.08387 
7.141935 
7.18387 
7.209677 
7.254838 
7.306451 
7.612902 
7.874193 
8.135483 
8.332257 
8.464515 
8.490322 
8.419354 
8.280644 
8.064515 
7.806451 
7.493547 
7.238709 
6.98387 
6.748386 
6.606451 
6.735483 
6.835483 
6.909677 
6.974193 
7.054838 
7.112902 
7.16129 
7.193548 
7.248386 
7.270967 
7.309677 
7.341935 
7.358064 
7.377418 
7.399999 
7.425806 
7.432257 
7.441935 
7.454838 
7.458064 
7.509676 
7.561289 
7.874193 
8.119354 
8.199999 
8.135483 
7.864515 
7.503225 
7.196774 
7.212903 
7.235483 
7.274193 
7.319354 
7.335483 
7.364515 
7.348386 
8.061289 
11.95161 
11.8387 
7.606451 
5.870967 
6.377418 
6.654838 
6.738709 
6.829031 
6.929031 
6.98387 
7.077418 
7.12258 
7.145161 
7.193548 
7.241935 
7.270967 
7.496773 
7.803225 
8.051611 
8.261289 
8.422579 
8.493547 
8.458064 
8.351612 
8.158063 
7.903225 
7.612902 
7.296773 
7.04516 
6.796773 
6.645161 
6.735483 
6.832257 
6.899999 
6.967741 
7.04516 
7.093547 
7.154838 
7.206451 
7.245161 
7.280644 
7.296773 
7.329031 
7.348386 
7.374193 
7.387096 
7.396773 
7.432257 
7.44516 
7.458064 
7.458064 
7.470967 
7.503225 
7.78387 
8.070966 
8.216128 
8.148386 
7.906451 
7.561289 
7.267741 
7.190322 
7.248386 
7.28387 
7.306451 
7.312902 
7.364515 
7.380644 
6.92258 
6.996773 
10.19032 
12.99032 
9.54516 
6.164515 
6.006451 
6.593547 
6.709677 
6.806451 
6.887096 
6.951612 
7.02258 
7.096773 
7.129032 
7.180644 
7.241935 
7.264515 
7.370967 
7.664515 
7.941935 
8.206451 
8.364515 
8.48387 
8.48387 
8.419354 
8.251612 
8.025805 
7.754838 
7.461289 
7.164515 
6.903225 
6.68387 
6.687096 
6.793548 
6.870967 
6.948386 
7.003225 
7.077418 
7.12258 
7.206451 
7.216128 
7.248386 
7.316128 
7.338709 
7.335483 
7.374193 
7.396773 
7.403225 
7.435483 
7.425806 
7.448386 
7.44516 
7.458064 
7.470967 
7.670967 
7.970967 
8.158063 
8.193548 
8.02258 
7.706451 
7.377418 
7.180644 
7.229032 
7.254838 
7.287096 
7.299999 
7.351612 
7.374193 
7.254838 
6.596773 
8.616127 
12.39999 
11.3387 
7.096773 
5.880644 
6.44516 
6.667741 
6.774193 
6.867741 
6.932257 
6.999999 
7.08387 
7.119354 
7.170967 
7.203225 
7.251612 
7.303225 
7.54516 
7.832257 
8.106451 
8.299999 
8.454837 
8.493547 
8.461289 
8.319354 
8.132257 
7.874193 
7.574193 
7.293548 
7.009676 
6.767741 
6.632257 
6.764515 
6.835483 
6.912902 
6.993547 
7.061289 
7.12258 
7.148386 
7.209677 
7.238709 
7.277419 
7.303225 
7.332257 
7.370967 
7.377418 
7.406451 
7.416128 
7.42258 
7.454838 
7.44516 
7.477418 
7.490322 
7.532257 
7.861289 
8.109676 
8.196773 
8.122579 
7.84516 
7.512902 
7.212903 
7.209677 
7.264515 
7.299999 
7.316128 
7.341935 
7.377418 
7.367741 
6.799999 
7.432257 
10.92257 
12.70322 
8.780644 
6.025805 
6.145161 
6.619354 
6.735483 
6.819354 
6.912902 
6.980644 
7.051612 
7.109676 
7.141935 
7.206451 
7.238709 
7.258064 
7.416128 
7.712903 
7.980644 
8.254837 
8.412902 
8.487095 
8.467741 
8.387096 
8.251612 
7.999999 
7.735483 
7.474193 
7.135483 
6.916128 
6.670967 
6.674193 
6.780644 
6.848386 
6.948386 
6.999999 
7.070967 
7.125806 
7.174193 
7.22258 
7.267741 
7.32258 
7.341935 
7.377418 
7.387096 
7.416128 
7.438709 
7.461289 
7.454838 
7.474193 
7.496773 
7.512902 
7.758064 
8.029031 
8.212903 
8.16129 
7.935483 
7.62258 
7.319354 
7.203225 
7.245161 
7.280644 
7.309677 
7.329031 
7.351612 
7.387096 
7.054838 
6.78387 
9.641934 
12.97741 
10.19032 
6.377418 
5.94516 
6.558063 
6.741935 
6.790322 
6.864515 
6.951612 
7.012902 
7.099999 
7.132257 
7.190322 
7.238709 
7.28387 
7.361289 
7.629032 
7.903225 
8.16129 
8.364515 
8.477418 
8.50645 
8.44516 
8.267741 
8.077418 
7.829031 
7.52258 
7.212903 
6.94516 
6.735483 
6.693548 
6.738709 
6.838709 
6.919354 
6.990322 
7.070967 
7.125806 
7.170967 
7.241935 
7.267741 
7.293548 
7.299999 
7.338709 
7.34516 
7.393548 
7.390322 
7.425806 
7.44516 
7.44516 
7.474193 
7.467741 
7.490322 
7.580644 
7.903225 
8.119354 
8.199999 
8.106451 
7.832257 
7.493547 
7.203225 
7.238709 
7.245161 
7.267741 
7.312902 
7.358064 
7.393548 
7.354838 
6.741935 
7.570967 
11.17741 
12.51935 
8.448386 
5.941935 
6.212903 
6.62258 
6.725806 
6.838709 
6.906451 
6.974193 
7.064515 
7.099999 
7.148386 
7.187096 
7.270967 
7.296773 
7.467741 
7.745161 
8.038708 
8.319354 
8.409676 
8.470967 
8.467741 
8.370966 
8.209676 
7.951612 
7.664515 
7.377418 
7.087096 
6.825806 
6.638709 
6.709677 
6.809677 
6.893548 
6.964515 
7.035483 
7.090322 
7.16129 
7.193548 
7.248386 
7.277419 
7.306451 
7.332257 
7.348386 
7.374193 
7.403225 
7.432257 
7.432257 
7.461289 
7.461289 
7.467741 
7.496773 
7.506451 
7.767741 
8.048386 
8.216128 
8.158063 
7.935483 
7.609676 
7.28387 
7.203225 
7.267741 
7.28387 
7.316128 
7.332257 
7.361289 
7.374193 
7.009676 
6.829031 
9.82258 
12.99677 
9.999999 
6.299999 
5.941935 
6.58387 
6.706451 
6.774193 
6.880644 
6.951612 
7.009676 
7.077418 
7.129032 
7.180644 
7.216128 
7.258064 
7.364515 
7.645161 
7.932257 
8.174193 
8.358063 
8.477418 
8.48387 
8.438709 
8.290322 
8.077418 
7.793548 
7.487096 
7.151612 
6.916128 
6.690322 
6.677419 
6.803225 
6.861289 
6.961289 
7.032257 
7.08387 
7.148386 
7.177419 
7.199999 
7.245161 
7.274193 
7.32258 
7.34516 
7.370967 
7.387096 
7.399999 
7.42258 
7.454838 
7.451612 
7.467741 
7.467741 
7.490322 
7.641935 
7.967741 
8.167741 
8.193548 
8.064515 
7.754838 
7.396773 
7.203225 
7.245161 
7.296773 
7.296773 
7.338709 
7.348386 
7.367741 
7.293548 
6.616128 
8.480644 
12.27419 
11.52257 
7.219354 
5.890322 
6.461289 
6.667741 
6.754838 
6.832257 
6.919354 
6.98387 
7.070967 
7.106451 
7.164515 
7.199999 
7.293548 
7.603225 
7.893548 
8.16129 
8.351612 
8.477418 
8.519353 
8.448386 
8.28387 
8.087096 
7.803225 
7.493547 
7.216128 
6.958064 
6.716128 
6.658064 
6.774193 
6.854838 
6.961289 
7.003225 
7.074193 
7.135483 
7.18387 
7.209677 
7.251612 
7.296773 
7.309677 
7.332257 
7.361289 
7.403225 
7.412902 
7.438709 
7.458064 
7.458064 
7.470967 
7.48387 
7.512902 
7.529031 
7.825806 
8.096773 
8.196773 
8.14516 
7.890322 
7.558063 
7.248386 
7.212903 
7.267741 
7.299999 
7.32258 
7.354838 
7.351612 
7.370967 
6.877418 
7.138709 
10.4129 
12.94193 
9.364515 
6.12258 
6.032257 
6.599999 
6.706451 
6.809677 
6.890322 
6.967741 
7.02258 
7.087096 
7.116128 
7.164515 
7.232257 
7.280644 
7.409677 
7.709677 
7.980644 
8.164515 
8.351612 
8.458064 
8.480644 
8.425806 
8.270967 
8.054838 
7.777419 
7.516128 
7.203225 
6.925806 
6.712903 
6.68387 
6.780644 
6.796773 
6.916128 
6.987096 
7.077418 
7.125806 
7.18387 
7.216128 
7.254838 
7.299999 
7.309677 
7.354838 
7.364515 
7.38387 
7.406451 
7.435483 
7.44516 
7.438709 
7.464515 
7.477418 
7.480644 
7.638709 
7.970967 
8.174193 
8.187096 
8.058063 
7.735483 
7.42258 
7.151612 
7.206451 
7.241935 
7.287096 
7.335483 
7.34516 
7.380644 
7.299999 
6.638709 
8.251612 
12.05806 
12.39999 
10.23225 
6.199999 
5.561289 
6.235483 
6.403225 
6.525805 
6.664515 
6.770967 
6.887096 
6.948386 
7.019354 
7.061289 
7.116128 
7.167741 
7.206451 
7.48387 
7.78387 
8.02258 
8.232257 
8.387096 
8.467741 
8.438709 
8.316128 
8.129031 
7.867741 
7.574193 
7.296773 
6.999999 
6.774193 
6.638709 
6.738709 
6.825806 
6.941935 
6.990322 
7.061289 
7.096773 
7.154838 
7.193548 
7.219354 
7.277419 
7.316128 
7.34516 
7.34516 
7.390322 
7.393548 
7.412902 
7.42258 
7.454838 
7.461289 
7.467741 
7.48387 
7.548386 
7.838709 
8.125805 
8.229031 
8.135483 
7.867741 
7.541934 
7.219354 
7.232257 
7.264515 
7.293548 
7.303225 
7.335483 
7.358064 
7.387096 
6.838709 
7.319354 
10.74838 
12.81612 
8.970967 
6.054838 
6.096773 
6.625806 
6.709677 
6.832257 
6.906451 
6.977418 
7.064515 
7.12258 
7.164515 
7.219354 
7.251612 
7.258064 
7.419354 
7.68387 
7.958064 
8.206451 
8.393548 
8.422579 
8.464515 
8.370966 
8.280644 
8.103224 
7.870967 
7.587096 
7.287096 
6.987096 
6.751612 
6.590322 
6.677419 
6.790322 
6.874193 
6.938709 
7.019354 
7.080644 
7.129032 
7.180644 
7.238709 
7.277419 
7.287096 
7.325806 
7.364515 
7.358064 
7.396773 
7.412902 
7.425806 
7.44516 
7.458064 
7.464515 
7.480644 
7.48387 
7.751612 
8.016128 
8.135483 
7.880644 
7.54516 
7.241935 
7.216128 
7.248386 
7.277419 
7.32258 
7.354838 
7.361289 
7.393548 
6.864515 
7.170967 
10.49999 
12.96451 
9.238709 
6.080644 
6.077418 
6.593547 
6.706451 
6.819354 
6.887096 
6.961289 
7.032257 
7.08387 
7.148386 
7.199999 
7.254838 
7.274193 
7.399999 
7.677419 
7.977418 
8.222579 
8.399999 
8.480644 
8.487095 
8.419354 
8.238709 
8.019353 
7.732257 
7.438709 
7.141935 
6.877418 
6.670967 
6.696774 
6.793548 
6.880644 
6.954838 
7.032257 
7.080644 
7.132257 
7.196774 
7.245161 
7.267741 
7.309677 
7.319354 
7.361289 
7.380644 
7.393548 
7.42258 
7.425806 
7.448386 
7.477418 
7.477418 
7.509676 
7.503225 
7.525805 
7.532257 
7.416128 
7.187096 
6.770967 
5.941935 
4.72258 
3.858064 
3.509677 
4.806451 
6.319354 
7.88387 
8.754837 
9.190321 
9.551611 
9.499999 
9.490322 
9.28387 
9.196773 
9.158063 
9.074193 
9.032257 
9.003225 
8.974192 
8.990322 
9.064515 
8.970967 
8.896773 
8.729031 
8.525805 
8.164515 
7.803225 
7.451612 
7.167741 
6.996773 
6.832257 
6.741935 
6.632257 
6.554838 
6.664515 
6.754838 
6.84516 
6.94516 
7.003225 
7.077418 
7.138709 
7.174193 
7.219354 
7.241935 
7.296773 
7.312902 
7.332257 
7.329031 
7.377418 
7.380644 
7.399999 
7.425806 
7.419354 
7.432257 
7.458064 
7.461289 
7.467741 
7.490322 
7.490322 
7.48387 
7.490322 
7.496773 
7.52258 
7.516128 
7.593547 
7.916128 
8.154838 
8.229031 
8.106451 
7.82258 
7.490322 
7.180644 
7.225806 
7.245161 
7.280644 
7.335483 
7.341935 
7.358064 
7.338709 
6.712903 
7.729032 
11.39032 
12.3387 
8.222579 
5.912902 
6.219354 
6.632257 
6.716128 
6.793548 
6.874193 
6.948386 
7.019354 
7.096773 
7.158064 
7.187096 
7.22258 
7.270967 
7.458064 
7.748386 
8.012902 
8.241934 
8.374193 
8.461289 
8.451612 
8.370966 
8.187096 
7.92258 
7.648386 
7.335483 
7.058063 
6.812902 
6.62258 
6.680644 
6.796773 
6.890322 
6.970967 
7.048386 
7.093547 
7.16129 
7.216128 
7.229032 
7.277419 
7.299999 
7.332257 
7.358064 
7.390322 
7.403225 
7.406451 
7.441935 
7.435483 
7.432257 
7.461289 
7.461289 
7.477418 
7.767741 
8.025805 
8.203225 
8.135483 
7.912902 
7.587096 
7.28387 
7.196774 
7.225806 
7.277419 
7.280644 
7.332257 
7.358064 
7.364515 
7.02258 
6.870967 
9.896773 
13.00322 
9.864515 
6.251612 
5.980644 
6.596773 
6.696774 
6.78387 
6.874193 
6.961289 
7.025805 
7.077418 
7.129032 
7.174193 
7.212903 
7.258064 
7.34516 
7.651612 
7.941935 
8.164515 
8.370966 
8.464515 
8.467741 
8.412902 
8.264515 
8.029031 
7.790322 
7.48387 
7.180644 
6.651612 
6.693548 
6.780644 
6.887096 
6.961289 
7.04516 
7.112902 
7.158064 
7.199999 
7.22258 
7.270967 
7.299999 
7.338709 
7.364515 
7.364515 
7.390322 
7.416128 
7.438709 
7.458064 
7.467741 
7.470967 
7.480644 
7.470967 
7.716128 
7.996773 
8.177418 
8.16129 
7.964515 
7.638709 
7.325806 
7.180644 
7.238709 
7.277419 
7.293548 
7.332257 
7.351612 
7.374193 
7.109676 
6.68387 
9.335483 
12.86128 
10.49032 
6.509676 
5.906451 
6.561289 
6.687096 
6.787096 
6.867741 
6.951612 
7.019354 
7.087096 
7.135483 
7.180644 
7.22258 
7.258064 
7.312902 
7.609676 
7.887096 
8.148386 
8.351612 
8.461289 
8.512902 
8.432257 
8.277419 
8.083869 
7.803225 
7.516128 
7.199999 
6.951612 
6.732257 
6.66129 
6.770967 
6.84516 
6.932257 
6.999999 
7.058063 
7.125806 
7.151612 
7.209677 
7.254838 
7.274193 
7.296773 
7.364515 
7.367741 
7.393548 
7.416128 
7.429031 
7.435483 
7.451612 
7.454838 
7.467741 
7.48387 
7.619354 
7.919354 
8.151612 
8.209676 
8.077418 
7.809677 
7.454838 
7.187096 
7.245161 
7.26129 
7.290322 
7.351612 
7.348386 
7.374193 
7.341935 
6.670967 
7.961289 
11.73548 
12.08386 
7.851612 
5.890322 
6.32258 
6.658064 
6.770967 
6.838709 
6.92258 
6.980644 
7.058063 
7.096773 
7.187096 
7.196774 
7.232257 
7.274193 
7.480644 
7.767741 
8.041934 
8.248386 
8.416128 
8.470967 
8.464515 
8.348386 
8.154838 
7.909677 
7.629032 
7.354838 
7.041934 
6.796773 
6.632257 
6.709677 
6.812902 
6.896773 
6.977418 
7.025805 
7.077418 
7.148386 
7.209677 
7.248386 
7.277419 
7.299999 
7.335483 
7.354838 
7.38387 
7.393548 
7.409677 
7.441935 
7.464515 
7.467741 
7.470967 
7.477418 
7.493547 
7.787096 
8.064515 
8.229031 
8.148386 
7.912902 
7.590322 
7.26129 
7.232257 
7.270967 
7.290322 
7.316128 
7.312902 
7.354838 
7.387096 
6.958064 
6.964515 
10.09677 
13.02903 
9.667741 
6.199999 
5.996773 
6.596773 
6.696774 
6.796773 
6.877418 
6.958064 
7.019354 
7.090322 
7.135483 
7.177419 
7.235483 
7.258064 
7.358064 
7.66129 
7.929031 
8.174193 
8.380644 
8.464515 
8.490322 
8.396773 
8.251612 
8.032257 
7.774193 
7.477418 
7.167741 
6.916128 
6.703225 
6.674193 
6.78387 
6.870967 
6.941935 
6.987096 
7.087096 
7.116128 
7.180644 
7.22258 
7.270967 
7.293548 
7.325806 
7.351612 
7.380644 
7.387096 
7.409677 
7.412902 
7.441935 
7.44516 
7.477418 
7.499999 
7.490322 
7.674193 
7.970967 
8.177418 
8.199999 
8.029031 
7.709677 
7.393548 
7.203225 
7.238709 
7.264515 
7.309677 
7.319354 
7.361289 
7.374193 
7.251612 
6.596773 
8.596773 
12.40322 
11.35161 
5.887096 
6.554838 
6.693548 
6.793548 
6.867741 
6.941935 
7.02258 
7.077418 
7.12258 
7.177419 
7.212903 
7.251612 
7.32258 
7.603225 
7.893548 
8.16129 
8.348386 
8.464515 
8.487095 
8.429031 
8.270967 
8.077418 
7.816128 
7.509676 
7.209677 
6.94516 
6.72258 
6.654838 
6.751612 
6.841935 
6.929031 
6.98387 
7.054838 
7.103225 
7.18387 
7.209677 
7.235483 
7.299999 
7.319354 
7.348386 
7.38387 
7.390322 
7.412902 
7.44516 
7.425806 
7.454838 
7.474193 
7.480644 
7.509676 
7.580644 
7.880644 
8.125805 
8.229031 
8.119354 
7.858064 
7.499999 
7.193548 
7.212903 
7.254838 
7.290322 
7.329031 
7.351612 
7.364515 
7.364515 
6.770967 
7.499999 
11.02257 
12.64515 
8.667741 
5.964515 
6.190322 
6.616128 
6.719354 
6.819354 
6.903225 
6.993547 
7.032257 
7.093547 
7.135483 
7.187096 
7.229032 
7.267741 
7.432257 
7.732257 
8.012902 
8.245161 
8.406451 
8.470967 
8.474192 
8.377418 
8.199999 
7.964515 
7.677419 
7.374193 
7.090322 
6.832257 
6.658064 
6.690322 
6.796773 
6.877418 
6.964515 
7.025805 
7.08387 
7.138709 
7.196774 
7.241935 
7.280644 
7.303225 
7.325806 
7.354838 
7.380644 
7.396773 
7.416128 
7.425806 
7.44516 
7.461289 
7.470967 
7.480644 
7.487096 
7.754838 
8.02258 
8.203225 
8.151612 
7.964515 
7.638709 
7.319354 
7.229032 
7.248386 
7.290322 
7.316128 
7.332257 
7.354838 
7.354838 
7.04516 
6.729032 
9.551611 
12.9258 
10.28709 
6.412902 
5.935483 
6.564515 
6.696774 
6.793548 
6.870967 
6.954838 
7.029031 
7.093547 
7.129032 
7.177419 
7.229032 
7.270967 
7.34516 
7.632257 
7.92258 
8.174193 
8.335483 
8.464515 
8.493547 
8.435482 
8.28387 
8.061289 
7.825806 
7.506451 
7.203225 
6.935483 
6.709677 
6.658064 
6.770967 
6.861289 
6.932257 
7.012902 
7.070967 
7.119354 
7.158064 
7.196774 
7.238709 
7.287096 
7.316128 
7.338709 
7.393548 
7.393548 
7.419354 
7.42258 
7.44516 
7.464515 
7.461289 
7.493547 
7.493547 
7.648386 
7.929031 
8.16129 
8.209676 
8.054838 
7.758064 
7.419354 
7.203225 
7.245161 
7.280644 
7.319354 
7.338709 
7.367741 
7.377418 
7.367741 
6.735483 
7.632257 
11.24193 
12.48064 
8.399999 
5.964515 
6.216128 
6.645161 
6.751612 
6.829031 
6.906451 
7.009676 
7.029031 
7.099999 
7.170967 
7.219354 
7.241935 
7.287096 
7.451612 
7.745161 
8.003225 
8.225806 
8.403224 
8.464515 
8.451612 
8.364515 
8.18387 
7.958064 
7.658064 
7.367741 
7.087096 
6.825806 
6.635483 
6.716128 
6.793548 
6.896773 
6.951612 
7.029031 
7.096773 
7.151612 
7.196774 
7.241935 
7.258064 
7.299999 
7.325806 
7.351612 
7.38387 
7.432257 
7.432257 
7.451612 
7.44516 
7.474193 
7.490322 
7.558063 
7.854838 
8.116127 
8.206451 
8.122579 
7.848386 
7.503225 
7.212903 
7.216128 
7.258064 
7.306451 
7.32258 
7.335483 
7.374193 
7.38387 
6.812902 
6.774193 
7.577418 
11.14516 
12.68386 
8.690321 
6.035483 
6.229032 
6.674193 
6.777419 
6.858064 
6.932257 
7.019354 
7.077418 
7.129032 
7.167741 
7.199999 
7.251612 
7.277419 
7.441935 
7.738709 
8.00645 
8.258064 
8.412902 
8.467741 
8.470967 
8.390321 
8.209676 
7.964515 
7.699999 
7.409677 
7.090322 
6.851612 
6.66129 
6.719354 
6.812902 
6.88387 
6.980644 
7.038709 
7.093547 
7.135483 
7.187096 
7.229032 
7.258064 
7.293548 
7.312902 
7.351612 
7.374193 
7.403225 
7.412902 
7.448386 
7.464515 
7.464515 
7.480644 
7.474193 
7.48387 
7.745161 
8.025805 
8.206451 
8.180644 
7.977418 
7.62258 
7.306451 
7.193548 
7.245161 
7.264515 
7.296773 
7.338709 
7.364515 
7.412902 
7.080644 
6.709677 
9.580644 
12.5258 
10.99677 
6.777419 
5.777419 
6.438709 
6.619354 
6.716128 
6.803225 
6.903225 
6.964515 
7.04516 
7.103225 
7.148386 
7.206451 
7.238709 
7.277419 
7.551612 
7.84516 
8.119354 
8.303225 
8.412902 
8.467741 
8.438709 
8.335483 
8.158063 
7.890322 
7.619354 
7.32258 
7.048386 
6.796773 
6.629032 
6.732257 
6.84516 
6.903225 
6.98387 
7.041934 
7.090322 
7.148386 
7.196774 
7.248386 
7.28387 
7.290322 
7.338709 
7.34516 
7.38387 
7.374193 
7.409677 
7.44516 
7.432257 
7.464515 
7.487096 
7.474193 
7.512902 
7.803225 
8.074193 
8.212903 
8.148386 
7.899999 
7.567741 
7.251612 
7.209677 
7.248386 
7.290322 
7.309677 
7.332257 
7.377418 
7.377418 
6.919354 
7.032257 
10.30645 
12.96774 
9.448386 
6.141935 
6.032257 
6.596773 
6.709677 
6.793548 
6.899999 
6.974193 
7.032257 
7.087096 
7.141935 
7.196774 
7.229032 
7.258064 
7.380644 
7.68387 
7.954838 
8.212903 
8.387096 
8.474192 
8.493547 
8.399999 
8.258064 
8.012902 
7.741935 
7.42258 
7.158064 
6.906451 
6.66129 
6.690322 
6.787096 
6.867741 
6.94516 
