 
7.174193 
7.196774 
7.232257 
7.299999 
7.570967 
7.829031 
8.119354 
8.312902 
8.432257 
8.470967 
8.422579 
8.290322 
8.077418 
7.829031 
7.525805 
7.264515 
6.958064 
6.729032 
6.645161 
6.745161 
6.825806 
6.909677 
6.993547 
7.048386 
7.109676 
7.16129 
7.206451 
7.219354 
7.280644 
7.303225 
7.335483 
7.364515 
7.377418 
7.374193 
7.416128 
7.42258 
7.435483 
7.461289 
7.467741 
7.474193 
7.599999 
7.899999 
8.138709 
8.196773 
8.087096 
7.790322 
7.454838 
7.187096 
7.209677 
7.235483 
7.299999 
7.32258 
7.354838 
7.358064 
7.351612 
6.670967 
7.796773 
11.51935 
12.20967 
8.080644 
5.906451 
6.158064 
6.638709 
6.735483 
6.84516 
6.909677 
6.996773 
7.04516 
7.12258 
7.154838 
7.199999 
7.238709 
7.267741 
7.42258 
7.712903 
7.98387 
8.229031 
8.403224 
8.480644 
8.438709 
8.396773 
8.219354 
7.980644 
7.719354 
7.432257 
7.109676 
6.864515 
6.641935 
6.687096 
6.799999 
6.88387 
6.958064 
7.025805 
7.087096 
7.129032 
7.180644 
7.225806 
7.264515 
7.280644 
7.316128 
7.351612 
7.351612 
7.403225 
7.403225 
7.42258 
7.448386 
7.448386 
7.464515 
7.470967 
7.477418 
7.716128 
8.00645 
8.196773 
8.16129 
7.967741 
7.635483 
7.319354 
7.241935 
7.290322 
7.299999 
7.341935 
7.34516 
7.38387 
6.938709 
7.025805 
10.22257 
12.99354 
9.538708 
6.154838 
6.003225 
6.577418 
6.716128 
6.803225 
6.887096 
6.954838 
7.032257 
7.087096 
7.154838 
7.190322 
7.216128 
7.280644 
7.393548 
7.696774 
7.961289 
8.206451 
8.38387 
8.477418 
8.48387 
8.403224 
8.245161 
8.019353 
7.738709 
7.44516 
7.16129 
6.887096 
6.674193 
6.690322 
6.787096 
6.874193 
6.935483 
7.019354 
7.070967 
7.135483 
7.177419 
7.216128 
7.251612 
7.290322 
7.316128 
7.341935 
7.364515 
7.399999 
7.409677 
7.432257 
7.44516 
7.461289 
7.44516 
7.48387 
7.480644 
7.680644 
7.98387 
8.187096 
8.196773 
8.019353 
7.696774 
7.38387 
7.193548 
7.212903 
7.274193 
7.303225 
7.325806 
7.364515 
7.377418 
7.258064 
6.596773 
8.767741 
12.53548 
11.16128 
6.912902 
5.838709 
6.487096 
6.654838 
6.751612 
6.858064 
6.938709 
7.003225 
7.051612 
7.125806 
7.154838 
7.219354 
7.238709 
7.296773 
7.574193 
7.854838 
8.116127 
8.325805 
8.454837 
8.496773 
8.464515 
8.32258 
8.119354 
7.870967 
7.551612 
7.274193 
7.003225 
6.764515 
6.66129 
6.748386 
6.829031 
6.925806 
6.999999 
7.064515 
7.109676 
7.158064 
7.209677 
7.270967 
7.290322 
7.319354 
7.335483 
7.364515 
7.390322 
7.396773 
7.42258 
7.441935 
7.451612 
7.454838 
7.474193 
7.477418 
7.577418 
7.887096 
8.125805 
8.222579 
8.093547 
7.82258 
7.48387 
7.206451 
7.219354 
7.258064 
7.267741 
7.316128 
7.370967 
7.380644 
7.354838 
6.732257 
7.648386 
11.29677 
12.45806 
8.34516 
5.954838 
6.216128 
6.625806 
6.741935 
6.819354 
6.916128 
6.98387 
7.058063 
7.109676 
7.167741 
7.18387 
7.225806 
7.270967 
7.364515 
7.651612 
7.941935 
8.18387 
8.387096 
8.48387 
8.487095 
8.429031 
8.277419 
8.064515 
7.78387 
7.474193 
7.190322 
6.916128 
6.712903 
6.677419 
6.777419 
6.864515 
6.938709 
6.993547 
7.070967 
7.119354 
7.180644 
7.216128 
7.241935 
7.280644 
7.332257 
7.341935 
7.377418 
7.390322 
7.412902 
7.399999 
7.451612 
7.461289 
7.470967 
7.48387 
7.499999 
7.670967 
7.958064 
8.151612 
8.219354 
8.038708 
7.738709 
7.399999 
7.193548 
7.22258 
7.264515 
7.290322 
7.319354 
7.351612 
7.374193 
7.280644 
6.590322 
8.464515 
12.30322 
11.48709 
7.203225 
5.864515 
6.44516 
6.674193 
6.777419 
6.848386 
6.929031 
6.999999 
7.061289 
7.129032 
7.167741 
7.212903 
7.258064 
7.296773 
7.538709 
7.829031 
8.109676 
8.312902 
8.451612 
8.499999 
8.480644 
8.329031 
8.141935 
7.880644 
7.570967 
7.299999 
7.006451 
6.758064 
6.645161 
6.72258 
6.832257 
7.025805 
7.058063 
7.116128 
7.180644 
7.212903 
7.264515 
7.303225 
7.312902 
7.348386 
7.377418 
7.390322 
7.399999 
7.425806 
7.435483 
7.461289 
7.470967 
7.470967 
7.474193 
7.632257 
7.92258 
8.158063 
8.196773 
8.074193 
7.767741 
7.42258 
7.187096 
7.232257 
7.258064 
7.280644 
7.32258 
7.351612 
7.358064 
7.329031 
6.651612 
8.090321 
11.87096 
11.94193 
7.677419 
5.899999 
6.34516 
6.651612 
6.754838 
6.841935 
6.935483 
6.990322 
7.061289 
7.119354 
7.151612 
7.209677 
7.238709 
7.28387 
7.454838 
7.758064 
8.009676 
8.245161 
8.403224 
8.487095 
8.467741 
8.393548 
8.203225 
7.980644 
7.66129 
7.406451 
7.080644 
6.816128 
6.654838 
6.703225 
6.793548 
6.893548 
6.954838 
7.016128 
7.087096 
7.154838 
7.187096 
7.251612 
7.254838 
7.309677 
7.325806 
7.361289 
7.351612 
7.396773 
7.396773 
7.435483 
7.461289 
7.464515 
7.480644 
7.477418 
7.490322 
7.770967 
8.019353 
8.190321 
8.154838 
7.938709 
7.616128 
7.296773 
7.193548 
7.235483 
7.258064 
7.296773 
7.341935 
7.364515 
7.377418 
7.058063 
6.793548 
9.712903 
12.98709 
10.10322 
6.329031 
5.932257 
6.577418 
6.716128 
6.806451 
6.870967 
6.94516 
7.032257 
7.074193 
7.148386 
7.18387 
7.229032 
7.254838 
7.329031 
7.645161 
7.912902 
8.174193 
8.354838 
8.451612 
8.490322 
8.429031 
8.270967 
8.035483 
7.787096 
7.48387 
7.196774 
6.938709 
6.719354 
6.687096 
6.793548 
6.867741 
6.929031 
7.003225 
7.070967 
7.135483 
7.180644 
7.219354 
7.251612 
7.274193 
7.312902 
7.348386 
7.374193 
7.399999 
7.409677 
7.416128 
7.435483 
7.451612 
7.470967 
7.461289 
7.490322 
7.667741 
7.951612 
8.16129 
8.212903 
8.064515 
7.735483 
7.416128 
7.190322 
7.229032 
7.277419 
7.303225 
7.325806 
7.338709 
7.387096 
7.293548 
6.632257 
8.338708 
12.17096 
11.68064 
7.377418 
5.877418 
6.429031 
6.664515 
6.754838 
6.864515 
6.903225 
6.990322 
7.070967 
7.125806 
7.174193 
7.219354 
7.267741 
7.287096 
7.509676 
7.812902 
8.099999 
8.277419 
8.448386 
8.490322 
8.464515 
8.338708 
8.158063 
7.896773 
7.616128 
7.296773 
7.02258 
6.78387 
6.641935 
6.735483 
6.82258 
6.919354 
6.977418 
7.051612 
7.109676 
7.148386 
7.18387 
7.232257 
7.277419 
7.299999 
7.312902 
7.351612 
7.374193 
7.403225 
7.432257 
7.448386 
7.438709 
7.458064 
7.474193 
7.477418 
7.490322 
7.732257 
8.025805 
8.177418 
8.177418 
7.977418 
7.66129 
7.319354 
7.190322 
7.235483 
7.277419 
7.287096 
7.325806 
7.361289 
7.377418 
7.112902 
6.68387 
9.303225 
12.85483 
10.54193 
6.538709 
5.925806 
6.551612 
6.699999 
6.893548 
6.961289 
7.02258 
7.090322 
7.141935 
7.190322 
7.229032 
7.270967 
7.387096 
7.687096 
7.929031 
8.216128 
8.377418 
8.474192 
8.464515 
8.403224 
8.238709 
7.993547 
7.741935 
7.448386 
7.138709 
6.88387 
6.68387 
6.687096 
6.787096 
6.864515 
6.948386 
7.019354 
7.080644 
7.129032 
7.190322 
7.209677 
7.26129 
7.293548 
7.32258 
7.341935 
7.370967 
7.399999 
7.399999 
7.412902 
7.451612 
7.461289 
7.464515 
7.474193 
7.474193 
7.68387 
7.980644 
8.16129 
8.180644 
8.012902 
7.696774 
7.354838 
7.212903 
7.232257 
7.277419 
7.296773 
7.325806 
7.361289 
7.380644 
7.235483 
6.599999 
8.867741 
12.61935 
11.05161 
6.841935 
5.88387 
6.512902 
6.670967 
6.764515 
6.858064 
6.94516 
7.006451 
7.074193 
7.135483 
7.187096 
7.209677 
7.264515 
7.287096 
7.58387 
7.854838 
8.122579 
8.319354 
8.438709 
8.499999 
8.458064 
8.329031 
8.109676 
7.864515 
7.570967 
7.274193 
6.987096 
6.751612 
6.648386 
6.751612 
6.838709 
6.916128 
6.977418 
7.058063 
7.103225 
7.16129 
7.212903 
7.248386 
7.293548 
7.319354 
7.361289 
7.364515 
7.380644 
7.406451 
7.416128 
7.44516 
7.458064 
7.464515 
7.480644 
7.496773 
7.54516 
7.890322 
8.122579 
8.216128 
8.112902 
7.812902 
7.496773 
7.203225 
7.229032 
7.290322 
7.306451 
7.34516 
7.358064 
7.377418 
7.354838 
6.72258 
7.629032 
11.26128 
12.46451 
8.361289 
5.951612 
6.216128 
6.629032 
6.741935 
6.82258 
6.909677 
6.980644 
7.064515 
7.12258 
7.154838 
7.212903 
7.238709 
7.28387 
7.451612 
7.754838 
8.048386 
8.251612 
8.425806 
8.493547 
8.474192 
8.380644 
8.18387 
7.98387 
7.68387 
7.377418 
7.093547 
6.841935 
6.648386 
6.709677 
6.812902 
6.896773 
6.961289 
7.035483 
7.090322 
7.180644 
7.193548 
7.22258 
7.274193 
7.28387 
7.332257 
7.358064 
7.387096 
7.38387 
7.412902 
7.425806 
7.451612 
7.454838 
7.509676 
7.487096 
7.490322 
7.754838 
8.058063 
8.199999 
8.170967 
7.958064 
7.635483 
7.287096 
7.212903 
7.258064 
7.267741 
7.309677 
7.32258 
7.325806 
7.358064 
7.206451 
6.606451 
8.941934 
12.67741 
10.91935 
6.741935 
5.877418 
6.506451 
6.670967 
6.767741 
6.867741 
6.935483 
7.029031 
7.051612 
7.129032 
7.164515 
7.216128 
7.248386 
7.306451 
7.580644 
7.861289 
8.132257 
8.319354 
8.464515 
8.50645 
8.425806 
8.312902 
8.099999 
7.838709 
7.551612 
7.26129 
6.980644 
6.758064 
6.648386 
6.748386 
6.851612 
6.916128 
6.980644 
7.054838 
7.116128 
7.174193 
7.216128 
7.267741 
7.28387 
7.303225 
7.354838 
7.364515 
7.393548 
7.406451 
7.441935 
7.435483 
7.477418 
7.503225 
7.493547 
7.496773 
7.509676 
7.399999 
7.196774 
6.858064 
6.077418 
4.867741 
3.958064 
3.393548 
4.625806 
6.058063 
7.677419 
8.64516 
9.148386 
9.499999 
9.538708 
9.525805 
9.303225 
9.229031 
9.141934 
9.083869 
9.012902 
9.00645 
8.938709 
8.974192 
9.090321 
8.94516 
8.919354 
8.764515 
8.541934 
8.199999 
7.858064 
7.493547 
7.206451 
7.009676 
6.835483 
6.758064 
6.625806 
6.558063 
6.670967 
6.770967 
6.84516 
6.906451 
6.987096 
7.048386 
7.099999 
7.148386 
7.190322 
7.229032 
7.251612 
7.290322 
7.325806 
7.34516 
7.374193 
7.38387 
7.406451 
7.416128 
7.441935 
7.454838 
7.458064 
7.461289 
7.470967 
7.470967 
7.464515 
7.499999 
7.493547 
7.503225 
7.503225 
7.499999 
7.564515 
7.851612 
8.106451 
8.209676 
8.119354 
7.864515 
7.516128 
7.219354 
7.206451 
7.235483 
7.270967 
7.290322 
7.338709 
7.358064 
7.367741 
6.780644 
7.370967 
10.8387 
12.71935 
8.841935 
5.996773 
6.112903 
6.609677 
6.732257 
6.816128 
6.893548 
6.961289 
7.029031 
7.074193 
7.129032 
7.180644 
7.209677 
7.258064 
7.380644 
7.703225 
7.990322 
8.216128 
8.380644 
8.464515 
8.458064 
8.377418 
8.219354 
7.996773 
7.699999 
7.403225 
7.170967 
6.890322 
6.693548 
6.68387 
6.777419 
6.858064 
6.932257 
6.996773 
7.054838 
7.125806 
7.180644 
7.22258 
7.267741 
7.303225 
7.335483 
7.335483 
7.367741 
7.370967 
7.403225 
7.387096 
7.42258 
7.416128 
7.448386 
7.461289 
7.470967 
7.62258 
7.919354 
8.14516 
8.18387 
8.048386 
7.767741 
7.435483 
7.180644 
7.22258 
7.258064 
7.287096 
7.309677 
7.325806 
7.34516 
7.341935 
6.68387 
7.938709 
11.69354 
12.10967 
7.890322 
5.890322 
6.316128 
6.641935 
6.741935 
6.84516 
6.896773 
6.974193 
7.064515 
7.103225 
7.132257 
7.206451 
7.238709 
7.254838 
7.470967 
7.764515 
8.061289 
8.264515 
8.399999 
8.496773 
8.448386 
8.34516 
8.167741 
7.925806 
7.62258 
7.335483 
7.061289 
6.812902 
6.632257 
6.719354 
6.816128 
6.880644 
6.987096 
7.035483 
7.099999 
7.145161 
7.193548 
7.22258 
7.267741 
7.290322 
7.332257 
7.348386 
7.370967 
7.396773 
7.403225 
7.438709 
7.435483 
7.461289 
7.477418 
7.480644 
7.509676 
7.790322 
8.058063 
8.199999 
8.135483 
7.899999 
7.564515 
7.264515 
7.18387 
7.258064 
7.274193 
7.306451 
7.348386 
7.351612 
7.38387 
6.935483 
6.980644 
10.17741 
12.98709 
9.580644 
6.167741 
6.016128 
6.603225 
6.680644 
6.793548 
6.890322 
6.980644 
7.012902 
7.074193 
7.125806 
7.193548 
7.232257 
7.270967 
7.370967 
7.680644 
7.94516 
8.203225 
8.374193 
8.461289 
8.480644 
8.212903 
7.974193 
7.674193 
7.396773 
7.090322 
6.835483 
6.658064 
6.709677 
6.790322 
6.893548 
6.958064 
7.04516 
7.103225 
7.132257 
7.193548 
7.229032 
7.270967 
7.299999 
7.335483 
7.377418 
7.374193 
7.409677 
7.42258 
7.435483 
7.44516 
7.461289 
7.470967 
7.480644 
7.490322 
7.748386 
8.00645 
8.187096 
8.167741 
7.948386 
7.62258 
7.312902 
7.216128 
7.251612 
7.264515 
7.319354 
7.341935 
7.367741 
7.377418 
7.309677 
6.629032 
8.28387 
12.08064 
11.76128 
7.470967 
5.877418 
6.393548 
6.66129 
6.767741 
6.829031 
6.929031 
7.003225 
7.067741 
7.138709 
7.187096 
7.225806 
7.26129 
7.277419 
7.496773 
7.851612 
8.087096 
8.290322 
8.441934 
8.490322 
8.454837 
8.34516 
8.164515 
7.899999 
7.606451 
7.303225 
7.032257 
6.787096 
6.625806 
6.732257 
6.816128 
6.890322 
6.958064 
7.051612 
7.099999 
7.158064 
7.209677 
7.238709 
7.280644 
7.312902 
7.341935 
7.370967 
7.390322 
7.403225 
7.435483 
7.42258 
7.451612 
7.467741 
7.477418 
7.454838 
7.493547 
7.78387 
8.048386 
8.219354 
8.16129 
7.938709 
7.593547 
7.280644 
7.199999 
7.235483 
7.267741 
7.299999 
7.329031 
7.348386 
7.390322 
7.025805 
6.82258 
9.738709 
12.98709 
10.05806 
6.306451 
5.941935 
6.577418 
6.699999 
6.799999 
6.893548 
6.974193 
7.019354 
7.087096 
7.138709 
7.174193 
7.209677 
7.245161 
7.361289 
7.651612 
7.92258 
8.177418 
8.374193 
8.470967 
8.493547 
8.425806 
8.261289 
8.048386 
7.764515 
7.493547 
7.187096 
6.909677 
6.72258 
6.696774 
6.799999 
6.870967 
6.94516 
7.019354 
7.070967 
7.145161 
7.180644 
7.316128 
7.264515 
7.277419 
7.332257 
7.370967 
7.390322 
7.406451 
7.42258 
7.425806 
7.454838 
7.474193 
7.48387 
7.470967 
7.487096 
7.648386 
7.941935 
8.151612 
8.196773 
8.041934 
7.741935 
7.416128 
7.209677 
7.238709 
7.274193 
7.287096 
7.338709 
7.348386 
7.387096 
7.293548 
6.612903 
8.329031 
12.17096 
11.67741 
7.380644 
5.890322 
6.412902 
6.619354 
6.738709 
6.848386 
6.94516 
6.987096 
7.061289 
7.129032 
7.158064 
7.209677 
7.26129 
7.293548 
7.548386 
7.851612 
8.067741 
8.277419 
8.441934 
8.496773 
8.454837 
8.348386 
8.141935 
7.887096 
7.603225 
7.316128 
7.025805 
6.790322 
6.616128 
6.725806 
6.812902 
6.912902 
6.98387 
7.090322 
7.12258 
7.167741 
7.206451 
7.238709 
7.296773 
7.316128 
7.32258 
7.351612 
7.387096 
7.390322 
7.425806 
7.42258 
7.451612 
7.448386 
7.477418 
7.477418 
7.538709 
7.838709 
8.106451 
8.212903 
8.122579 
7.867741 
7.52258 
7.235483 
7.212903 
7.254838 
7.274193 
7.319354 
7.364515 
7.358064 
6.68387 
7.903225 
11.65806 
12.14838 
7.94516 
5.919354 
6.309677 
6.658064 
6.767741 
6.861289 
6.929031 
6.987096 
7.032257 
7.12258 
7.141935 
7.248386 
7.251612 
7.267741 
7.44516 
7.774193 
8.048386 
8.274192 
8.425806 
8.493547 
8.451612 
8.361289 
8.203225 
7.954838 
7.66129 
7.364515 
7.090322 
6.825806 
6.651612 
6.725806 
6.816128 
6.903225 
6.98387 
7.032257 
7.087096 
7.129032 
7.167741 
7.212903 
7.245161 
7.341935 
7.329031 
7.341935 
7.390322 
7.409677 
7.419354 
7.451612 
7.438709 
7.470967 
7.48387 
7.487096 
7.516128 
7.790322 
8.054838 
8.212903 
8.16129 
7.925806 
7.577418 
7.267741 
7.212903 
7.270967 
7.290322 
7.319354 
7.34516 
7.361289 
7.387096 
6.961289 
6.961289 
10.10322 
13.00322 
9.651612 
6.177419 
5.996773 
6.599999 
6.709677 
6.812902 
6.88387 
6.970967 
7.04516 
7.093547 
7.141935 
7.206451 
7.251612 
7.26129 
7.377418 
7.658064 
7.941935 
8.193548 
8.364515 
8.470967 
8.480644 
8.412902 
8.264515 
8.035483 
7.76129 
7.48387 
7.174193 
6.906451 
6.706451 
6.68387 
6.787096 
6.887096 
6.941935 
7.02258 
7.077418 
7.125806 
7.180644 
7.225806 
7.274193 
7.287096 
7.319354 
7.34516 
7.387096 
7.406451 
7.416128 
7.412902 
7.448386 
7.474193 
7.461289 
7.470967 
7.490322 
7.68387 
7.977418 
8.167741 
8.190321 
8.038708 
7.729032 
7.390322 
7.190322 
7.232257 
7.26129 
7.296773 
7.332257 
7.358064 
7.377418 
7.277419 
6.612903 
8.551611 
12.37419 
11.4258 
7.170967 
5.861289 
6.451612 
6.664515 
6.770967 
6.870967 
6.932257 
7.003225 
7.077418 
7.135483 
7.177419 
7.209677 
7.245161 
7.274193 
7.561289 
7.838709 
8.087096 
8.309677 
8.435482 
8.493547 
8.458064 
8.319354 
8.14516 
7.880644 
7.596773 
7.299999 
7.012902 
6.790322 
6.641935 
6.719354 
6.829031 
6.919354 
6.980644 
7.04516 
7.135483 
7.180644 
7.219354 
7.264515 
7.296773 
7.306451 
7.332257 
7.364515 
7.38387 
7.393548 
7.425806 
7.435483 
7.467741 
7.48387 
7.499999 
7.490322 
7.541934 
7.84516 
8.122579 
8.219354 
8.116127 
7.864515 
7.52258 
7.216128 
7.22258 
7.258064 
7.296773 
7.329031 
7.329031 
7.387096 
7.387096 
6.82258 
7.329031 
10.74193 
12.80967 
8.977418 
6.058063 
6.119354 
6.638709 
6.796773 
6.841935 
6.919354 
6.98387 
7.035483 
7.103225 
7.145161 
7.196774 
7.225806 
7.258064 
7.393548 
7.712903 
8.00645 
8.225806 
8.399999 
8.487095 
8.467741 
8.387096 
8.225806 
7.987096 
7.706451 
7.416128 
7.116128 
6.874193 
6.664515 
6.696774 
6.825806 
6.887096 
6.948386 
7.029031 
7.087096 
7.138709 
7.187096 
7.290322 
7.309677 
7.351612 
7.380644 
7.377418 
7.396773 
7.412902 
7.419354 
7.441935 
7.44516 
7.464515 
7.474193 
7.506451 
7.806451 
8.064515 
8.225806 
8.14516 
7.899999 
7.551612 
7.267741 
7.199999 
7.251612 
7.277419 
7.338709 
7.34516 
7.361289 
7.403225 
6.941935 
7.032257 
10.18064 
12.99999 
9.561289 
6.16129 
6.003225 
6.62258 
6.725806 
6.809677 
6.906451 
6.970967 
7.061289 
7.093547 
7.158064 
7.190322 
7.225806 
7.26129 
7.34516 
7.651612 
7.954838 
8.212903 
8.370966 
8.458064 
8.503225 
8.416128 
8.264515 
8.038708 
7.738709 
7.461289 
7.151612 
6.896773 
6.693548 
6.677419 
6.806451 
6.870967 
6.961289 
7.02258 
7.08387 
7.138709 
7.167741 
7.216128 
7.248386 
7.277419 
7.303225 
7.338709 
7.354838 
7.399999 
7.390322 
7.438709 
7.432257 
7.448386 
7.477418 
7.470967 
7.490322 
7.62258 
7.92258 
8.138709 
8.190321 
8.074193 
7.770967 
7.44516 
7.187096 
7.225806 
7.258064 
7.303225 
7.335483 
7.354838 
7.374193 
7.299999 
6.680644 
7.996773 
11.79032 
12.08386 
7.84516 
5.912902 
6.290322 
6.651612 
6.745161 
6.825806 
6.906451 
6.987096 
7.054838 
7.109676 
7.170967 
7.177419 
7.235483 
7.26129 
7.477418 
7.777419 
8.058063 
8.270967 
8.429031 
8.509676 
8.48387 
8.354838 
8.180644 
7.929031 
7.625806 
7.34516 
7.070967 
6.816128 
6.629032 
6.719354 
6.82258 
6.874193 
6.977418 
7.035483 
7.109676 
7.16129 
7.212903 
7.241935 
7.280644 
7.299999 
7.329031 
7.361289 
7.387096 
7.399999 
7.419354 
7.42258 
7.44516 
7.464515 
7.487096 
7.503225 
7.496773 
7.790322 
8.064515 
8.203225 
8.132257 
7.909677 
7.58387 
7.293548 
7.22258 
7.270967 
7.290322 
7.325806 
7.358064 
7.387096 
7.380644 
6.958064 
6.961289 
10.1129 
13.0129 
9.725806 
6.180644 
5.999999 
6.580644 
6.699999 
6.806451 
6.88387 
6.970967 
7.025805 
7.067741 
7.129032 
7.190322 
7.229032 
7.264515 
7.367741 
7.648386 
7.929031 
8.187096 
8.364515 
8.477418 
8.499999 
8.412902 
8.258064 
8.04516 
7.754838 
7.461289 
7.16129 
6.919354 
6.703225 
6.696774 
6.787096 
6.877418 
6.970967 
7.032257 
7.061289 
7.112902 
7.190322 
7.22258 
7.277419 
7.303225 
7.341935 
7.377418 
7.38387 
7.406451 
7.399999 
7.412902 
7.448386 
7.458064 
7.477418 
7.474193 
7.490322 
7.487096 
7.499999 
7.412902 
7.212903 
6.864515 
6.070967 
4.861289 
3.999999 
3.416128 
4.641935 
6.080644 
7.712903 
8.638709 
9.170967 
9.532257 
9.541934 
9.529031 
9.319354 
9.241934 
9.119354 
9.080644 
9.009676 
8.993547 
8.841935 
8.887096 
8.906451 
8.970967 
8.893548 
8.819354 
8.274192 
7.896773 
7.554838 
7.26129 
7.038709 
6.864515 
6.758064 
6.625806 
6.596773 
6.619354 
6.741935 
6.806451 
6.887096 
6.970967 
7.019354 
7.080644 
7.12258 
7.196774 
7.232257 
7.248386 
7.296773 
7.316128 
7.325806 
7.361289 
7.377418 
7.399999 
7.393548 
7.399999 
7.454838 
7.44516 
7.470967 
7.493547 
7.487096 
7.506451 
7.493547 
7.493547 
7.487096 
7.503225 
7.490322 
7.509676 
7.732257 
8.009676 
8.203225 
8.206451 
8.009676 
7.699999 
7.364515 
7.219354 
7.251612 
7.254838 
7.274193 
7.319354 
7.341935 
7.377418 
7.190322 
6.612903 
9.016128 
12.70322 
10.84516 
6.667741 
5.851612 
6.490322 
6.664515 
6.751612 
6.848386 
6.92258 
6.993547 
7.061289 
7.129032 
7.158064 
7.216128 
7.245161 
7.290322 
7.574193 
7.864515 
8.116127 
8.296773 
8.458064 
8.48387 
8.438709 
8.299999 
8.087096 
7.819354 
7.52258 
7.229032 
6.964515 
6.732257 
6.632257 
6.735483 
6.825806 
6.916128 
6.974193 
7.058063 
7.116128 
7.158064 
7.209677 
7.245161 
7.267741 
7.296773 
7.348386 
7.351612 
7.380644 
7.393548 
7.419354 
7.464515 
7.448386 
7.477418 
7.474193 
7.493547 
7.599999 
7.890322 
8.119354 
8.199999 
8.099999 
7.787096 
7.448386 
7.180644 
7.22258 
7.258064 
7.287096 
7.32258 
7.329031 
7.361289 
7.332257 
6.687096 
7.774193 
11.46774 
12.28709 
8.129031 
5.912902 
6.254838 
6.645161 
6.748386 
6.832257 
6.932257 
6.987096 
7.048386 
7.096773 
7.167741 
7.212903 
7.26129 
7.280644 
7.448386 
7.748386 
8.02258 
8.245161 
8.403224 
8.477418 
8.461289 
8.364515 
8.187096 
7.935483 
7.664515 
7.387096 
7.096773 
6.829031 
6.641935 
6.741935 
6.803225 
6.903225 
6.958064 
7.025805 
7.099999 
7.148386 
7.196774 
7.216128 
7.274193 
7.299999 
7.34516 
7.374193 
7.367741 
7.380644 
7.399999 
7.432257 
7.438709 
7.432257 
7.467741 
7.470967 
7.44516 
7.509676 
7.803225 
8.067741 
8.199999 
8.154838 
7.929031 
7.574193 
7.248386 
7.212903 
7.235483 
7.296773 
7.312902 
7.338709 
7.370967 
7.374193 
6.925806 
7.032257 
10.23548 
12.95806 
9.532257 
6.167741 
5.98387 
6.596773 
6.690322 
6.812902 
6.874193 
6.974193 
7.02258 
7.096773 
7.154838 
7.193548 
7.232257 
7.274193 
7.374193 
7.677419 
7.961289 
8.18387 
8.361289 
8.470967 
8.470967 
8.412902 
8.245161 
8.029031 
7.767741 
7.458064 
7.164515 
6.893548 
6.690322 
6.680644 
6.78387 
6.88387 
6.948386 
7.02258 
7.070967 
7.12258 
7.158064 
7.209677 
7.245161 
7.28387 
7.309677 
7.34516 
7.358064 
7.396773 
7.403225 
7.425806 
7.432257 
7.451612 
7.44516 
7.474193 
7.480644 
7.670967 
8.206451 
8.18387 
7.967741 
7.664515 
7.319354 
7.164515 
7.238709 
7.287096 
7.32258 
7.341935 
7.351612 
7.380644 
7.132257 
6.680644 
9.367741 
12.89354 
10.48387 
6.499999 
5.903225 
6.548386 
6.680644 
6.796773 
6.88387 
6.941935 
7.025805 
7.067741 
7.138709 
7.18387 
7.225806 
7.267741 
7.303225 
7.619354 
7.896773 
8.14516 
8.319354 
8.467741 
8.490322 
8.435482 
8.287096 
8.090321 
7.832257 
7.496773 
7.245161 
6.967741 
6.735483 
6.654838 
6.751612 
6.84516 
6.948386 
6.996773 
7.070967 
7.132257 
7.174193 
7.212903 
7.254838 
7.280644 
7.316128 
7.358064 
7.377418 
7.396773 
7.396773 
7.42258 
7.435483 
7.464515 
7.464515 
7.480644 
7.487096 
7.612902 
7.899999 
8.138709 
8.203225 
8.093547 
7.777419 
7.464515 
7.174193 
7.216128 
7.293548 
7.306451 
7.32258 
7.370967 
7.38387 
7.32258 
6.68387 
7.851612 
11.59032 
12.18709 
7.990322 
5.887096 
6.296773 
6.641935 
6.738709 
6.832257 
6.935483 
6.98387 
7.02258 
7.106451 
7.187096 
7.209677 
7.264515 
7.28387 
7.477418 
7.787096 
8.051611 
8.270967 
8.416128 
8.464515 
8.454837 
8.351612 
8.167741 
7.948386 
7.648386 
7.348386 
7.096773 
6.838709 
6.667741 
6.725806 
6.819354 
6.893548 
6.951612 
7.02258 
7.08387 
7.141935 
7.180644 
7.245161 
7.28387 
7.293548 
7.325806 
7.316128 
7.380644 
7.390322 
7.393548 
7.406451 
7.432257 
7.448386 
7.464515 
7.461289 
7.490322 
7.790322 
8.054838 
8.199999 
8.154838 
7.941935 
7.58387 
7.303225 
7.212903 
7.277419 
7.274193 
7.332257 
7.364515 
7.374193 
7.387096 
6.990322 
6.92258 
9.977418 
13.01935 
9.812902 
6.235483 
5.98387 
6.609677 
6.709677 
6.803225 
6.880644 
6.94516 
7.035483 
7.093547 
7.135483 
7.193548 
7.225806 
7.254838 
7.358064 
7.658064 
7.929031 
8.196773 
8.370966 
8.474192 
8.490322 
8.406451 
8.254837 
8.048386 
7.787096 
7.499999 
7.167741 
6.916128 
6.699999 
6.699999 
6.767741 
6.864515 
6.92258 
7.009676 
7.074193 
7.129032 
7.18387 
7.219354 
7.264515 
7.296773 
7.32258 
7.358064 
7.38387 
7.409677 
7.432257 
7.432257 
7.458064 
7.464515 
7.48387 
7.477418 
7.48387 
7.609676 
7.887096 
8.151612 
8.203225 
8.106451 
7.78387 
7.464515 
7.190322 
7.238709 
7.277419 
7.303225 
7.309677 
7.335483 
7.354838 
7.325806 
6.680644 
7.816128 
11.5387 
12.27741 
8.138709 
5.941935 
6.287096 
6.638709 
6.741935 
6.832257 
6.903225 
6.987096 
7.04516 
7.112902 
7.154838 
7.193548 
7.229032 
7.274193 
7.467741 
7.764515 
8.02258 
8.261289 
8.419354 
8.487095 
8.474192 
8.364515 
8.187096 
7.948386 
7.651612 
7.009676 
6.754838 
6.632257 
6.738709 
6.841935 
6.935483 
6.980644 
7.051612 
7.112902 
7.16129 
7.216128 
7.241935 
7.309677 
7.296773 
7.341935 
7.358064 
7.380644 
7.403225 
7.406451 
7.451612 
7.438709 
7.464515 
7.474193 
7.48387 
7.548386 
7.848386 
8.106451 
8.203225 
8.122579 
7.851612 
7.516128 
7.238709 
7.241935 
7.280644 
7.309677 
7.325806 
7.341935 
7.370967 
7.370967 
6.793548 
7.393548 
10.86774 
12.72257 
8.816128 
5.999999 
6.151612 
6.599999 
6.716128 
6.812902 
6.88387 
6.974193 
7.035483 
7.096773 
7.154838 
7.206451 
7.232257 
7.28387 
7.42258 
7.725806 
7.980644 
8.222579 
8.399999 
8.477418 
8.470967 
8.396773 
8.216128 
7.929031 
7.72258 
7.432257 
7.12258 
6.877418 
6.677419 
6.693548 
6.780644 
6.870967 
6.954838 
7.012902 
7.093547 
7.129032 
7.232257 
7.22258 
7.258064 
7.303225 
7.335483 
7.34516 
7.380644 
7.406451 
7.393548 
7.432257 
7.44516 
7.461289 
7.474193 
7.490322 
7.496773 
7.72258 
7.993547 
8.196773 
8.174193 
7.974193 
7.658064 
7.335483 
7.209677 
7.241935 
7.270967 
7.299999 
7.32258 
7.354838 
7.387096 
7.177419 
6.667741 
9.14516 
12.75483 
10.78387 
6.651612 
5.867741 
6.535483 
6.680644 
6.793548 
6.877418 
6.954838 
7.025805 
7.070967 
7.132257 
7.180644 
7.212903 
7.270967 
7.316128 
7.590322 
7.887096 
8.119354 
8.354838 
8.454837 
8.490322 
8.454837 
8.309677 
8.083869 
7.841935 
7.535483 
7.258064 
6.977418 
6.738709 
6.648386 
6.758064 
6.861289 
6.941935 
6.967741 
7.061289 
7.106451 
7.174193 
7.196774 
7.241935 
7.287096 
7.319354 
7.34516 
7.374193 
7.396773 
7.416128 
7.42258 
7.44516 
7.464515 
7.464515 
7.470967 
7.477418 
7.574193 
7.896773 
8.132257 
8.203225 
8.090321 
7.799999 
7.470967 
7.196774 
7.225806 
7.264515 
7.287096 
7.32258 
7.348386 
7.367741 
7.361289 
6.716128 
7.687096 
11.36128 
12.39677 
8.296773 
5.938709 
6.229032 
6.638709 
6.732257 
6.832257 
6.912902 
6.974193 
7.04516 
7.099999 
7.158064 
7.199999 
7.232257 
7.264515 
7.454838 
7.758064 
8.041934 
8.238709 
8.406451 
8.480644 
8.467741 
8.393548 
8.196773 
7.964515 
7.696774 
7.380644 
7.099999 
6.84516 
6.658064 
6.735483 
6.819354 
6.899999 
6.954838 
7.035483 
7.106451 
7.164515 
7.225806 
7.251612 
7.287096 
7.309677 
7.338709 
7.380644 
7.361289 
7.403225 
7.409677 
7.412902 
7.441935 
7.461289 
7.487096 
7.480644 
7.503225 
7.774193 
8.035483 
8.199999 
8.138709 
7.932257 
7.603225 
7.264515 
7.187096 
7.254838 
7.309677 
7.319354 
7.34516 
7.387096 
7.399999 
7.029031 
6.854838 
9.82258 
9.141934 
6.035483 
6.132257 
6.632257 
6.758064 
6.82258 
6.912902 
6.987096 
7.032257 
7.090322 
7.154838 
7.180644 
7.245161 
7.296773 
7.425806 
7.709677 
8.009676 
8.229031 
8.399999 
8.464515 
8.490322 
8.370966 
8.193548 
7.996773 
7.732257 
7.435483 
7.12258 
6.887096 
6.667741 
6.696774 
6.790322 
6.890322 
6.964515 
7.019354 
7.080644 
7.141935 
7.187096 
7.212903 
7.287096 
7.312902 
7.329031 
7.358064 
7.354838 
7.390322 
7.416128 
7.412902 
7.432257 
7.464515 
7.425806 
7.464515 
7.474193 
7.719354 
8.02258 
8.18387 
8.167741 
7.993547 
7.680644 
7.348386 
7.206451 
7.258064 
7.290322 
7.309677 
7.348386 
7.361289 
7.374193 
7.177419 
6.645161 
9.177418 
12.79354 
10.69032 
6.603225 
5.899999 
6.541934 
6.696774 
6.777419 
6.867741 
6.94516 
7.032257 
7.087096 
7.154838 
7.203225 
7.245161 
7.264515 
7.280644 
7.58387 
7.874193 
8.125805 
8.30645 
8.454837 
8.496773 
8.448386 
8.293547 
8.090321 
7.835483 
7.525805 
7.229032 
6.964515 
6.735483 
6.651612 
6.745161 
6.848386 
6.935483 
6.996773 
7.061289 
7.129032 
7.193548 
7.235483 
7.248386 
7.296773 
7.316128 
7.34516 
7.367741 
7.364515 
7.409677 
7.435483 
7.44516 
7.454838 
7.477418 
7.48387 
7.493547 
7.603225 
7.909677 
8.04516 
8.187096 
8.129031 
7.929031 
7.606451 
7.28387 
7.212903 
7.251612 
7.270967 
7.293548 
7.335483 
7.338709 
7.380644 
6.990322 
6.896773 
9.932257 
12.99032 
9.829031 
6.241935 
5.990322 
6.587096 
6.699999 
6.82258 
6.867741 
6.94516 
7.02258 
7.093547 
7.138709 
7.190322 
7.22258 
7.277419 
7.354838 
7.645161 
7.935483 
8.187096 
8.377418 
8.467741 
8.490322 
8.425806 
8.270967 
8.035483 
7.76129 
7.496773 
7.18387 
6.92258 
6.709677 
6.670967 
6.777419 
6.861289 
6.935483 
6.974193 
7.077418 
7.125806 
7.16129 
7.229032 
7.258064 
7.299999 
7.335483 
7.358064 
7.374193 
7.387096 
7.396773 
7.425806 
7.432257 
7.441935 
7.464515 
7.490322 
7.496773 
7.506451 
7.512902 
7.432257 
7.209677 
6.88387 
6.103225 
4.935483 
4.054838 
3.36129 
4.532257 
5.958064 
7.606451 
8.603224 
9.112902 
9.493547 
9.532257 
9.50645 
9.319354 
9.232257 
9.154838 
9.106451 
9.016128 
9.003225 
8.951612 
8.974192 
9.048386 
8.958064 
8.964515 
8.787096 
8.564515 
8.212903 
7.851612 
7.48387 
7.212903 
7.032257 
6.858064 
6.76129 
6.641935 
6.558063 
6.696774 
6.76129 
6.848386 
6.903225 
6.990322 
7.035483 
7.096773 
7.129032 
7.196774 
7.225806 
7.270967 
7.299999 
7.319354