8708 
8.241934 
8.419354 
8.474192 
8.464515 
8.361289 
8.190321 
7.974193 
7.703225 
7.416128 
7.135483 
6.858064 
6.664515 
6.693548 
6.799999 
6.877418 
6.948386 
7.032257 
7.08387 
7.129032 
7.177419 
7.225806 
7.264515 
7.309677 
7.341935 
7.351612 
7.374193 
7.412902 
7.412902 
7.432257 
7.454838 
7.470967 
7.467741 
7.493547 
7.493547 
7.735483 
8.019353 
8.206451 
8.170967 
7.961289 
7.648386 
7.325806 
7.193548 
7.241935 
7.258064 
7.290322 
7.329031 
7.358064 
7.380644 
7.132257 
6.674193 
9.309677 
12.8387 
10.59354 
6.570967 
5.903225 
6.541934 
6.687096 
6.774193 
6.887096 
6.954838 
7.029031 
7.077418 
7.145161 
7.177419 
7.219354 
7.254838 
7.32258 
7.62258 
7.88387 
8.125805 
8.319354 
8.467741 
8.512902 
8.458064 
8.30645 
8.087096 
7.819354 
7.52258 
7.270967 
6.967741 
6.735483 
6.670967 
6.754838 
6.848386 
6.92258 
7.038709 
7.064515 
7.125806 
7.167741 
7.196774 
7.248386 
7.28387 
7.303225 
7.341935 
7.367741 
7.38387 
7.406451 
7.448386 
7.448386 
7.441935 
7.461289 
7.477418 
7.48387 
7.593547 
7.903225 
8.129031 
8.219354 
8.083869 
7.803225 
7.470967 
7.206451 
7.225806 
7.267741 
7.290322 
7.306451 
7.351612 
7.374193 
7.351612 
6.693548 
7.787096 
11.48386 
12.29354 
8.138709 
5.935483 
6.274193 
6.635483 
6.732257 
6.841935 
6.909677 
6.980644 
7.04516 
7.103225 
7.158064 
7.193548 
7.251612 
7.28387 
7.448386 
7.767741 
8.041934 
8.248386 
8.419354 
8.493547 
8.519353 
8.361289 
8.209676 
7.958064 
7.66129 
7.374193 
7.080644 
6.832257 
6.654838 
6.712903 
6.816128 
6.896773 
6.977418 
7.035483 
7.099999 
7.151612 
7.187096 
7.22258 
7.270967 
7.293548 
7.325806 
7.361289 
7.390322 
7.435483 
7.42258 
7.448386 
7.44516 
7.464515 
7.458064 
7.48387 
7.525805 
7.512902 
7.464515 
7.364515 
7.103225 
6.677419 
5.712903 
3.503225 
4.067741 
5.390322 
7.141935 
8.354838 
8.951612 
9.354838 
9.561289 
9.52258 
9.412902 
9.258064 
9.16129 
9.138709 
9.029031 
9.054838 
8.932257 
8.951612 
8.996773 
8.990322 
8.958064 
8.861289 
8.654838 
8.380644 
7.970967 
7.664515 
7.306451 
7.064515 
6.88387 
6.809677 
6.670967 
6.664515 
6.619354 
6.72258 
6.799999 
6.880644 
6.974193 
7.04516 
7.090322 
7.12258 
7.18387 
7.232257 
7.254838 
7.280644 
7.293548 
7.332257 
7.361289 
7.374193 
7.393548 
7.416128 
7.435483 
7.451612 
7.467741 
7.458064 
7.467741 
7.467741 
7.499999 
7.496773 
7.503225 
7.503225 
7.509676 
7.499999 
7.525805 
7.732257 
8.029031 
8.212903 
8.18387 
8.003225 
7.66129 
7.332257 
7.203225 
7.229032 
7.270967 
7.299999 
7.32258 
7.34516 
7.370967 
7.16129 
6.625806 
9.038708 
12.70645 
10.80645 
6.68387 
5.880644 
6.503225 
6.664515 
6.764515 
6.854838 
6.92258 
6.993547 
7.064515 
7.112902 
7.158064 
7.199999 
7.241935 
7.303225 
7.58387 
7.861289 
8.106451 
8.329031 
8.44516 
8.477418 
8.435482 
8.296773 
8.093547 
7.82258 
7.519354 
7.251612 
6.951612 
6.725806 
6.648386 
6.745161 
6.838709 
6.92258 
6.993547 
7.051612 
7.093547 
7.158064 
7.190322 
7.241935 
7.280644 
7.32258 
7.335483 
7.364515 
7.380644 
7.38387 
7.377418 
7.435483 
7.42258 
7.448386 
7.470967 
7.48387 
7.603225 
7.88387 
8.112902 
8.196773 
8.093547 
7.803225 
7.467741 
7.193548 
7.206451 
7.238709 
7.28387 
7.316128 
7.341935 
7.374193 
7.351612 
6.696774 
7.680644 
11.34193 
12.40645 
9.025805 
6.02258 
6.051612 
6.558063 
6.690322 
6.796773 
6.864515 
6.938709 
7.006451 
7.090322 
7.119354 
7.177419 
7.212903 
7.245161 
7.396773 
7.68387 
7.970967 
8.203225 
8.374193 
8.470967 
8.477418 
8.393548 
8.225806 
8.02258 
7.709677 
7.441935 
7.129032 
6.861289 
6.674193 
6.693548 
6.796773 
6.864515 
6.94516 
7.019354 
7.080644 
7.129032 
7.18387 
7.229032 
7.267741 
7.290322 
7.335483 
7.358064 
7.364515 
7.399999 
7.409677 
7.425806 
7.44516 
7.458064 
7.477418 
7.487096 
7.464515 
7.696774 
7.999999 
8.170967 
8.190321 
7.990322 
7.677419 
7.354838 
7.193548 
7.238709 
7.277419 
7.299999 
7.316128 
7.361289 
7.377418 
7.18387 
6.62258 
8.925806 
12.65806 
10.95161 
6.767741 
5.88387 
6.516128 
6.687096 
6.774193 
6.867741 
6.948386 
7.012902 
7.070967 
7.119354 
7.167741 
7.199999 
7.248386 
7.309677 
7.574193 
7.870967 
8.135483 
8.316128 
8.448386 
8.50645 
8.454837 
8.303225 
8.112902 
7.854838 
7.551612 
7.26129 
6.98387 
6.770967 
6.641935 
6.758064 
6.938709 
7.019354 
7.074193 
7.135483 
7.170967 
7.212903 
7.22258 
7.28387 
7.312902 
7.332257 
7.367741 
7.380644 
7.403225 
7.432257 
7.44516 
7.441935 
7.470967 
7.470967 
7.490322 
7.654838 
7.938709 
8.167741 
8.196773 
8.048386 
7.738709 
7.416128 
7.170967 
7.225806 
7.264515 
7.306451 
7.325806 
7.358064 
7.377418 
7.290322 
6.609677 
8.335483 
12.16451 
11.66451 
7.367741 
5.877418 
6.419354 
6.664515 
6.774193 
6.870967 
6.932257 
6.987096 
7.070967 
7.125806 
7.167741 
7.22258 
7.258064 
7.287096 
7.541934 
7.825806 
8.109676 
8.287096 
8.470967 
8.519353 
8.432257 
8.341935 
8.138709 
7.893548 
7.609676 
7.312902 
7.019354 
6.799999 
6.645161 
6.732257 
6.838709 
6.92258 
6.961289 
7.035483 
7.116128 
7.151612 
7.190322 
7.254838 
7.299999 
7.316128 
7.351612 
7.387096 
7.367741 
7.399999 
7.412902 
7.438709 
7.44516 
7.458064 
7.464515 
7.477418 
7.525805 
7.829031 
8.096773 
8.199999 
8.129031 
7.858064 
7.535483 
7.229032 
7.251612 
7.287096 
7.303225 
7.325806 
7.354838 
7.380644 
7.367741 
6.835483 
7.267741 
10.69354 
12.83225 
9.04516 
6.067741 
6.080644 
6.58387 
6.709677 
6.812902 
6.899999 
6.954838 
7.04516 
7.103225 
7.154838 
7.187096 
7.229032 
7.264515 
7.399999 
7.693548 
7.938709 
8.222579 
8.367741 
8.474192 
8.487095 
8.425806 
8.241934 
8.012902 
7.738709 
7.432257 
7.135483 
6.870967 
6.670967 
6.693548 
6.796773 
6.880644 
6.951612 
7.038709 
7.080644 
7.119354 
7.187096 
7.241935 
7.28387 
7.264515 
7.319354 
7.351612 
7.374193 
7.419354 
7.416128 
7.416128 
7.435483 
7.454838 
7.461289 
7.480644 
7.48387 
7.712903 
8.003225 
8.174193 
8.170967 
7.980644 
7.664515 
7.338709 
7.203225 
7.232257 
7.28387 
7.299999 
7.32258 
7.351612 
7.370967 
7.225806 
6.629032 
9.048386 
12.71935 
10.8258 
6.725806 
5.88387 
6.503225 
6.677419 
6.78387 
6.874193 
6.941935 
7.02258 
7.080644 
7.132257 
7.154838 
7.225806 
7.254838 
7.290322 
7.58387 
7.877418 
8.112902 
8.319354 
8.458064 
8.499999 
8.458064 
8.319354 
8.099999 
7.858064 
7.558063 
7.274193 
6.98387 
6.741935 
6.658064 
6.76129 
6.848386 
6.932257 
6.996773 
7.058063 
7.119354 
7.158064 
7.206451 
7.251612 
7.280644 
7.32258 
7.341935 
7.367741 
7.390322 
7.406451 
7.435483 
7.435483 
7.435483 
7.474193 
7.470967 
7.493547 
7.574193 
7.887096 
8.129031 
8.219354 
8.122579 
7.832257 
7.480644 
7.209677 
7.209677 
7.26129 
7.293548 
7.312902 
7.335483 
7.367741 
7.348386 
6.735483 
7.625806 
11.21935 
12.48064 
8.44516 
5.98387 
6.206451 
6.632257 
6.851612 
6.912902 
7.006451 
7.061289 
7.106451 
7.164515 
7.18387 
7.238709 
7.277419 
7.512902 
7.816128 
8.067741 
8.28387 
8.44516 
8.487095 
8.461289 
8.329031 
8.164515 
7.903225 
7.62258 
7.329031 
7.035483 
6.793548 
6.629032 
6.729032 
6.829031 
6.909677 
6.974193 
7.041934 
7.112902 
7.170967 
7.196774 
7.248386 
7.290322 
7.299999 
7.34516 
7.361289 
7.38387 
7.399999 
7.42258 
7.448386 
7.44516 
7.461289 
7.464515 
7.48387 
7.474193 
7.587096 
7.903225 
8.125805 
8.203225 
8.109676 
7.816128 
7.490322 
7.196774 
7.216128 
7.264515 
7.306451 
7.332257 
7.341935 
7.361289 
7.358064 
6.72258 
7.677419 
11.32903 
12.42903 
8.393548 
5.954838 
6.238709 
6.632257 
6.729032 
6.84516 
6.916128 
6.98387 
7.041934 
7.141935 
7.167741 
7.203225 
7.251612 
7.290322 
7.464515 
7.748386 
8.025805 
8.248386 
8.412902 
8.477418 
8.48387 
8.38387 
8.203225 
7.964515 
7.680644 
7.325806 
7.103225 
6.861289 
6.658064 
6.719354 
6.825806 
6.88387 
6.951612 
7.035483 
7.099999 
7.141935 
7.190322 
7.245161 
7.267741 
7.293548 
7.332257 
7.361289 
7.380644 
7.396773 
7.435483 
7.441935 
7.441935 
7.458064 
7.490322 
7.499999 
7.496773 
7.770967 
8.02258 
8.209676 
8.18387 
7.951612 
7.625806 
7.312902 
7.196774 
7.235483 
7.280644 
7.299999 
7.338709 
7.354838 
7.38387 
7.074193 
6.76129 
9.564515 
12.95806 
10.26451 
6.409677 
5.929031 
6.551612 
6.696774 
6.777419 
6.874193 
6.951612 
7.009676 
7.093547 
7.148386 
7.170967 
7.225806 
7.277419 
7.309677 
7.577418 
7.870967 
8.119354 
8.32258 
8.464515 
8.50645 
8.44516 
8.319354 
8.129031 
7.854838 
7.554838 
7.258064 
6.999999 
6.751612 
6.651612 
6.751612 
6.84516 
6.92258 
6.987096 
7.064515 
7.116128 
7.170967 
7.225806 
7.248386 
7.290322 
7.316128 
7.341935 
7.361289 
7.38387 
7.406451 
7.409677 
7.432257 
7.461289 
7.458064 
7.477418 
7.487096 
7.551612 
7.858064 
8.109676 
8.203225 
8.122579 
7.82258 
7.499999 
7.212903 
7.229032 
7.270967 
7.299999 
7.319354 
7.34516 
7.380644 
7.396773 
7.312902 
6.651612 
8.264515 
12.07419 
11.78064 
7.496773 
5.893548 
6.390322 
6.645161 
6.770967 
6.841935 
6.916128 
7.006451 
7.054838 
7.099999 
7.154838 
7.229032 
7.254838 
7.296773 
7.506451 
7.829031 
8.074193 
8.264515 
8.438709 
8.493547 
8.458064 
8.354838 
8.203225 
7.909677 
7.625806 
7.332257 
7.038709 
6.825806 
6.638709 
6.729032 
6.819354 
6.916128 
6.977418 
7.038709 
7.116128 
7.164515 
7.216128 
7.245161 
7.280644 
7.296773 
7.332257 
7.370967 
7.38387 
7.399999 
7.390322 
7.464515 
7.487096 
7.487096 
7.493547 
7.612902 
7.909677 
8.170967 
8.212903 
8.087096 
7.809677 
7.454838 
7.196774 
7.219354 
7.258064 
7.290322 
7.309677 
7.348386 
7.364515 
7.358064 
6.690322 
7.861289 
11.55806 
12.22903 
8.054838 
5.916128 
6.277419 
6.651612 
6.748386 
6.838709 
6.909677 
6.987096 
7.058063 
7.116128 
7.151612 
7.209677 
7.241935 
7.277419 
7.48387 
7.774193 
8.093547 
8.235483 
8.422579 
8.480644 
8.458064 
8.380644 
8.190321 
7.961289 
7.648386 
7.377418 
7.077418 
6.835483 
6.645161 
6.725806 
6.758064 
6.903225 
6.970967 
7.029031 
7.090322 
7.154838 
7.187096 
7.235483 
7.277419 
7.309677 
7.335483 
7.367741 
7.380644 
7.396773 
7.42258 
7.425806 
7.464515 
7.467741 
7.470967 
7.487096 
7.490322 
7.735483 
8.016128 
8.199999 
8.177418 
7.977418 
7.66129 
7.335483 
7.196774 
7.235483 
7.267741 
7.296773 
7.348386 
7.351612 
7.377418 
7.164515 
6.651612 
9.212903 
12.80967 
10.64193 
6.599999 
5.906451 
6.54516 
6.667741 
6.777419 
6.867741 
6.932257 
7.019354 
7.080644 
7.135483 
7.164515 
7.216128 
7.26129 
7.293548 
7.596773 
7.909677 
8.148386 
8.335483 
8.464515 
8.499999 
8.435482 
8.309677 
8.106451 
7.841935 
7.558063 
7.232257 
6.987096 
6.735483 
6.658064 
6.76129 
6.838709 
6.925806 
6.993547 
7.061289 
7.119354 
7.174193 
7.209677 
7.251612 
7.287096 
7.319354 
7.34516 
7.380644 
7.387096 
7.399999 
7.419354 
7.438709 
7.451612 
7.461289 
7.477418 
7.474193 
7.596773 
7.903225 
8.14516 
8.232257 
8.103224 
7.825806 
7.474193 
7.203225 
7.232257 
7.264515 
7.303225 
7.329031 
7.348386 
7.367741 
7.358064 
6.709677 
7.712903 
11.37741 
12.3387 
8.270967 
5.938709 
6.229032 
6.632257 
6.738709 
6.832257 
6.906451 
6.980644 
7.04516 
7.106451 
7.158064 
7.206451 
7.248386 
7.26129 
7.458064 
7.764515 
8.035483 
8.264515 
8.435482 
8.490322 
8.48387 
8.387096 
8.222579 
7.980644 
7.68387 
7.387096 
7.090322 
6.864515 
6.66129 
6.72258 
6.803225 
6.890322 
6.948386 
7.006451 
7.103225 
7.174193 
7.196774 
7.245161 
7.270967 
7.280644 
7.312902 
7.335483 
7.38387 
7.377418 
7.416128 
7.432257 
7.464515 
7.458064 
7.454838 
7.458064 
7.509676 
7.503225 
7.496773 
7.374193 
7.132257 
6.699999 
5.78387 
4.58387 
3.767741 
3.654838 
4.951612 
6.535483 
8.029031 
8.816128 
9.225806 
9.567741 
9.480644 
9.474192 
9.254837 
9.203225 
9.119354 
9.038708 
9.058063 
8.98387 
8.964515 
8.999999 
9.070966 
8.970967 
8.896773 
8.725806 
8.470967 
8.083869 
7.76129 
7.416128 
7.132257 
6.961289 
6.835483 
6.735483 
6.606451 
6.716128 
6.812902 
6.874193 
6.958064 
7.038709 
7.093547 
7.135483 
7.18387 
7.22258 
7.254838 
7.293548 
7.296773 
7.309677 
7.338709 
7.364515 
7.390322 
7.396773 
7.425806 
7.44516 
7.44516 
7.44516 
7.474193 
7.477418 
7.474193 
7.496773 
7.496773 
7.493547 
7.512902 
7.506451 
7.499999 
7.699999 
7.990322 
8.177418 
8.18387 
8.012902 
7.72258 
7.380644 
7.174193 
7.225806 
7.248386 
7.290322 
7.329031 
7.348386 
7.348386 
7.248386 
6.574193 
8.651612 
12.44193 
11.25806 
7.019354 
5.867741 
6.464515 
6.658064 
6.754838 
6.832257 
6.916128 
6.993547 
7.054838 
7.103225 
7.164515 
7.199999 
7.245161 
7.274193 
7.54516 
7.816128 
8.077418 
8.296773 
8.435482 
8.487095 
8.429031 
8.319354 
8.129031 
7.877418 
7.564515 
7.274193 
7.003225 
6.748386 
6.625806 
6.725806 
6.819354 
6.906451 
6.990322 
7.038709 
7.109676 
7.129032 
7.199999 
7.235483 
7.264515 
7.296773 
7.332257 
7.348386 
7.38387 
7.38387 
7.412902 
7.42258 
7.425806 
7.464515 
7.458064 
7.470967 
7.541934 
7.838709 
8.125805 
8.209676 
8.103224 
7.841935 
7.52258 
7.203225 
7.199999 
7.26129 
7.287096 
7.316128 
7.329031 
7.354838 
7.367741 
6.787096 
7.325806 
10.79354 
12.76774 
8.906451 
6.032257 
6.099999 
6.612903 
6.712903 
6.809677 
6.909677 
6.967741 
7.029031 
7.106451 
7.148386 
7.199999 
7.238709 
7.270967 
7.419354 
7.699999 
7.980644 
8.258064 
8.396773 
8.474192 
8.503225 
8.377418 
8.216128 
7.990322 
7.72258 
7.416128 
7.132257 
6.854838 
6.66129 
6.690322 
6.790322 
6.887096 
6.961289 
7.035483 
7.077418 
7.129032 
7.193548 
7.229032 
7.209677 
7.28387 
7.312902 
7.351612 
7.341935 
7.387096 
7.425806 
7.432257 
7.42258 
7.454838 
7.470967 
7.470967 
7.493547 
7.699999 
7.996773 
8.180644 
8.170967 
7.980644 
7.66129 
7.341935 
7.206451 
7.238709 
7.267741 
7.309677 
7.335483 
7.358064 
7.380644 
7.18387 
6.625806 
9.029031 
12.71935 
10.85483 
6.729032 
5.874193 
6.341935 
6.696774 
6.803225 
6.877418 
6.974193 
7.032257 
7.090322 
7.132257 
7.190322 
7.235483 
7.264515 
7.293548 
7.477418 
7.777419 
8.048386 
8.28387 
8.448386 
8.512902 
8.480644 
8.380644 
8.199999 
7.951612 
7.658064 
7.374193 
7.077418 
6.841935 
6.645161 
6.72258 
6.829031 
6.887096 
6.967741 
7.032257 
7.106451 
7.16129 
7.193548 
7.235483 
7.303225 
7.312902 
7.341935 
7.361289 
7.396773 
7.412902 
7.412902 
7.432257 
7.438709 
7.467741 
7.470967 
7.499999 
7.499999 
7.745161 
8.061289 
8.199999 
8.170967 
7.948386 
7.619354 
7.274193 
7.203225 
7.248386 
7.264515 
7.32258 
7.351612 
7.370967 
6.819354 
7.341935 
10.75483 
12.75806 
8.932257 
6.019354 
6.116128 
6.625806 
6.735483 
6.809677 
6.896773 
6.980644 
7.051612 
7.096773 
7.145161 
7.190322 
7.229032 
7.258064 
7.409677 
7.709677 
7.980644 
8.238709 
8.399999 
8.464515 
8.493547 
8.393548 
8.212903 
7.987096 
7.696774 
7.403225 
7.119354 
6.854838 
6.664515 
6.696774 
6.793548 
6.88387 
6.948386 
7.012902 
7.077418 
7.154838 
7.174193 
7.238709 
7.277419 
7.306451 
7.329031 
7.325806 
7.374193 
7.416128 
7.399999 
7.419354 
7.454838 
7.461289 
7.458064 
7.470967 
7.487096 
7.716128 
7.999999 
8.187096 
8.174193 
7.993547 
7.677419 
7.335483 
7.193548 
7.248386 
7.290322 
7.332257 
7.354838 
7.370967 
7.399999 
7.174193 
6.664515 
9.206451 
12.80645 
10.64838 
6.580644 
5.899999 
6.541934 
6.690322 
6.78387 
6.835483 
6.94516 
7.003225 
7.077418 
7.129032 
7.177419 
7.209677 
7.258064 
7.303225 
7.590322 
7.877418 
8.125805 
8.338708 
8.451612 
8.487095 
8.425806 
8.287096 
8.093547 
7.812902 
7.538709 
7.26129 
6.964515 
6.732257 
6.670967 
6.774193 
6.835483 
6.916128 
6.987096 
7.051612 
7.116128 
7.154838 
7.196774 
7.251612 
7.287096 
7.312902 
7.341935 
7.354838 
7.387096 
7.403225 
7.419354 
7.458064 
7.461289 
7.458064 
7.474193 
7.487096 
7.609676 
7.906451 
8.132257 
8.193548 
8.083869 
7.78387 
7.464515 
7.196774 
7.235483 
7.26129 
7.306451 
7.335483 
7.351612 
7.393548 
7.348386 
6.690322 
7.803225 
11.49999 
12.25483 
8.093547 
5.938709 
6.303225 
6.648386 
6.764515 
6.848386 
6.909677 
6.996773 
7.054838 
7.099999 
7.180644 
7.196774 
7.251612 
7.299999 
7.493547 
7.777419 
8.02258 
8.229031 
8.419354 
8.477418 
8.464515 
8.364515 
8.190321 
7.938709 
7.651612 
7.367741 
7.08387 
6.829031 
6.645161 
6.72258 
6.809677 
6.893548 
6.961289 
7.019354 
7.099999 
7.145161 
7.203225 
7.26129 
7.264515 
7.32258 
7.338709 
7.361289 
7.38387 
7.387096 
7.416128 
7.429031 
7.451612 
7.461289 
7.487096 
7.477418 
7.509676 
7.78387 
8.051611 
8.229031 
8.125805 
7.951612 
7.612902 
7.287096 
7.193548 
7.235483 
7.264515 
7.299999 
7.34516 
7.374193 
7.399999 
7.019354 
6.851612 
9.864515 
13.00322 
9.954837 
6.28387 
5.954838 
6.567741 
6.719354 
6.790322 
6.893548 
6.970967 
7.02258 
7.090322 
7.154838 
7.206451 
7.225806 
7.251612 
7.319354 
7.635483 
7.906451 
8.193548 
8.370966 
8.461289 
8.493547 
8.432257 
8.258064 
8.029031 
7.78387 
7.48387 
7.18387 
6.925806 
6.712903 
6.674193 
6.767741 
6.851612 
6.929031 
6.999999 
7.08387 
7.187096 
7.229032 
7.254838 
7.287096 
7.325806 
7.348386 
7.374193 
7.374193 
7.441935 
7.409677 
7.441935 
7.454838 
7.464515 
7.48387 
7.496773 
7.712903 
7.987096 
8.187096 
8.174193 
7.980644 
7.670967 
7.34516 
7.209677 
7.238709 
7.28387 
7.293548 
7.338709 
7.348386 
7.370967 
7.167741 
6.648386 
9.103224 
12.76774 
10.77741 
6.658064 
5.893548 
6.535483 
6.667741 
6.790322 
6.877418 
6.938709 
6.996773 
7.077418 
7.125806 
7.180644 
7.225806 
7.254838 
7.303225 
7.580644 
7.877418 
8.132257 
8.329031 
8.470967 
8.509676 
8.467741 
8.30645 
8.090321 
7.838709 
7.532257 
7.241935 
6.951612 
6.741935 
6.641935 
6.754838 
6.841935 
6.912902 
6.98387 
7.054838 
7.099999 
7.167741 
7.203225 
7.251612 
7.28387 
7.329031 
7.341935 
7.364515 
7.370967 
7.419354 
7.419354 
7.448386 
7.458064 
7.458064 
7.470967 
7.470967 
7.580644 
7.909677 
8.141935 
8.199999 
8.103224 
7.816128 
7.454838 
7.193548 
7.225806 
7.258064 
7.293548 
7.32258 
7.348386 
7.387096 
7.370967 
6.712903 
7.729032 
11.38709 
12.36128 
8.245161 
5.948386 
6.26129 
6.62258 
6.745161 
6.832257 
6.916128 
6.987096 
7.048386 
7.099999 
7.170967 
7.212903 
7.241935 
7.216128 
7.451612 
7.741935 
8.019353 
8.238709 
8.403224 
8.480644 
8.467741 
8.374193 
8.206451 
7.958064 
7.670967 
7.393548 
7.087096 
6.848386 
6.677419 
6.72258 
6.819354 
6.899999 
6.977418 
7.02258 
7.080644 
7.125806 
7.193548 
7.238709 
7.267741 
7.299999 
7.32258 
7.354838 
7.406451 
7.396773 
7.409677 
7.448386 
7.451612 
7.448386 
7.474193 
7.48387 
7.512902 
7.767741 
8.048386 
8.209676 
8.174193 
7.958064 
7.625806 
7.306451 
7.212903 
7.248386 
7.28387 
7.293548 
7.335483 
7.341935 
7.367741 
7.206451 
6.638709 
9.02258 
12.70322 
10.91935 
6.735483 
5.858064 
6.512902 
6.670967 
6.76129 
6.864515 
6.94516 
7.025805 
7.054838 
7.135483 
7.180644 
7.229032 
7.251612 
7.299999 
7.580644 
7.848386 
8.109676 
8.319354 
8.44516 
8.499999 
8.454837 
8.316128 
8.106451 
7.832257 
7.580644 
7.254838 
6.977418 
6.748386 
6.641935 
6.751612 
6.832257 
6.938709 
6.993547 
7.054838 
7.125806 
7.167741 
7.216128 
7.241935 
7.290322 
7.316128 
7.335483 
7.38387 
7.374193 
7.403225 
7.416128 
7.451612 
7.461289 
7.474193 
7.470967 
7.48387 
7.496773 
7.72258 
8.003225 
8.187096 
8.170967 
7.980644 
7.664515 
7.348386 
7.212903 
7.238709 
7.325806 
7.309677 
7.332257 
7.351612 
7.367741 
7.180644 
6.658064 
9.18387 
12.77741 
10.70322 
6.635483 
5.893548 
6.535483 
6.674193 
6.774193 
6.867741 
6.967741 
7.08387 
7.141935 
7.206451 
7.22258 
7.26129 
7.370967 
7.66129 
7.94516 
8.196773 
8.361289 
8.474192 
8.477418 
8.416128 
8.245161 
8.029031 
7.76129 
7.480644 
7.180644 
6.912902 
6.703225 
6.680644 
6.780644 
6.867741 
6.938709 
6.999999 
7.077418 
7.141935 
7.180644 
7.229032 
7.245161 
7.293548 
7.316128 
7.351612 
7.364515 
7.399999 
7.409677 
7.416128 
7.448386 
7.448386 
7.461289 
7.529031 
7.493547 
7.670967 
7.961289 
8.154838 
8.193548 
8.032257 
7.725806 
7.387096 
7.187096 
7.22258 
7.267741 
7.293548 
7.341935 
7.367741 
7.38387 
7.280644 
6.62258 
8.516128 
12.31935 
11.46451 
7.174193 
5.896773 
6.458064 
6.677419 
6.767741 
6.870967 
6.925806 
6.999999 
7.048386 
7.135483 
7.177419 
7.203225 
7.26129 
7.277419 
7.541934 
7.84516 
8.096773 
8.287096 
8.438709 
8.493547 
8.458064 
8.332257 
8.132257 
7.880644 
7.570967 
7.28387 
7.048386 
6.812902 
6.641935 
6.725806 
6.819354 
6.906451 
6.990322 
7.070967 
7.096773 
7.158064 
7.190322 
7.245161 
7.28387 
7.28387 
7.34516 
7.374193 
7.403225 
7.403225 
7.42258 
7.416128 
7.432257 
7.435483 
7.467741 
7.474193 
7.532257 
7.635483 
7.916128 
8.135483 
8.219354 
8.077418 
7.764515 
7.425806 
7.177419 
7.216128 
7.270967 
7.293548 
7.329031 
7.354838 
7.374193 
7.325806 
6.635483 
8.061289 
11.85483 
11.94516 
7.738709 
5.890322 
6.367741 
6.645161 
6.745161 
6.848386 
6.929031 
6.987096 
7.058063 
7.12258 
7.158064 
7.199999 
7.248386 
7.280644 
7.512902 
7.799999 
8.054838 
8.280644 
8.438709 
8.516128 
8.464515 
8.354838 
8.177418 
7.916128 
7.629032 
7.329031 
7.04516 
6.816128 
6.641935 
6.732257 
6.812902 
6.903225 
6.987096 
7.058063 
7.12258 
7.158064 
7.199999 
7.238709 
7.267741 
7.303225 
7.387096 
7.348386 
7.390322 
7.403225 
7.42258 
7.432257 
7.448386 
7.458064 
7.470967 
7.487096 
7.519354 
7.496773 
7.480644 
7.325806 
7.070967 
6.567741 
5.535483 
4.416128 
3.567741 
3.958064 
5.251612 
6.987096 
8.296773 
8.935482 
9.325805 
9.567741 
9.50645 
9.412902 
9.254837 
9.164515 
9.135482 
9.035483 
9.064515 
8.925806 
8.951612 
8.996773 
9.012902 
8.964515 
8.861289 
8.677418 
8.435482 
8.019353 
7.696774 
7.325806 
7.074193 
6.916128 
6.816128 
6.677419 
6.664515 
6.609677 
6.712903 
6.816128 
6.877418 
6.961289 
7.019354 
7.090322 
7.141935 
7.170967 
7.229032 
7.258064 
7.299999 
7.32258 
7.34516 
7.351612 
7.364515 
7.406451 
7.425806 
7.435483 
7.451612 
7.44516 
7.448386 
7.470967 
7.467741 
7.496773 
7.48387 
7.496773 
7.519354 
7.499999 
7.512902 
7.72258 
8.012902 
8.190321 
8.170967 
7.987096 
7.680644 
7.34516 
7.190322 
7.232257 
7.258064 
7.299999 
7.306451 
7.329031 
7.380644 
7.177419 
6.638709 
9.070966 
12.73548 
10.79677 
6.612903 
5.880644 
6.54516 
6.66129 
6.767741 
6.851612 
6.94516 
6.993547 
7.074193 
7.08387 
7.158064 
7.216128 
7.254838 
7.290322 
7.580644 
7.870967 
8.116127 
8.30645 
8.432257 
8.458064 
8.419354 
8.28387 
8.090321 
7.829031 
7.538709 
7.248386 
6.958064 
6.72258 
6.635483 
6.729032 
6.838709 
6.896773 
6.970967 
7.041934 
7.099999 
7.132257 
7.190322 
7.22258 
7.251612 
7.306451 
7.319354 
7.348386 
7.370967 
7.393548 
7.406451 
7.416128 
7.432257 
7.458064 
7.458064 
7.48387 
7.577418 
7.874193 
8.122579 
8.203225 
8.093547 
7.82258 
7.467741 
7.190322 
7.212903 
7.245161 
7.290322 
7.325806 
7.332257 
7.34516 
7.364515 
6.729032 
7.651612 
11.28064 
12.40645 
8.329031 
5.938709 
6.245161 
6.629032 
6.732257 
6.825806 
6.92258 
6.993547 
7.051612 
7.093547 
7.141935 
7.196774 
7.235483 
7.258064 
7.461289 
7.735483 
8.019353 
8.251612 
8.422579 
8.467741 
8.470967 
8.380644 
8.209676 
7.958064 
7.670967 
7.364515 
7.08387 
6.835483 
6.645161 
6.709677 
6.812902 
6.893548 
6.970967 
7.048386 
7.093547 
7.141935 
7.180644 
7.235483 
7.290322 
7.296773 
7.341935 
7.351612 
7.380644 
7.399999 
7.425806 
7.458064 
7.44516 
7.461289 
7.477418 
7.470967 
7.499999 
7.758064 
8.048386 
8.190321 
8.170967 
7.941935 
7.612902 
7.306451 
7.209677 
7.254838 
7.28387 
7.299999 
7.332257 
7.358064 
7.377418 
7.019354 
6.84516 
9.84516 
12.99999 
10.00645 
6.306451 
5.970967 
6.574193 
6.699999 
6.780644 
6.877418 
6.964515 
7.032257 
7.080644 
7.145161 
7.190322 
7.241935 
7.267741 
7.329031 
7.645161 
7.919354 
8.174193 
8.364515 
8.48387 
8.50645 
8.429031 
8.309677 
8.041934 
7.790322 
7.487096 
7.170967 
6.925806 
6.696774 
6.674193 
6.770967 
6.848386 
6.932257 
6.967741 
7.067741 
7.119354 
7.154838 
7.212903 
7.245161 
7.270967 
7.316128 
7.338709 
7.34516 
7.387096 
7.419354 
7.42258 
7.432257 
7.464515 
7.467741 
7.490322 
7.487096 
7.706451 
7.974193 
8.177418 
8.196773 
8.04516 
7.729032 
7.416128 
7.190322 
7.235483 
7.270967 
7.293548 
7.338709 
7.341935 
7.370967 
7.28387 
6.612903 
8.380644 
12.22903 
11.59999 
7.287096 
5.88387 
6.416128 
6.677419 
6.764515 
6.848386 
6.951612 
6.996773 
7.067741 
7.132257 
7.164515 
7.206451 
7.26129 
7.293548 
7.541934 
7.848386 
8.099999 
8.299999 
8.48387 
8.509676 
8.461289 
8.358063 
8.14516 
7.532257 
7.254838 
6.98387 
6.709677 
6.674193 
6.745161 
6.838709 
6.919354 
6.993547 
7.061289 
7.125806 
7.151612 
7.22258 
7.274193 
7.296773 
7.335483 
7.351612 
7.351612 
7.387096 
7.387096 
7.399999 
7.42258 
7.461289 
7.458064 
7.480644 
7.496773 
7.599999 
7.938709 
8.148386 
8.167741 
8.080644 
7.796773 
7.432257 
7.190322 
7.225806 
7.26129 
7.274193 
7.338709 
7.348386 
7.354838 
7.332257 
6.670967 
7.919354 
11.65483 
12.12903 
7.935483 
5.899999 
6.293548 
6.635483 
6.76129 
6.841935 
6.919354 
7.003225 
7.04516 
7.109676 
7.158064 
7.190322 
7.232257 
7.28387 
7.467741 
7.767741 
8.035483 
8.258064 
8.416128 
8.516128 
8.467741 
8.367741 
8.177418 
7.932257 
7.654838 
7.358064 
7.058063 
6.816128 
6.638709 
6.706451 
6.829031 
6.890322 
6.980644 
7.04516 
7.106451 
7.135483 
7.167741 
7.229032 
7.280644 
7.312902 
7.312902 
7.34516 
7.374193 
7.393548 
7.416128 
7.441935 
7.44516 
7.461289 
7.44516 
7.470967 
7.496773 
7.790322 
8.04516 
8.212903 
8.16129 
7.935483 
7.580644 
7.306451 
7.209677 
7.254838 
7.290322 
7.290322 
7.34516 
7.34516 
7.387096 
6.980644 
6.919354 
10.00322 
13.0258 
9.816128 
6.264515 
5.974193 
6.590322 
6.712903 
6.787096 
6.890322 
6.961289 
7.02258 
7.090322 
7.141935 
7.180644 
7.238709 
7.277419 
7.364515 
7.667741 
7.929031 
8.187096 
8.374193 
8.470967 
8.490322 
8.416128 
8.251612 
8.032257 
7.774193 
7.474193 
7.18387 
6.912902 
6.699999 
6.677419 
6.780644 
6.870967 
6.941935 
7.009676 
7.061289 
7.125806 
7.119354 
7.219354 
7.248386 
7.299999 
7.319354 
7.351612 
7.380644 
7.403225 
7.416128 
7.432257 
7.438709 
7.451612 
7.454838 
7.477418 
7.499999 
7.674193 
7.967741 
8.167741 
8.190321 
8.029031 
7.709677 
7.364515 
7.203225 
7.235483 
7.270967 
7.293548 
7.338709 
7.361289 
7.393548 
7.241935 
6.596773 
8.625805 
12.42903 
11.29677 
7.048386 
5.864515 
6.454838 
6.667741 
6.770967 
6.851612 
6.929031 
6.98387 
7.054838 
7.135483 
7.164515 
7.216128 
7.251612 
7.270967 
7.564515 
7.838709 
8.093547 
8.299999 
8.451612 
8.480644 
8.451612 
8.316128 
8.125805 
7.880644 
7.574193 
7.296773 
7.012902 
6.78387 
6.651612 
6.754838 
6.829031 
6.929031 
6.987096 
7.074193 
7.116128 
7.158064 
7.206451 
7.245161 
7.267741 
7.319354 
7.348386 
7.364515 
7.38387 
7.399999 
7.412902 
7.42258 
7.454838 
7.464515 
7.464515 
7.487096 
7.548386 
7.864515 
8.129031 
8.209676 
8.116127 
7.835483 
7.512902 
7.216128 
7.229032 
7.264515 
7.28387 
7.319354 
7.34516 
7.377418 
7.377418 
6.774193 
11.80967 
11.9129 
7.687096 
5.88387 
6.374193 
6.677419 
6.780644 
6.858064 
6.938709 
7.019354 
7.08387 
7.135483 
7.158064 
7.187096 
7.245161 
7.296773 
7.516128 
7.793548 
8.058063 
8.303225 
8.435482 
8.516128 
8.467741 
8.364515 
8.138709 
7.919354 
7.635483 
7.338709 
7.048386 
6.803225 
6.648386 
6.741935 
6.84516 
6.909677 
6.987096 
7.067741 
7.096773 
7.151612 
7.196774 
7.251612 
7.280644 
7.296773 
7.325806 
7.329031 
7.358064 
7.399999 
7.416128 
7.432257 
7.458064 
7.467741 
7.454838 
7.470967 
7.506451 
7.809677 
8.080644 
8.209676 
8.154838 
7.851612 
7.561289 
7.251612 
7.225806 
7.245161 
7.290322 
7.329031 
7.34516 
7.377418 
7.396773 
6.899999 
7.151612 
10.45483 
12.91612 
9.287096 
6.106451 
6.051612 
6.612903 
6.716128 
6.796773 
6.890322 
6.964515 
7.04516 
7.093547 
7.132257 
7.177419 
7.216128 
7.258064 
7.390322 
7.696774 
7.961289 
8.209676 
8.377418 
8.470967 
8.48387 
8.396773 
8.248386 
7.990322 
7.732257 
7.432257 
7.135483 
6.880644 
6.674193 
6.68387 
6.799999 
6.867741 
6.948386 
7.029031 
7.087096 
7.132257 
7.180644 
7.216128 
7.274193 
7.293548 
7.325806 
7.361289 
7.364515 
7.387096 
7.419354 
7.435483 
7.458064 
7.454838 
7.470967 
7.487096 
7.477418 
7.703225 
7.999999 
8.177418 
8.196773 
8.012902 
7.68387 
7.348386 
7.196774 
7.245161 
7.277419 
7.309677 
7.335483 
7.364515 
7.390322 
7.18387 
6.62258 
8.961289 
12.66774 
10.9129 
6.767741 
5.896773 
6.516128 
6.677419 
6.825806 
6.867741 
6.951612 
7.006451 
7.074193 
7.138709 
7.174193 
7.209677 
7.251612 
7.316128 
7.58387 
7.874193 
8.122579 
8.312902 
8.458064 
8.48387 
8.44516 
8.309677 
8.122579 
7.861289 
7.564515 
7.267741 
6.993547 
6.76129 
6.651612 
6.741935 
6.841935 
6.935483 
7.003225 
7.051612 
7.090322 
7.16129 
7.216128 
7.248386 
7.319354 
7.338709 
7.341935 
7.374193 
7.396773 
7.399999 
7.42258 
7.438709 
7.454838 
7.448386 
7.470967 
7.467741 
7.570967 
7.88387 
8.122579 
8.216128 
8.099999 
7.816128 
7.487096 
7.199999 
7.232257 
7.26129 
7.293548 
7.303225 
7.329031 
7.374193 
7.361289 
6.741935 
7.251612 
10.50644 
12.90967 
9.241934 
6.106451 
6.067741 
6.619354 
6.719354 
6.819354 
6.899999 
6.987096 
7.038709 
7.096773 
7.151612 
7.196774 
7.232257 
7.274193 
7.393548 
7.693548 
7.964515 
8.219354 
8.396773 
8.480644 
8.503225 
8.419354 
8.241934 
8.02258 
7.738709 
7.42258 
7.135483 
6.890322 
6.658064 
6.703225 
6.796773 
6.870967 
6.958064 
7.019354 
7.087096 
7.138709 
7.180644 
7.219354 
7.254838 
7.290322 
7.351612 
7.370967 
7.393548 
7.42258 
7.432257 
7.470967 
7.467741 
7.474193 
7.48387 
7.496773 
7.777419 
8.074193 
8.216128 
8.151612 
7.925806 
7.593547 
7.277419 
7.206451 
7.251612 
7.267741 
7.325806 
7.354838 
7.370967 
7.377418 
6.967741 
6.964515 
10.16774 
12.97419 
9.66129 
6.190322 
5.993547 
6.587096 
6.693548 
6.803225 
6.877418 
6.941935 
7.041934 
7.096773 
7.148386 
7.174193 
7.225806 
7.264515 
7.358064 
7.677419 
7.967741 
8.187096 
8.380644 
8.458064 
8.480644 
8.432257 
8.296773 
8.070966 
7.803225 
7.516128 
7.212903 
6.951612 
6.716128 
6.648386 
6.764515 
6.848386 
6.932257 
7.006451 
7.064515 
7.12258 
7.177419 
7.199999 
7.26129 
7.280644 
7.329031 
7.335483 
7.377418 
7.374193 
7.419354 
7.435483 
7.438709 
7.454838 
7.448386 
7.470967 
7.493547 
7.629032 
7.925806 
8.135483 
8.177418 
8.054838 
7.764515 
7.412902 
7.187096 
7.251612 
7.26129 
7.296773 
7.319354 
7.34516 
7.396773 
7.316128 
6.658064 
8.093547 
11.9129 
11.95161 
7.72258 
5.903225 
6.34516 
6.645161 
6.76129 
6.825806 
6.925806 
6.980644 
7.054838 
7.090322 
7.16129 
7.203225 
7.248386 
7.277419 
7.496773 
7.78387 
8.061289 
8.267741 
8.425806 
8.48387 
8.480644 
8.338708 
8.154838 
7.92258 
7.638709 
7.34516 
7.051612 
6.796773 
6.625806 
6.716128 
6.82258 
6.890322 
6.977418 
7.038709 
7.109676 
7.167741 
7.206451 
7.248386 
7.287096 
7.312902 
7.348386 
7.358064 
7.38387 
7.406451 
7.406451 
7.425806 
7.448386 
7.470967 
7.474193 
7.48387 
7.52258 
7.525805 
7.519354 
7.364515 
7.112902 
6.625806 
5.606451 