
7.493547 
7.48387 
7.670967 
7.974193 
8.170967 
8.209676 
8.029031 
7.712903 
7.393548 
7.199999 
7.251612 
7.280644 
7.303225 
7.306451 
7.361289 
7.364515 
7.26129 
6.612903 
8.599999 
12.39677 
11.37419 
7.093547 
5.877418 
6.44516 
6.658064 
6.754838 
6.84516 
6.929031 
6.999999 
7.054838 
7.116128 
7.174193 
7.229032 
7.26129 
7.28387 
7.564515 
7.832257 
8.099999 
8.309677 
8.454837 
8.50645 
8.448386 
8.325805 
8.154838 
7.870967 
7.580644 
7.316128 
7.029031 
6.774193 
6.632257 
6.72258 
6.832257 
6.912902 
6.974193 
7.04516 
7.103225 
7.167741 
7.190322 
7.238709 
7.26129 
7.309677 
7.354838 
7.38387 
7.370967 
7.396773 
7.416128 
7.438709 
7.44516 
7.458064 
7.490322 
7.464515 
7.548386 
7.838709 
8.112902 
8.199999 
8.125805 
7.864515 
7.512902 
7.22258 
7.199999 
7.258064 
7.299999 
7.325806 
7.354838 
7.367741 
7.393548 
6.825806 
7.34516 
10.77096 
12.79032 
8.938709 
6.035483 
6.119354 
6.619354 
6.735483 
6.812902 
6.890322 
6.98387 
7.061289 
7.129032 
7.132257 
7.212903 
7.232257 
7.277419 
7.419354 
7.716128 
7.974193 
8.229031 
8.393548 
8.48387 
8.480644 
8.387096 
8.222579 
7.999999 
7.712903 
7.406451 
7.129032 
6.864515 
6.664515 
6.687096 
6.790322 
6.867741 
6.961289 
7.04516 
7.067741 
7.135483 
7.203225 
7.232257 
7.258064 
7.293548 
7.335483 
7.361289 
7.377418 
7.403225 
7.409677 
7.432257 
7.425806 
7.44516 
7.477418 
7.470967 
7.48387 
7.732257 
8.019353 
8.190321 
8.174193 
7.98387 
7.677419 
7.338709 
7.206451 
7.245161 
7.274193 
7.312902 
7.34516 
7.348386 
7.370967 
7.154838 
10.09032 
12.98709 
9.574193 
6.174193 
6.016128 
6.606451 
6.712903 
6.806451 
6.893548 
6.961289 
7.019354 
7.087096 
7.145161 
7.196774 
7.232257 
7.26129 
7.387096 
7.677419 
7.967741 
8.206451 
8.370966 
8.470967 
8.493547 
8.416128 
8.251612 
8.035483 
7.76129 
7.464515 
7.174193 
6.899999 
6.687096 
6.687096 
6.777419 
6.858064 
6.951612 
7.02258 
7.087096 
7.135483 
7.18387 
7.232257 
7.258064 
7.303225 
7.332257 
7.348386 
7.377418 
7.393548 
7.416128 
7.448386 
7.432257 
7.467741 
7.487096 
7.467741 
7.487096 
7.677419 
7.974193 
8.187096 
8.187096 
8.012902 
7.709677 
7.361289 
7.209677 
7.235483 
7.267741 
7.293548 
7.354838 
7.34516 
7.364515 
7.229032 
6.58387 
8.758064 
12.54838 
11.13548 
6.903225 
5.877418 
6.48387 
6.670967 
6.780644 
6.887096 
6.951612 
7.025805 
7.077418 
7.141935 
7.167741 
7.212903 
7.245161 
7.287096 
7.567741 
7.874193 
8.119354 
8.316128 
8.448386 
8.458064 
8.435482 
8.325805 
8.116127 
7.864515 
7.558063 
7.277419 
6.98387 
6.76129 
6.638709 
6.748386 
6.858064 
6.919354 
6.98387 
7.061289 
7.112902 
7.158064 
7.206451 
7.251612 
7.290322 
7.306451 
7.354838 
7.354838 
7.393548 
7.396773 
7.432257 
7.432257 
7.454838 
7.432257 
7.458064 
7.477418 
7.58387 
7.880644 
8.109676 
8.212903 
8.112902 
7.812902 
7.480644 
7.196774 
7.209677 
7.241935 
7.280644 
7.309677 
7.348386 
7.370967 
7.354838 
6.748386 
7.619354 
11.24838 
12.46128 
8.393548 
5.951612 
6.219354 
6.638709 
6.738709 
6.84516 
6.92258 
6.980644 
7.048386 
7.099999 
7.158064 
7.199999 
7.22258 
7.274193 
7.438709 
7.745161 
8.003225 
8.238709 
8.412902 
8.48387 
8.480644 
8.380644 
8.203225 
7.964515 
7.687096 
7.399999 
7.093547 
6.84516 
6.651612 
6.709677 
6.803225 
6.893548 
6.977418 
7.090322 
7.116128 
7.167741 
7.193548 
7.235483 
7.258064 
7.299999 
7.325806 
7.364515 
7.370967 
7.403225 
7.416128 
7.44516 
7.44516 
7.467741 
7.48387 
7.490322 
7.503225 
7.751612 
8.032257 
8.199999 
8.167741 
7.941935 
7.632257 
7.306451 
7.206451 
7.251612 
7.293548 
7.32258 
7.348386 
7.358064 
7.396773 
7.04516 
6.767741 
9.641934 
12.96128 
10.15806 
6.34516 
5.938709 
6.574193 
6.699999 
6.803225 
6.887096 
6.964515 
7.029031 
7.106451 
7.151612 
7.187096 
7.219354 
7.251612 
7.354838 
7.616128 
7.916128 
8.170967 
8.354838 
8.464515 
8.50645 
8.435482 
8.277419 
8.070966 
7.951612 
7.68387 
7.374193 
7.08387 
6.816128 
6.648386 
6.677419 
6.819354 
6.858064 
6.935483 
7.009676 
7.080644 
7.12258 
7.158064 
7.216128 
7.245161 
7.338709 
7.358064 
7.387096 
7.390322 
7.432257 
7.432257 
7.44516 
7.470967 
7.477418 
7.48387 
7.499999 
7.777419 
8.067741 
8.222579 
8.141935 
7.912902 
7.567741 
7.267741 
7.209677 
7.254838 
7.319354 
7.299999 
7.34516 
7.364515 
7.367741 
6.94516 
6.961289 
10.10645 
12.99032 
9.638709 
6.180644 
6.006451 
6.596773 
6.693548 
6.806451 
6.877418 
6.94516 
6.999999 
7.106451 
7.158064 
7.190322 
7.232257 
7.264515 
7.358064 
7.667741 
7.958064 
8.190321 
8.380644 
8.493547 
8.490322 
8.412902 
8.254837 
8.016128 
7.767741 
7.467741 
7.164515 
6.887096 
6.66129 
6.690322 
6.796773 
6.861289 
6.951612 
7.006451 
7.080644 
7.135483 
7.18387 
7.219354 
7.26129 
7.303225 
7.332257 
7.377418 
7.38387 
7.380644 
7.409677 
7.432257 
7.432257 
7.448386 
7.461289 
7.474193 
7.490322 
7.674193 
7.977418 
8.174193 
8.187096 
8.025805 
7.696774 
7.361289 
7.209677 
7.209677 
7.270967 
7.299999 
7.32258 
7.338709 
7.364515 
7.361289 
6.764515 
7.548386 
11.09999 
12.60322 
8.593547 
5.980644 
6.180644 
6.62258 
6.729032 
6.82258 
6.903225 
6.993547 
7.051612 
7.12258 
7.177419 
7.206451 
7.229032 
7.274193 
7.441935 
7.725806 
8.012902 
8.206451 
8.396773 
8.48387 
8.493547 
8.38387 
8.229031 
7.980644 
7.716128 
7.412902 
7.090322 
6.851612 
6.654838 
6.696774 
6.803225 
6.893548 
6.954838 
7.032257 
7.093547 
7.158064 
7.196774 
7.245161 
7.267741 
7.28387 
7.329031 
7.358064 
7.393548 
7.393548 
7.432257 
7.435483 
7.451612 
7.464515 
7.480644 
7.470967 
7.496773 
7.741935 
8.019353 
8.158063 
8.167741 
7.999999 
7.68387 
7.354838 
7.190322 
7.229032 
7.270967 
7.299999 
7.329031 
7.361289 
7.367741 
7.225806 
6.609677 
8.825805 
12.57096 
11.07096 
6.851612 
5.864515 
6.477418 
6.670967 
6.777419 
6.854838 
6.938709 
7.009676 
7.067741 
7.135483 
7.177419 
7.225806 
7.26129 
7.28387 
7.364515 
7.654838 
7.941935 
8.180644 
8.364515 
8.493547 
8.496773 
8.422579 
8.290322 
8.061289 
7.790322 
7.496773 
7.206451 
6.92258 
6.72258 
6.687096 
6.777419 
6.867741 
6.935483 
6.996773 
7.08387 
7.138709 
7.180644 
7.206451 
7.245161 
7.277419 
7.296773 
7.351612 
7.361289 
7.393548 
7.403225 
7.432257 
7.44516 
7.467741 
7.474193 
7.470967 
7.487096 
7.503225 
7.52258 
7.470967 
7.277419 
6.990322 
6.312902 
5.196774 
4.232257 
3.390322 
4.274193 
5.616128 
7.329031 
8.451612 
9.00645 
9.399999 
9.574193 
9.525805 
9.374193 
9.258064 
9.16129 
9.119354 
9.00645 
9.035483 
8.94516 
8.954837 
9.012902 
8.993547 
8.932257 
8.82258 
8.632257 
7.916128 
7.490322 
7.216128 
7.019354 
6.851612 
6.745161 
6.62258 
6.554838 
6.667741 
6.748386 
6.82258 
6.925806 
7.003225 
7.048386 
7.109676 
7.164515 
7.199999 
7.238709 
7.296773 
7.306451 
7.319354 
7.358064 
7.361289 
7.380644 
7.406451 
7.435483 
7.44516 
7.44516 
7.438709 
7.470967 
7.477418 
7.480644 
7.490322 
7.490322 
7.499999 
7.506451 
7.487096 
7.506451 
7.503225 
7.729032 
8.016128 
8.203225 
8.190321 
7.987096 
7.667741 
7.332257 
7.187096 
7.235483 
7.26129 
7.277419 
7.332257 
7.335483 
7.351612 
7.154838 
6.612903 
9.067741 
12.72903 
10.79032 
7.180644 
5.809677 
6.370967 
6.619354 
6.716128 
6.82258 
6.893548 
6.958064 
7.029031 
7.080644 
7.145161 
7.18387 
7.238709 
7.26129 
7.499999 
7.799999 
8.064515 
8.290322 
8.412902 
8.48387 
8.438709 
8.316128 
8.132257 
7.88387 
7.570967 
7.287096 
7.019354 
6.78387 
6.62258 
6.712903 
6.82258 
6.880644 
6.974193 
7.032257 
7.090322 
7.145161 
7.196774 
7.238709 
7.277419 
7.316128 
7.325806 
7.351612 
7.377418 
7.399999 
7.42258 
7.419354 
7.448386 
7.454838 
7.464515 
7.470967 
7.52258 
7.82258 
7.867741 
8.119354 
8.174193 
8.04516 
7.793548 
7.429031 
7.177419 
7.193548 
7.232257 
7.277419 
7.287096 
7.341935 
7.341935 
7.32258 
6.68387 
7.825806 
11.54838 
12.23548 
8.051611 
5.903225 
6.274193 
6.641935 
6.725806 
6.825806 
6.909677 
6.961289 
7.025805 
7.106451 
7.138709 
7.18387 
7.241935 
7.299999 
7.467741 
7.774193 
8.041934 
8.267741 
8.419354 
8.496773 
8.467741 
8.374193 
8.170967 
7.929031 
7.645161 
7.354838 
7.067741 
6.82258 
6.641935 
6.745161 
6.809677 
6.887096 
6.961289 
7.038709 
7.090322 
7.138709 
7.18387 
7.235483 
7.274193 
7.312902 
7.332257 
7.380644 
7.396773 
7.393548 
7.448386 
7.448386 
7.461289 
7.461289 
7.461289 
7.493547 
7.496773 
7.806451 
8.051611 
8.212903 
8.158063 
7.880644 
7.58387 
7.26129 
7.199999 
7.241935 
7.258064 
7.296773 
7.329031 
7.354838 
7.377418 
6.954838 
6.951612 
10.08709 
12.97741 
9.68387 
6.216128 
5.999999 
6.596773 
6.72258 
6.793548 
6.903225 
6.990322 
7.032257 
7.103225 
7.154838 
7.187096 
7.238709 
7.258064 
7.374193 
7.654838 
7.938709 
8.196773 
8.361289 
8.490322 
8.496773 
8.412902 
8.254837 
8.041934 
7.76129 
7.451612 
7.167741 
6.896773 
6.677419 
6.664515 
6.787096 
6.877418 
6.92258 
7.019354 
7.061289 
7.12258 
7.170967 
7.209677 
7.251612 
7.28387 
7.325806 
7.341935 
7.370967 
7.399999 
7.409677 
7.425806 
7.42258 
7.458064 
7.464515 
7.477418 
7.48387 
7.68387 
7.951612 
8.18387 
7.964515 
7.638709 
7.319354 
7.203225 
7.212903 
7.270967 
7.296773 
7.32258 
7.351612 
7.367741 
7.116128 
6.690322 
9.409676 
12.88709 
10.41612 
6.461289 
5.909677 
6.541934 
6.699999 
6.787096 
6.877418 
6.958064 
7.025805 
7.087096 
7.119354 
7.187096 
7.238709 
7.264515 
7.296773 
7.580644 
7.88387 
8.116127 
8.303225 
8.451612 
8.496773 
8.448386 
8.325805 
8.112902 
7.861289 
7.561289 
7.264515 
7.003225 
6.754838 
6.641935 
6.748386 
6.835483 
6.92258 
6.999999 
7.070967 
7.125806 
7.209677 
7.206451 
7.245161 
7.267741 
7.309677 
7.354838 
7.38387 
7.387096 
7.403225 
7.42258 
7.451612 
7.451612 
7.480644 
7.470967 
7.477418 
7.509676 
7.774193 
8.051611 
8.199999 
8.158063 
7.94516 
7.648386 
7.293548 
7.199999 
7.254838 
7.290322 
7.329031 
7.354838 
7.374193 
7.370967 
7.058063 
6.780644 
9.648386 
12.95161 
10.18064 
6.370967 
5.958064 
6.570967 
6.696774 
6.790322 
6.893548 
6.938709 
7.019354 
7.064515 
7.141935 
7.190322 
7.229032 
7.264515 
7.335483 
7.641935 
7.916128 
8.180644 
8.364515 
8.464515 
8.477418 
8.425806 
8.248386 
8.048386 
7.799999 
7.496773 
7.187096 
6.92258 
6.680644 
6.638709 
6.76129 
6.861289 
6.935483 
7.003225 
7.064515 
7.132257 
7.174193 
7.238709 
7.270967 
7.296773 
7.358064 
7.358064 
7.38387 
7.370967 
7.403225 
7.42258 
7.42258 
7.44516 
7.467741 
7.487096 
7.496773 
7.664515 
7.938709 
8.074193 
8.109676 
8.135483 
7.977418 
7.680644 
7.338709 
7.151612 
7.193548 
7.22258 
7.267741 
7.28387 
7.329031 
7.370967 
7.258064 
6.609677 
8.367741 
12.20322 
11.58709 
7.287096 
5.858064 
6.425806 
6.648386 
6.748386 
6.84516 
6.935483 
7.009676 
7.058063 
7.106451 
7.135483 
7.193548 
7.245161 
7.296773 
7.529031 
7.819354 
8.083869 
8.270967 
8.448386 
8.48387 
8.464515 
8.341935 
8.14516 
7.903225 
7.603225 
7.306451 
7.029031 
6.796773 
6.651612 
6.729032 
6.835483 
6.929031 
6.990322 
7.058063 
7.116128 
7.164515 
7.209677 
7.245161 
7.277419 
7.28387 
7.335483 
7.358064 
7.38387 
7.387096 
7.419354 
7.441935 
7.458064 
7.470967 
7.461289 
7.480644 
7.516128 
7.835483 
8.099999 
8.216128 
8.135483 
7.864515 
7.529031 
7.245161 
7.219354 
7.258064 
7.296773 
7.306451 
7.351612 
7.374193 
7.380644 
6.816128 
7.28387 
10.68387 
12.84193 
9.067741 
6.054838 
6.087096 
6.609677 
6.732257 
6.832257 
6.909677 
6.974193 
7.048386 
7.096773 
7.154838 
7.16129 
7.229032 
7.280644 
7.409677 
7.703225 
7.987096 
8.232257 
8.406451 
8.480644 
8.480644 
8.370966 
8.232257 
8.00645 
7.72258 
7.077418 
6.819354 
6.648386 
6.716128 
6.803225 
6.893548 
6.980644 
7.058063 
7.093547 
7.158064 
7.180644 
7.245161 
7.28387 
7.312902 
7.329031 
7.367741 
7.390322 
7.409677 
7.432257 
7.432257 
7.451612 
7.464515 
7.477418 
7.493547 
7.509676 
7.774193 
8.067741 
8.196773 
8.151612 
7.925806 
7.593547 
7.267741 
7.203225 
7.248386 
7.28387 
7.309677 
7.332257 
7.361289 
7.380644 
6.990322 
6.916128 
10.01612 
12.99999 
9.790322 
6.238709 
5.990322 
6.603225 
6.703225 
6.812902 
6.874193 
6.967741 
7.019354 
7.054838 
7.154838 
7.190322 
7.229032 
7.274193 
7.341935 
7.664515 
7.938709 
8.203225 
8.370966 
8.477418 
8.499999 
8.412902 
8.261289 
8.035483 
7.767741 
7.48387 
7.170967 
6.916128 
6.690322 
6.670967 
6.780644 
6.880644 
6.938709 
6.999999 
7.064515 
7.125806 
7.180644 
7.219354 
7.267741 
7.287096 
7.358064 
7.341935 
7.377418 
7.399999 
7.412902 
7.406451 
7.458064 
7.44516 
7.451612 
7.470967 
7.480644 
7.670967 
7.964515 
8.154838 
8.180644 
8.025805 
7.738709 
7.377418 
7.196774 
7.241935 
7.270967 
7.299999 
7.329031 
7.364515 
7.390322 
7.26129 
6.593547 
8.577418 
12.39354 
11.36451 
7.096773 
5.874193 
6.467741 
6.674193 
6.780644 
6.867741 
6.958064 
6.999999 
7.08387 
7.154838 
7.193548 
7.22258 
7.235483 
7.270967 
7.548386 
7.84516 
8.080644 
8.299999 
8.454837 
8.512902 
8.464515 
8.332257 
8.14516 
7.88387 
7.567741 
7.306451 
7.032257 
6.767741 
6.648386 
6.738709 
6.816128 
6.92258 
6.98387 
7.054838 
7.109676 
7.18387 
7.193548 
7.225806 
7.277419 
7.303225 
7.341935 
7.338709 
7.374193 
7.393548 
7.416128 
7.44516 
7.448386 
7.461289 
7.477418 
7.48387 
7.538709 
7.832257 
8.093547 
8.225806 
8.141935 
7.861289 
7.529031 
7.206451 
7.216128 
7.248386 
7.287096 
7.32258 
7.341935 
7.335483 
7.364515 
6.816128 
7.338709 
10.75161 
12.79354 
8.951612 
6.032257 
6.125806 
6.664515 
6.716128 
6.799999 
6.899999 
6.94516 
7.029031 
7.109676 
7.167741 
7.196774 
7.212903 
7.254838 
7.412902 
7.703225 
7.980644 
8.225806 
8.393548 
8.477418 
8.477418 
8.377418 
8.222579 
7.996773 
7.709677 
7.377418 
7.135483 
6.887096 
6.690322 
6.699999 
6.793548 
6.864515 
6.92258 
7.04516 
7.080644 
7.141935 
7.193548 
7.241935 
7.267741 
7.290322 
7.319354 
7.354838 
7.364515 
7.387096 
7.393548 
7.438709 
7.448386 
7.474193 
7.470967 
7.480644 
7.487096 
7.725806 
8.003225 
8.18387 
8.164515 
7.970967 
7.658064 
7.351612 
7.196774 
7.235483 
7.258064 
7.316128 
7.34516 
7.370967 
7.38387 
7.167741 
6.632257 
9.151612 
9.793547 
6.203225 
5.999999 
6.58387 
6.719354 
6.78387 
6.887096 
6.94516 
7.025805 
7.080644 
7.141935 
7.196774 
7.206451 
7.26129 
7.351612 
7.641935 
7.948386 
8.229031 
8.370966 
8.487095 
8.490322 
8.403224 
8.264515 
8.035483 
7.777419 
7.474193 
7.174193 
6.92258 
6.712903 
6.709677 
6.793548 
6.870967 
6.935483 
6.996773 
7.051612 
7.138709 
7.187096 
7.238709 
7.248386 
7.316128 
7.341935 
7.367741 
7.393548 
7.412902 
7.419354 
7.42258 
7.441935 
7.458064 
7.470967 
7.451612 
7.454838 
7.66129 
7.951612 
8.170967 
8.199999 
8.051611 
7.729032 
7.374193 
7.18387 
7.219354 
7.270967 
7.287096 
7.329031 
7.370967 
7.396773 
7.245161 
6.62258 
8.551611 
12.36451 
11.42257 
7.116128 
5.867741 
6.438709 
6.664515 
6.777419 
6.867741 
6.951612 
6.993547 
7.074193 
7.099999 
7.170967 
7.219354 
7.238709 
7.293548 
7.558063 
7.835483 
8.093547 
8.309677 
8.448386 
8.50645 
8.474192 
8.329031 
8.16129 
7.890322 
7.580644 
7.287096 
7.009676 
6.780644 
6.645161 
6.758064 
6.832257 
6.919354 
6.974193 
7.051612 
7.109676 
7.158064 
7.199999 
7.245161 
7.26129 
7.306451 
7.32258 
7.351612 
7.393548 
7.412902 
7.419354 
7.425806 
7.432257 
7.470967 
7.487096 
7.48387 
7.509676 
7.780644 
8.067741 
8.209676 
8.16129 
7.938709 
7.587096 
7.267741 
7.219354 
7.264515 
7.277419 
7.325806 
7.32258 
7.367741 
7.380644 
6.970967 
6.916128 
10.03225 
13.03225 
9.770967 
6.229032 
5.993547 
6.567741 
6.72258 
6.780644 
6.861289 
6.954838 
7.02258 
7.116128 
7.154838 
7.190322 
7.225806 
7.270967 
7.299999 
7.580644 
7.84516 
8.106451 
8.309677 
8.441934 
8.503225 
8.48387 
8.338708 
8.141935 
7.896773 
7.577418 
7.296773 
7.058063 
6.780644 
6.635483 
6.735483 
6.832257 
6.890322 
6.993547 
7.048386 
7.119354 
7.177419 
7.203225 
7.270967 
7.293548 
7.316128 
7.348386 
7.34516 
7.387096 
7.367741 
7.42258 
7.467741 
7.461289 
7.477418 
7.493547 
7.48387 
7.535483 
7.529031 
7.461289 
7.290322 
7.025805 
6.461289 
5.393548 
4.34516 
3.512902 
4.061289 
5.332257 
6.848386 
8.196773 
8.961289 
9.312902 
9.609676 
9.525805 
9.458064 
9.277419 
9.18387 
9.138709 
9.051611 
9.048386 
8.916128 
8.951612 
8.967741 
9.016128 
8.951612 
8.88387 
8.722579 
8.432257 
8.074193 
7.732257 
7.377418 
7.099999 
6.958064 
6.838709 
6.72258 
6.670967 
6.606451 
6.703225 
6.803225 
6.890322 
6.954838 
7.012902 
7.080644 
7.125806 
7.164515 
7.229032 
7.267741 
7.270967 
7.312902 
7.341935 
7.354838 
7.358064 
7.387096 
7.412902 
7.425806 
7.432257 
7.467741 
7.467741 
7.464515 
7.470967 
7.490322 
7.506451 
7.496773 
7.503225 
7.52258 
7.509676 
7.751612 
8.019353 
8.216128 
8.180644 
7.964515 
7.641935 
7.325806 
7.199999 
7.229032 
7.277419 
7.293548 
7.316128 
7.351612 
7.361289 
7.093547 
6.66129 
9.299999 
12.83548 
10.50644 
6.499999 
5.877418 
6.538709 
6.664515 
6.777419 
6.864515 
6.925806 
6.999999 
7.04516 
7.12258 
7.164515 
7.193548 
7.245161 
7.28387 
7.587096 
7.867741 
8.116127 
8.32258 
8.425806 
8.477418 
8.438709 
8.280644 
8.074193 
7.809677 
7.509676 
7.22258 
6.958064 
6.732257 
6.670967 
6.76129 
6.84516 
6.929031 
6.990322 
7.04516 
7.096773 
7.154838 
7.190322 
7.235483 
7.26129 
7.28387 
7.325806 
7.341935 
7.370967 
7.403225 
7.432257 
7.461289 
7.435483 
7.477418 
7.470967 
7.480644 
7.58387 
7.893548 
8.154838 
8.196773 
8.103224 
7.803225 
7.44516 
7.203225 
7.235483 
7.264515 
7.287096 
7.309677 
7.316128 
7.367741 
7.351612 
6.687096 
7.770967 
11.49354 
12.28064 
8.125805 
5.929031 
6.267741 
6.638709 
6.735483 
6.803225 
6.909677 
6.961289 
7.048386 
7.135483 
7.170967 
7.203225 
7.254838 
7.293548 
7.454838 
7.774193 
8.041934 
8.225806 
8.406451 
8.474192 
8.429031 
8.354838 
8.174193 
7.92258 
7.648386 
7.341935 
7.061289 
6.812902 
6.635483 
6.687096 
6.816128 
6.887096 
6.987096 
7.038709 
7.096773 
7.158064 
7.199999 
7.248386 
7.280644 
7.303225 
7.351612 
7.354838 
7.374193 
7.377418 
7.396773 
7.425806 
7.438709 
7.464515 
7.48387 
7.48387 
7.506451 
7.787096 
8.048386 
8.212903 
8.135483 
7.890322 
7.577418 
7.245161 
7.203225 
7.241935 
7.251612 
7.303225 
7.338709 
7.370967 
7.387096 
6.954838 
6.964515 
10.14838 
12.99999 
9.606451 
6.16129 
5.999999 
6.574193 
6.693548 
6.780644 
6.864515 
6.958064 
7.019354 
7.077418 
7.141935 
7.18387 
7.216128 
7.28387 
7.361289 
7.687096 
7.941935 
8.187096 
8.370966 
8.464515 
8.496773 
8.406451 
8.241934 
8.019353 
7.751612 
7.464515 
7.158064 
6.893548 
6.68387 
6.680644 
6.777419 
6.867741 
6.94516 
7.009676 
7.087096 
7.135483 
7.174193 
7.225806 
7.251612 
7.293548 
7.312902 
7.351612 
7.361289 
7.393548 
7.396773 
7.42258 
7.448386 
7.461289 
7.451612 
7.470967 
7.487096 
7.690322 
7.970967 
8.16129 
8.196773 
8.02258 
7.706451 
7.377418 
7.177419 
7.229032 
7.264515 
7.306451 
7.32258 
7.351612 
7.393548 
7.245161 
6.596773 
8.599999 
12.39999 
11.34516 
7.074193 
5.877418 
6.461289 
6.664515 
6.770967 
6.867741 
6.932257 
7.003225 
7.064515 
7.116128 
7.167741 
7.219354 
7.248386 
7.287096 
7.909677 
8.164515 
8.335483 
8.464515 
8.496773 
8.429031 
8.28387 
8.070966 
7.812902 
7.493547 
7.212903 
6.948386 
6.709677 
6.670967 
6.76129 
6.854838 
6.938709 
6.996773 
7.064515 
7.132257 
7.16129 
7.199999 
7.251612 
7.274193 
7.316128 
7.332257 
7.370967 
7.390322 
7.409677 
7.429031 
7.461289 
7.458064 
7.477418 
7.464515 
7.480644 
7.564515 
7.874193 
8.119354 
8.222579 
8.116127 
7.819354 
7.477418 
7.216128 
7.225806 
7.258064 
7.287096 
7.309677 
7.348386 
7.38387 
7.374193 
6.716128 
7.648386 
11.26451 
12.46128 
8.393548 
5.958064 
6.225806 
6.625806 
6.729032 
6.816128 
6.909677 
6.990322 
7.077418 
7.12258 
7.148386 
7.209677 
7.251612 
7.287096 
7.490322 
7.758064 
8.016128 
8.238709 
8.419354 
8.461289 
8.454837 
8.374193 
8.203225 
7.954838 
7.66129 
7.364515 
7.103225 
6.848386 
6.641935 
6.709677 
6.806451 
6.890322 
6.980644 
7.051612 
7.129032 
7.16129 
7.199999 
7.206451 
7.296773 
7.280644 
7.335483 
7.354838 
7.370967 
7.399999 
7.416128 
7.435483 
7.477418 
7.458064 
7.487096 
7.496773 
7.516128 
7.78387 
8.048386 
8.199999 
8.14516 
7.941935 
7.625806 
7.312902 
7.206451 
7.241935 
7.299999 
7.299999 
7.309677 
7.341935 
7.364515 
7.029031 
6.780644 
9.709676 
12.96774 
10.09677 
6.325806 
5.990322 
6.570967 
6.687096 
6.774193 
6.877418 
6.954838 
7.041934 
7.08387 
7.151612 
7.174193 
7.229032 
7.264515 
7.299999 
7.593547 
7.877418 
8.129031 
8.335483 
8.451612 
8.516128 
8.454837 
8.287096 
8.103224 
7.861289 
7.541934 
7.251612 
6.977418 
6.745161 
6.641935 
6.764515 
6.864515 
6.932257 
6.990322 
7.054838 
7.119354 
7.164515 
7.229032 
7.277419 
7.290322 
7.316128 
7.364515 
7.370967 
7.377418 
7.399999 
7.396773 
7.435483 
7.441935 
7.461289 
7.464515 
7.474193 
7.612902 
7.912902 
8.138709 
8.203225 
8.096773 
7.793548 
7.448386 
7.180644 
7.22258 
7.26129 
7.296773 
7.319354 
7.335483 
7.361289 
7.348386 
6.709677 
7.751612 
11.44838 
12.33548 
8.180644 
5.932257 
6.248386 
6.625806 
6.735483 
6.835483 
6.899999 
6.98387 
7.064515 
7.135483 
7.177419 
7.22258 
7.22258 
7.280644 
7.451612 
7.751612 
8.041934 
8.267741 
8.435482 
8.493547 
8.470967 
8.393548 
8.206451 
7.961289 
7.667741 
7.374193 
7.04516 
6.832257 
6.635483 
6.719354 
6.796773 
6.887096 
6.948386 
7.035483 
7.096773 
7.167741 
7.170967 
7.212903 
7.254838 
7.299999 
7.329031 
7.351612 
7.38387 
7.406451 
7.409677 
7.435483 
7.44516 
7.448386 
7.48387 
7.467741 
7.503225 
7.790322 
8.038708 
8.206451 
8.164515 
7.932257 
7.62258 
7.245161 
7.258064 
7.270967 
7.316128 
7.335483 
7.387096 
7.377418 
6.82258 
7.312902 
10.71612 
12.81935 
8.996773 
6.038709 
6.096773 
6.612903 
6.732257 
6.832257 
6.893548 
6.980644 
7.038709 
7.106451 
7.148386 
7.177419 
7.229032 
7.264515 
7.42258 
7.712903 
7.977418 
8.229031 
8.409676 
8.490322 
8.467741 
8.406451 
8.216128 
7.977418 
7.699999 
7.409677 
7.238709 
6.954838 
6.712903 
6.648386 
6.767741 
6.858064 
6.941935 
7.041934 
7.096773 
7.116128 
7.180644 
7.248386 
7.277419 
7.290322 
7.316128 
7.348386 
7.387096 
7.399999 
7.412902 
7.432257 
7.458064 
7.477418 
7.474193 
7.496773 
7.48387 
7.548386 
7.861289 
8.122579 
8.209676 
8.096773 
7.825806 
7.487096 
7.190322 
7.216128 
7.241935 
7.277419 
7.325806 
7.341935 
7.351612 
7.358064 
6.754838 
7.538709 
11.05806 
12.59999 
8.625805 
5.977418 
6.167741 
6.625806 
6.738709 
6.832257 
6.906451 
6.967741 
7.041934 
7.090322 
7.145161 
7.196774 
7.248386 
7.28387 
7.448386 
7.735483 
7.977418 
8.245161 
8.406451 
8.496773 
8.490322 
8.393548 
8.206451 
7.970967 
7.706451 
7.38387 
7.099999 
6.877418 
6.658064 
6.725806 
6.787096 
6.887096 
6.958064 
7.032257 
7.109676 
7.132257 
7.196774 
7.238709 
7.254838 
7.251612 
7.329031 
7.361289 
7.390322 
7.387096 
7.416128 
7.432257 
7.438709 
7.458064 
7.487096 
7.480644 
7.493547 
7.754838 
8.012902 
8.199999 
8.154838 
7.954838 
7.625806 
7.303225 
7.206451 
7.238709 
7.290322 
7.312902 
7.341935 
7.354838 
7.396773 
7.087096 
6.725806 
9.580644 
12.97741 
10.21612 
6.38387 
5.94516 
6.58387 
6.693548 
6.816128 
6.896773 
6.951612 
7.025805 
7.077418 
7.138709 
7.180644 
7.219354 
7.267741 
7.325806 
7.62258 
7.909677 
8.167741 
8.338708 
8.451612 
8.467741 
8.438709 
8.296773 
8.061289 
7.799999 
7.499999 
7.219354 
6.925806 
6.696774 
6.651612 
6.754838 
6.841935 
6.938709 
7.003225 
7.080644 
7.132257 
7.170967 
7.219354 
7.26129 
7.280644 
7.312902 
7.338709 
7.361289 
7.380644 
7.419354 
7.438709 
7.44516 
7.451612 
7.470967 
7.470967 
7.474193 
7.648386 
7.951612 
8.14516 
8.203225 
8.061289 
7.76129 
7.425806 
7.180644 
7.22258 
7.264515 
7.309677 
7.32258 
7.354838 
7.370967 
7.325806 
6.641935 
8.099999 
11.91935 
11.94193 
7.638709 
5.887096 
6.364515 
6.664515 
6.770967 
6.861289 
6.929031 
6.990322 
7.025805 
7.116128 
7.158064 
7.206451 
7.251612 
7.264515 
7.509676 
7.799999 
8.080644 
8.264515 
8.409676 
8.490322 
8.454837 
8.354838 
8.151612 
7.948386 
7.62258 
7.332257 
7.067741 
6.796773 
6.687096 
6.729032 
6.929031 
6.990322 
7.058063 
7.12258 
7.170967 
7.212903 
7.251612 
7.277419 
7.316128 
7.354838 
7.377418 
7.387096 
7.403225 
7.425806 
7.451612 
7.44516 
7.461289 
7.477418 
7.48387 
7.599999 
7.654838 
7.970967 
8.174193 
8.216128 
8.061289 
7.693548 
7.387096 
7.174193 
7.235483 
7.274193 
7.312902 
7.32258 
7.364515 
7.387096 
7.287096 
6.58387 
8.44516 
12.27741 
11.57741 
7.270967 
5.893548 
6.441935 
6.670967 
6.758064 
6.841935 
6.932257 
6.990322 
7.048386 
7.112902 
7.177419 
7.229032 
7.254838 
7.299999 
7.538709 
7.854838 
8.099999 
8.303225 
8.44516 
8.48387 
8.448386 
8.348386 
8.151612 
7.896773 
7.619354 
7.303225 
7.032257 
6.767741 
6.66129 
6.745161 
6.832257 
6.899999 
6.993547 
7.032257 
7.116128 
7.16129 
7.216128 
7.254838 
7.293548 
7.32258 
7.348386 
7.351612 
7.364515 
7.412902 
7.42258 
7.42258 
7.454838 
7.470967 
7.470967 
7.48387 
7.525805 
7.812902 
8.087096 
8.206451 
8.14516 
7.877418 
7.499999 
7.22258 
7.206451 
7.267741 
7.290322 
7.329031 
7.354838 
7.351612 
7.367741 
6.867741 
7.177419 
10.48064 
12.89999 
9.245161 
6.106451 
6.067741 
6.590322 
6.748386 
6.799999 
6.893548 
6.98387 
7.02258 
7.087096 
7.151612 
7.177419 
7.22258 
7.251612 
7.374193 
7.680644 
7.925806 
8.180644 
8.338708 
8.454837 
8.480644 
8.44516 
8.296773 
8.070966 
7.787096 
7.490322 
7.174193 
6.916128 
6.703225 
6.667741 
6.751612 
6.854838 
6.929031 
6.996773 
7.154838 
7.145161 
7.203225 
7.209677 
7.274193 
7.290322 
7.316128 
7.361289 
7.367741 
7.38387 
7.399999 
7.435483 
7.435483 
7.454838 
7.464515 
7.470967 
7.477418 
7.48387 
7.519354 
7.406451 
7.22258 
6.919354 
6.158064 
4.980644 
4.106451 
3.348387 
4.516128 
5.899999 
7.548386 
8.593547 
9.080644 
9.487095 
9.574193 
9.512902 
9.32258 
9.232257 
9.16129 
9.135482 
9.019353 
8.996773 
8.948386 
8.980644 
9.041934 
8.970967 
8.919354 
8.777419 
8.558063 
8.216128 
7.858064 
7.512902 
7.229032 
7.025805 
6.858064 
6.758064 
6.62258 
6.564515 
6.664515 
6.774193 
6.82258 
6.916128 
6.980644 
7.038709 
7.093547 
7.164515 
7.196774 
7.229032 
7.270967 
7.270967 
7.325806 
7.361289 
7.351612 
7.38387 
7.403225 
7.416128 
7.419354 
7.425806 
7.441935 
7.461289 
7.470967 
7.480644 
7.490322 
7.490322 
7.490322 
7.480644 
7.506451 
7.496773 
7.503225 
7.706451 
8.009676 
8.190321 
8.199999 
8.009676 
7.677419 
7.332257 
7.18387 
7.209677 
7.264515 
7.270967 
7.332257 
7.348386 
7.380644 
7.203225 
6.587096 
8.896773 
12.62257 
11.00322 
6.777419 
5.877418 
6.693548 
6.790322 
6.864515 
6.94516 
7.02258 
7.096773 
7.132257 
7.18387 
7.216128 
7.258064 
7.338709 
7.62258 
7.899999 
8.167741 
8.351612 
8.448386 
8.470967 
8.419354 
8.261289 
8.038708 
7.770967 
7.480644 
7.18387 
6.912902 
6.690322 
6.651612 
6.76129 
6.838709 
6.909677 
6.999999 
7.058063 
7.132257 
7.167741 
7.203225 
7.245161 
7.267741 
7.312902 
7.348386 
7.361289 
7.393548 
7.412902 
7.399999 
7.435483 
7.461289 
7.458064 
7.470967 
7.48387 
7.629032 
7.951612 
8.135483 
8.216128 
8.048386 
7.758064 
7.42258 
7.170967 
7.235483 
7.270967 
7.287096 
7.329031 
7.377418 
7.367741 
7.296773 
6.629032 
8.187096 
12.01935 
11.81612 
7.54516 
5.874193 
6.348386 
6.651612 
6.748386 
6.832257 
6.906451 
6.98387 
7.051612 
7.112902 
7.167741 
7.203225 
7.248386 
7.264515 
7.487096 
7.799999 
8.064515 
8.258064 
8.435482 
8.496773 
8.451612 
8.348386 
8.16129 
7.848386 
7.625806 
7.316128 
7.051612 
6.790322 
6.632257 
6.68387 
6.816128 
6.896773 
6.980644 
7.035483 
7.119354 
7.151612 
7.190322 
7.241935 
7.254838 
7.303225 
7.341935 
7.348386 
7.370967 
7.377418 
7.409677 
7.451612 
7.451612 
7.467741 
7.461289 
7.493547 
7.52258 
7.816128 
8.090321 
8.212903 
8.135483 
7.899999 
7.567741 
7.245161 
7.206451 
7.238709 
7.274193 
7.296773 
7.348386 
7.354838 
7.38387 
6.912902 
7.08387 
10.27741 
12.99032 
9.487095 
6.154838 
6.038709 
6.606451 
6.706451 
6.806451 
6.88387 
6.961289 
7.019354 
7.090322 
7.154838 
7.180644 
7.22258 
7.254838 
7.364515 
7.677419 
7.948386 
8.206451 
8.377418 
8.48387 
8.503225 
8.432257 
8.258064 
8.029031 
7.751612 
7.458064 
7.167741 
6.903225 
6.658064 
6.68387 
6.76129 
6.861289 
6.948386 
7.025805 
7.08387 
7.132257 
7.164515 
7.219354 
7.251612 
7.28387 
7.312902 
7.351612 
7.374193 
7.370967 
7.403225 
7.416128 
7.44516 
7.464515 
7.451612 
7.490322 
7.490322 
7.693548 
7.987096 
8.177418 
8.196773 
8.019353 
7.838709 
7.474193 
7.187096 
7.209677 
7.248386 
7.274193 
7.306451 
7.348386 
7.358064 
7.370967 
6.748386 
7.535483 
11.08386 
12.60645 
8.606451 
5.990322 
6.180644 
6.625806 
6.732257 
6.832257 
6.877418 
6.970967 
7.051612 
7.112902 
7.154838 
7.196774 
7.241935 
7.277419 
7.441935 
7.732257 
8.003225 
8.248386 
8.406451 
8.474192 
8.480644 
8.374193 
8.203225 
7.977418 
7.677419 
7.387096 
7.087096 
6.848386 
6.651612 
6.729032 
6.799999 
6.890322 
6.970967 
7.054838 
7.093547 
7.145161 
7.193548 
7.235483 
7.277419 
7.319354 
7.325806 
7.361289 
7.393548 
7.403225 
7.396773 
7.448386 
7.458064 
7.477418 
7.490322 
7.477418 
7.767741 
8.058063 
8.203225 
8.14516 
7.951612 
7.603225 
7.28387 
7.196774 
7.238709 
7.290322 
7.296773 
7.319354 
7.351612 
7.387096 
7.035483 
6.835483 
9.796773 
13.01612 
10.01612 
6.299999 
5.954838 
6.570967 
6.709677 
6.793548 
6.880644 
6.961289 
7.025805 
7.067741 
7.138709 
7.18387 
7.232257 
7.254838 
7.332257 
7.641935 
7.932257 
8.180644 
8.338708 
8.487095 
8.490322 
8.435482 
8.254837 
8.051611 
7.774193 
7.490322 
7.196774 
6.919354 
6.716128 
6.667741 
6.78387 
6.858064 
6.925806 
7.019354 
7.058063 
7.129032 
7.177419 
7.216128 
7.245161 
7.280644 
7.316128 
7.341935 
7.354838 
7.390322 
7.412902 
7.432257 
7.454838 
7.438709 
7.48387 
7.490322 
7.48387 
7.658064 
7.951612 
8.167741 
8.219354 
8.067741 
7.748386 
7.406451 
7.18387 
7.229032 
7.264515 
7.299999 
7.316128 
7.367741 
7.374193 
7.319354 
6.62258 
8.245161 
12.07419 
11.75161 
7.474193 
5.893548 
6.38387 
6.658064 
6.76129 
6.841935 
6.935483 
6.993547 
7.064515 
7.112902 
7.167741 
7.203225 
7.248386 
7.287096 
7.516128 
7.809677 
8.080644 
8.287096 
8.416128 
8.499999 
8.451612 
8.348386 
8.158063 
7.899999 
7.612902 
7.319354 
7.048386 
6.806451 
6.635483 
6.735483 
6.835483 
6.909677 
6.980644 
7.054838 
7.106451 
7.151612 
7.206451 
7.245161 
7.277419 
7.325806 
7.332257 
7.361289 
7.374193 
7.406451 
7.42258 
7.448386 
7.454838 
7.464515 
7.467741 
7.477418 
7.525805 
7.851612 
8.103224 
8.245161 
8.138709 
7.88387 
7.564515 
7.245161 
7.232257 
7.277419 
7.287096 
7.316128 
7.361289 
7.374193 
7.393548 
6.896773 
7.145161 
10.47741 
12.91935 
9.274192 
6.099999 
6.051612 
6.609677 
6.741935 
6.816128 
6.903225 
6.980644 
7.035483 
7.080644 
7.138709 
7.170967 
7.225806 
7.264515 
7.393548 
7.674193 
7.958064 
8.203225 
8.370966 
8.493547 
8.477418 
8.409676 
8.232257 
8.02258 
7.732257 
7.438709 
7.145161 
6.88387 
6.680644 
6.687096 
6.780644 
6.877418 
6.951612 
7.032257 
7.074193 
7.141935 
7.190322 
7.225806 
7.248386 
7.303225 
7.319354 
7.354838 
7.377418 
7.409677 
7.412902 
7.432257 
7.441935 
7.461289 
7.458064 
7.467741 
7.48387 
7.68387 
7.990322 
8.167741 
8.164515 
7.999999 
7.680644 
7.361289 
7.193548 
7.232257 
7.270967 
7.309677 
7.341935 
7.374193 
7.399999 
7.245161 
6.616128 
8.870966 
12.6258 
11.09677 
6.870967 
5.877418 
6.493547 
6.670967 
6.770967 
6.858064 
6.951612 
7.029031 
7.087096 
7.129032 
7.170967 
7.203225 
7.270967 
7.290322 
7.548386 
7.854838 
8.109676 
8.316128 
8.503225 
8.416128 
8.274192 
8.029031 
7.793548 
7.48387 
7.196774 
6.919354 
6.690322 
6.677419 
6.774193 
6.870967 
6.958064 
7.019354 
7.067741 
7.12258 
7.177419 
7.209677 
7.232257 
7.2741