7.090322 
7.145161 
7.193548 
7.235483 
7.28387 
7.277419 
7.325806 
7.354838 
7.387096 
7.393548 
7.42258 
7.44516 
7.451612 
7.461289 
7.461289 
7.48387 
7.490322 
7.72258 
8.009676 
8.190321 
8.177418 
7.98387 
7.680644 
7.354838 
7.209677 
7.267741 
7.280644 
7.293548 
7.341935 
7.361289 
7.374193 
7.187096 
6.651612 
9.116127 
12.77419 
10.75483 
6.648386 
5.877418 
6.52258 
6.667741 
6.751612 
6.858064 
6.94516 
7.02258 
7.093547 
7.158064 
7.174193 
7.216128 
7.254838 
7.267741 
7.877418 
8.141935 
8.348386 
8.461289 
8.493547 
8.458064 
8.293547 
8.083869 
7.803225 
7.525805 
7.238709 
6.964515 
6.748386 
6.658064 
6.758064 
6.877418 
6.941935 
7.006451 
7.070967 
7.119354 
7.177419 
7.209677 
7.241935 
7.287096 
7.319354 
7.335483 
7.364515 
7.403225 
7.416128 
7.416128 
7.441935 
7.467741 
7.477418 
7.487096 
7.477418 
7.616128 
7.919354 
8.141935 
8.196773 
8.074193 
7.764515 
7.432257 
7.180644 
7.232257 
7.251612 
7.296773 
7.309677 
7.351612 
7.367741 
7.338709 
6.674193 
7.977418 
11.75806 
12.06774 
7.848386 
5.903225 
6.319354 
6.648386 
6.754838 
6.838709 
6.92258 
6.98387 
7.054838 
7.12258 
7.174193 
7.199999 
7.251612 
7.28387 
7.48387 
7.790322 
8.054838 
8.258064 
8.438709 
8.48387 
8.461289 
8.354838 
8.187096 
7.938709 
7.664515 
7.370967 
7.070967 
6.819354 
6.648386 
6.709677 
6.819354 
6.896773 
6.964515 
7.035483 
7.093547 
7.154838 
7.187096 
7.251612 
7.26129 
7.32258 
7.332257 
7.358064 
7.377418 
7.396773 
7.412902 
7.435483 
7.435483 
7.474193 
7.467741 
7.490322 
7.496773 
7.78387 
8.054838 
8.209676 
8.14516 
7.919354 
7.58387 
7.254838 
7.199999 
7.245161 
7.28387 
7.32258 
7.335483 
7.361289 
7.374193 
7.009676 
6.864515 
9.94516 
13.02903 
9.916128 
6.258064 
5.970967 
6.570967 
6.703225 
6.796773 
6.887096 
6.961289 
7.041934 
7.099999 
7.151612 
7.193548 
7.225806 
7.241935 
7.370967 
7.658064 
7.941935 
8.18387 
8.367741 
8.477418 
8.493547 
8.432257 
8.251612 
8.041934 
7.754838 
7.48387 
7.164515 
6.916128 
6.696774 
6.680644 
6.767741 
6.864515 
6.929031 
7.019354 
7.064515 
7.132257 
7.187096 
7.225806 
7.26129 
7.290322 
7.319354 
7.341935 
7.364515 
7.380644 
7.396773 
7.438709 
7.435483 
7.425806 
7.44516 
7.477418 
7.487096 
7.658064 
7.964515 
8.16129 
8.206451 
8.041934 
7.748386 
7.406451 
7.196774 
7.232257 
7.245161 
7.296773 
7.309677 
7.351612 
7.406451 
7.299999 
6.632257 
8.303225 
12.14838 
11.69999 
7.399999 
5.880644 
6.387096 
6.654838 
6.780644 
6.851612 
6.916128 
6.993547 
7.077418 
7.119354 
7.167741 
7.212903 
7.254838 
7.293548 
7.535483 
7.809677 
8.087096 
8.287096 
8.429031 
8.496773 
8.448386 
8.348386 
8.151612 
7.893548 
7.599999 
7.306451 
7.035483 
6.774193 
6.635483 
6.716128 
6.816128 
6.916128 
6.987096 
7.061289 
7.116128 
7.158064 
7.206451 
7.248386 
7.287096 
7.316128 
7.341935 
7.374193 
7.38387 
7.390322 
7.42258 
7.451612 
7.458064 
7.470967 
7.464515 
7.470967 
7.535483 
7.82258 
8.096773 
8.225806 
8.14516 
7.877418 
7.529031 
7.235483 
7.274193 
7.296773 
7.335483 
7.341935 
7.370967 
7.348386 
6.696774 
7.790322 
11.48709 
12.26774 
8.116127 
5.903225 
6.277419 
6.674193 
6.748386 
6.832257 
6.909677 
6.98387 
7.051612 
7.106451 
7.174193 
7.199999 
7.245161 
7.28387 
7.470967 
7.777419 
8.035483 
8.258064 
8.419354 
8.480644 
8.467741 
8.370966 
8.187096 
7.938709 
7.645161 
7.361289 
7.08387 
6.832257 
6.654838 
6.719354 
6.812902 
6.890322 
6.980644 
7.038709 
7.112902 
7.16129 
7.199999 
7.245161 
7.277419 
7.306451 
7.312902 
7.354838 
7.367741 
7.377418 
7.416128 
7.458064 
7.44516 
7.454838 
7.458064 
7.48387 
7.503225 
7.780644 
8.058063 
8.219354 
8.154838 
7.935483 
7.606451 
7.293548 
7.203225 
7.238709 
7.270967 
7.299999 
7.348386 
7.370967 
7.393548 
7.032257 
6.825806 
9.841935 
12.99677 
9.948386 
6.290322 
5.938709 
6.590322 
6.690322 
6.806451 
6.896773 
6.961289 
7.032257 
7.090322 
7.145161 
7.177419 
7.225806 
7.270967 
7.354838 
7.648386 
7.92258 
8.180644 
8.361289 
8.470967 
8.503225 
8.416128 
8.264515 
8.032257 
7.76129 
7.470967 
7.187096 
6.909677 
6.677419 
6.670967 
6.76129 
6.854838 
6.948386 
7.02258 
7.070967 
7.12258 
7.180644 
7.203225 
7.248386 
7.287096 
7.319354 
7.351612 
7.367741 
7.377418 
7.412902 
7.432257 
7.438709 
7.454838 
7.470967 
7.480644 
7.490322 
7.645161 
7.948386 
8.170967 
8.206451 
8.048386 
7.770967 
7.416128 
7.209677 
7.245161 
7.277419 
7.303225 
7.32258 
7.34516 
7.341935 
7.306451 
6.651612 
8.170967 
11.98709 
11.85806 
7.561289 
5.880644 
6.361289 
6.632257 
6.76129 
6.838709 
6.919354 
6.993547 
7.061289 
7.12258 
7.180644 
7.196774 
7.251612 
7.28387 
7.509676 
7.793548 
8.067741 
8.264515 
8.422579 
8.48387 
8.454837 
8.34516 
8.167741 
7.919354 
7.635483 
7.34516 
7.04516 
6.819354 
6.625806 
6.725806 
6.829031 
6.890322 
6.948386 
7.041934 
7.112902 
7.16129 
7.216128 
7.258064 
7.274193 
7.341935 
7.32258 
7.348386 
7.374193 
7.393548 
7.412902 
7.416128 
7.451612 
7.464515 
7.490322 
7.490322 
7.490322 
7.803225 
8.077418 
8.222579 
8.138709 
7.903225 
7.574193 
7.245161 
7.199999 
7.212903 
7.277419 
7.312902 
7.361289 
7.361289 
7.393548 
6.906451 
7.058063 
10.28064 
12.96451 
9.458064 
6.145161 
6.02258 
6.603225 
6.703225 
6.809677 
6.890322 
6.935483 
7.058063 
7.093547 
7.135483 
7.190322 
7.219354 
7.264515 
7.377418 
7.677419 
7.958064 
8.209676 
8.380644 
8.48387 
8.503225 
8.419354 
8.251612 
8.016128 
7.732257 
7.448386 
7.164515 
6.903225 
6.670967 
6.658064 
6.790322 
6.961289 
7.048386 
7.099999 
7.148386 
7.18387 
7.232257 
7.26129 
7.306451 
7.329031 
7.34516 
7.38387 
7.396773 
7.42258 
7.441935 
7.448386 
7.458064 
7.474193 
7.480644 
7.516128 
7.748386 
8.035483 
8.187096 
8.187096 
7.948386 
7.609676 
7.319354 
7.209677 
7.235483 
7.280644 
7.296773 
7.332257 
7.367741 
7.38387 
7.061289 
6.76129 
9.622579 
12.94838 
10.20322 
6.361289 
5.929031 
6.577418 
6.712903 
6.796773 
6.88387 
6.967741 
7.019354 
7.093547 
7.116128 
7.18387 
7.209677 
7.248386 
7.335483 
7.62258 
7.906451 
8.177418 
8.34516 
8.458064 
8.493547 
8.422579 
8.28387 
8.064515 
7.809677 
7.509676 
7.212903 
6.938709 
6.72258 
6.654838 
6.754838 
6.861289 
6.925806 
7.006451 
7.051612 
7.112902 
7.16129 
7.196774 
7.232257 
7.277419 
7.316128 
7.348386 
7.358064 
7.403225 
7.416128 
7.419354 
7.451612 
7.467741 
7.467741 
7.477418 
7.480644 
7.629032 
7.929031 
8.16129 
8.209676 
8.080644 
7.767741 
7.448386 
7.18387 
7.229032 
7.26129 
7.303225 
7.329031 
7.361289 
7.354838 
7.329031 
6.677419 
7.993547 
11.74838 
12.06128 
7.829031 
5.903225 
6.22258 
6.664515 
6.745161 
6.832257 
6.912902 
6.993547 
7.051612 
7.119354 
7.167741 
7.209677 
7.254838 
7.274193 
7.458064 
7.725806 
8.009676 
8.248386 
8.403224 
8.477418 
8.470967 
8.377418 
8.212903 
7.993547 
7.703225 
7.403225 
7.106451 
6.84516 
6.667741 
6.696774 
6.790322 
6.858064 
6.970967 
7.029031 
7.074193 
7.129032 
7.190322 
7.235483 
7.290322 
7.309677 
7.325806 
7.358064 
7.367741 
7.393548 
7.406451 
7.432257 
7.458064 
7.477418 
7.48387 
7.48387 
7.52258 
7.503225 
7.525805 
7.403225 
7.16129 
6.741935 
5.877418 
4.645161 
3.803225 
3.580645 
4.893548 
6.474193 
7.977418 
8.790322 
9.206451 
9.561289 
9.496773 
9.477418 
9.270967 
9.212903 
9.125805 
9.038708 
9.032257 
8.967741 
8.951612 
8.987095 
9.054838 
8.977418 
8.899999 
8.722579 
8.477418 
8.112902 
7.751612 
7.412902 
7.141935 
6.967741 
6.832257 
6.729032 
6.641935 
6.554838 
6.690322 
6.790322 
6.867741 
6.94516 
7.009676 
7.04516 
7.112902 
7.164515 
7.190322 
7.238709 
7.270967 
7.290322 
7.329031 
7.361289 
7.377418 
7.38387 
7.393548 
7.409677 
7.425806 
7.448386 
7.470967 
7.470967 
7.477418 
7.480644 
7.496773 
7.480644 
7.496773 
7.499999 
7.506451 
7.499999 
7.62258 
7.919354 
8.170967 
8.229031 
8.067741 
7.799999 
7.448386 
7.203225 
7.216128 
7.26129 
7.280644 
7.319354 
7.332257 
7.351612 
7.329031 
6.66129 
7.848386 
11.59354 
12.18387 
7.996773 
5.893548 
6.267741 
6.616128 
6.838709 
6.929031 
6.980644 
7.064515 
7.12258 
7.16129 
7.193548 
7.254838 
7.26129 
7.519354 
7.829031 
8.080644 
8.293547 
8.416128 
8.499999 
8.435482 
8.325805 
8.122579 
7.880644 
7.561289 
7.270967 
6.999999 
6.748386 
6.619354 
6.725806 
6.819354 
6.906451 
6.98387 
7.041934 
7.096773 
7.158064 
7.18387 
7.241935 
7.264515 
7.309677 
7.358064 
7.358064 
7.387096 
7.390322 
7.419354 
7.44516 
7.454838 
7.451612 
7.464515 
7.467741 
7.551612 
7.848386 
8.093547 
8.199999 
8.109676 
7.848386 
7.516128 
7.209677 
7.187096 
7.251612 
7.28387 
7.306451 
7.335483 
7.361289 
7.358064 
6.799999 
7.358064 
10.8258 
12.75161 
8.88387 
6.035483 
6.116128 
6.606451 
6.696774 
6.812902 
6.890322 
6.961289 
7.02258 
7.103225 
7.148386 
7.18387 
7.235483 
7.28387 
7.409677 
7.687096 
7.987096 
8.219354 
8.390321 
8.461289 
8.464515 
8.38387 
8.241934 
7.993547 
7.712903 
7.409677 
7.116128 
6.877418 
6.667741 
6.677419 
6.793548 
6.893548 
6.925806 
7.025805 
7.087096 
7.132257 
7.18387 
7.22258 
7.267741 
7.290322 
7.312902 
7.351612 
7.38387 
7.396773 
7.403225 
7.419354 
7.42258 
7.451612 
7.454838 
7.474193 
7.490322 
7.725806 
8.00645 
8.187096 
8.18387 
7.977418 
7.680644 
7.34516 
7.190322 
7.225806 
7.270967 
7.299999 
7.335483 
7.358064 
7.38387 
7.187096 
6.62258 
8.990322 
12.69354 
10.88064 
6.732257 
5.890322 
6.512902 
6.680644 
6.770967 
6.858064 
6.954838 
7.006451 
7.08387 
7.116128 
7.16129 
7.206451 
7.258064 
7.296773 
7.574193 
7.864515 
8.125805 
8.325805 
8.441934 
8.499999 
8.441934 
8.30645 
8.103224 
7.835483 
7.541934 
7.235483 
6.98387 
6.748386 
6.651612 
6.751612 
6.848386 
6.929031 
6.974193 
7.054838 
7.099999 
7.16129 
7.203225 
7.254838 
7.277419 
7.303225 
7.341935 
7.367741 
7.393548 
7.390322 
7.425806 
7.419354 
7.454838 
7.461289 
7.477418 
7.477418 
7.574193 
7.874193 
8.125805 
8.209676 
8.096773 
7.812902 
7.48387 
7.203225 
7.22258 
7.258064 
7.296773 
7.316128 
7.335483 
7.361289 
7.32258 
6.741935 
7.590322 
11.17741 
12.5129 
8.490322 
5.964515 
6.203225 
6.619354 
6.732257 
6.835483 
6.909677 
6.980644 
7.061289 
7.096773 
7.141935 
7.209677 
7.254838 
7.277419 
7.44516 
7.738709 
8.003225 
8.245161 
8.425806 
8.490322 
8.474192 
8.387096 
8.209676 
7.970967 
7.690322 
7.403225 
7.093547 
6.825806 
6.645161 
6.703225 
6.790322 
6.870967 
6.964515 
7.041934 
7.096773 
7.135483 
7.190322 
7.238709 
7.274193 
7.290322 
7.325806 
7.361289 
7.367741 
7.399999 
7.42258 
7.432257 
7.448386 
7.470967 
7.474193 
7.541934 
7.84516 
8.106451 
8.206451 
8.132257 
7.848386 
7.538709 
7.209677 
7.229032 
7.264515 
7.290322 
7.332257 
7.351612 
7.380644 
7.380644 
6.819354 
7.258064 
10.65483 
12.86128 
9.054838 
6.061289 
6.099999 
6.625806 
6.72258 
6.803225 
6.896773 
6.974193 
7.035483 
7.099999 
7.148386 
7.206451 
7.248386 
7.270967 
7.396773 
7.699999 
7.98387 
8.209676 
8.38387 
8.467741 
8.477418 
8.393548 
8.225806 
7.999999 
7.716128 
7.429031 
7.125806 
6.848386 
6.693548 
6.693548 
6.796773 
6.870967 
6.964515 
7.02258 
7.074193 
7.132257 
7.196774 
7.232257 
7.26129 
7.309677 
7.325806 
7.361289 
7.370967 
7.412902 
7.406451 
7.425806 
7.435483 
7.448386 
7.461289 
7.477418 
7.48387 
7.706451 
8.00645 
8.190321 
8.170967 
7.993547 
7.690322 
7.351612 
7.193548 
7.248386 
7.277419 
7.309677 
7.325806 
7.351612 
7.390322 
7.177419 
6.625806 
9.04516 
12.70645 
10.84838 
6.716128 
5.88387 
6.509676 
6.68387 
6.78387 
6.867741 
6.929031 
7.019354 
7.077418 
7.138709 
7.177419 
7.206451 
7.254838 
7.306451 
7.580644 
7.870967 
8.129031 
8.332257 
8.467741 
8.499999 
8.425806 
8.309677 
8.096773 
7.851612 
7.554838 
7.267741 
6.980644 
6.725806 
6.648386 
6.741935 
6.851612 
6.932257 
6.990322 
7.061289 
7.119354 
7.174193 
7.206451 
7.241935 
7.277419 
7.306451 
7.354838 
7.377418 
7.390322 
7.419354 
7.44516 
7.451612 
7.451612 
7.48387 
7.477418 
7.480644 
7.587096 
7.893548 
8.135483 
8.225806 
8.122579 
7.825806 
7.467741 
7.196774 
7.229032 
7.270967 
7.293548 
7.338709 
7.338709 
7.358064 
7.351612 
6.696774 
7.738709 
11.42903 
12.35806 
8.222579 
5.92258 
6.254838 
6.664515 
6.741935 
6.838709 
6.912902 
6.990322 
7.054838 
7.109676 
7.16129 
7.206451 
7.245161 
7.293548 
7.461289 
7.767741 
8.016128 
8.261289 
8.406451 
8.496773 
8.474192 
8.374193 
8.18387 
7.954838 
7.664515 
7.396773 
7.054838 
6.848386 
6.658064 
6.719354 
6.82258 
6.899999 
6.990322 
7.061289 
7.090322 
7.148386 
7.199999 
7.238709 
7.238709 
7.335483 
7.341935 
7.364515 
7.38387 
7.396773 
7.412902 
7.432257 
7.435483 
7.438709 
7.470967 
7.477418 
7.499999 
7.770967 
8.048386 
8.203225 
8.151612 
7.912902 
7.596773 
7.277419 
7.203225 
7.245161 
7.280644 
7.309677 
7.348386 
7.367741 
7.393548 
7.019354 
6.903225 
9.906451 
12.99354 
9.861289 
6.26129 
5.970967 
6.58387 
6.712903 
6.825806 
6.890322 
6.967741 
7.029031 
7.067741 
7.132257 
7.174193 
7.22258 
7.258064 
7.351612 
7.635483 
7.925806 
8.18387 
8.361289 
8.467741 
8.48387 
8.225806 
7.990322 
7.712903 
7.432257 
7.116128 
6.84516 
6.670967 
6.712903 
6.803225 
6.890322 
6.958064 
7.02258 
7.077418 
7.151612 
7.206451 
7.235483 
7.280644 
7.296773 
7.325806 
7.361289 
7.370967 
7.38387 
7.425806 
7.432257 
7.438709 
7.458064 
7.470967 
7.477418 
7.496773 
7.751612 
8.009676 
8.190321 
8.167741 
7.974193 
7.641935 
7.309677 
7.225806 
7.229032 
7.28387 
7.306451 
7.34516 
7.364515 
7.38387 
7.148386 
6.68387 
9.261289 
12.82903 
10.58386 
6.564515 
5.896773 
6.548386 
6.68387 
6.799999 
6.887096 
6.958064 
7.019354 
7.08387 
7.125806 
7.174193 
7.229032 
7.248386 
7.306451 
7.596773 
7.92258 
8.112902 
8.341935 
8.454837 
8.487095 
8.448386 
8.316128 
8.106451 
7.848386 
7.519354 
7.232257 
6.974193 
6.738709 
6.658064 
6.767741 
6.838709 
6.909677 
6.996773 
7.070967 
7.12258 
7.16129 
7.22258 
7.245161 
7.274193 
7.319354 
7.34516 
7.380644 
7.406451 
7.432257 
7.432257 
7.441935 
7.448386 
7.458064 
7.48387 
7.490322 
7.619354 
7.893548 
8.138709 
8.212903 
8.087096 
7.793548 
7.467741 
7.190322 
7.219354 
7.274193 
7.280644 
7.329031 
7.341935 
7.377418 
7.351612 
6.687096 
7.825806 
11.57419 
12.20322 
8.032257 
5.909677 
6.299999 
6.648386 
6.745161 
6.825806 
6.916128 
7.003225 
7.061289 
7.12258 
7.145161 
7.193548 
7.235483 
7.274193 
7.490322 
7.770967 
8.04516 
8.245161 
8.403224 
8.496773 
8.470967 
8.380644 
8.190321 
7.94516 
7.654838 
7.374193 
7.090322 
6.819354 
6.648386 
6.72258 
6.816128 
6.890322 
6.980644 
7.032257 
7.077418 
7.16129 
7.199999 
7.241935 
7.274193 
7.32258 
7.335483 
7.309677 
7.390322 
7.396773 
7.416128 
7.425806 
7.467741 
7.470967 
7.48387 
7.493547 
7.454838 
7.777419 
8.074193 
8.212903 
8.138709 
7.925806 
7.590322 
7.280644 
7.216128 
7.254838 
7.274193 
7.32258 
7.325806 
7.377418 
7.380644 
6.970967 
6.906451 
10.02257 
13.0129 
9.790322 
6.232257 
5.980644 
6.616128 
6.716128 
6.799999 
6.88387 
6.964515 
7.035483 
7.080644 
7.132257 
7.174193 
7.212903 
7.270967 
7.351612 
7.658064 
7.932257 
8.203225 
8.370966 
8.477418 
8.512902 
8.409676 
8.254837 
8.029031 
7.76129 
7.477418 
7.174193 
6.929031 
6.690322 
6.687096 
6.770967 
6.835483 
6.951612 
7.012902 
7.070967 
7.141935 
7.177419 
7.219354 
7.270967 
7.293548 
7.32258 
7.367741 
7.399999 
7.361289 
7.416128 
7.412902 
7.419354 
7.448386 
7.458064 
7.480644 
7.480644 
7.677419 
7.980644 
8.170967 
8.199999 
8.00645 
7.68387 
7.380644 
7.193548 
7.238709 
7.28387 
7.316128 
7.351612 
7.361289 
7.103225 
6.754838 
9.625805 
12.95806 
10.14838 
6.348386 
5.929031 
6.570967 
6.68387 
6.790322 
6.864515 
6.951612 
7.019354 
7.077418 
7.135483 
7.167741 
7.216128 
7.258064 
7.277419 
7.525805 
7.84516 
8.083869 
8.293547 
8.441934 
8.509676 
8.458064 
8.332257 
8.151612 
7.909677 
7.599999 
7.325806 
7.04516 
6.806451 
6.619354 
6.735483 
6.825806 
6.903225 
6.970967 
7.058063 
7.112902 
7.174193 
7.167741 
7.232257 
7.287096 
7.299999 
7.312902 
7.361289 
7.390322 
7.396773 
7.425806 
7.403225 
7.435483 
7.461289 
7.448386 
7.480644 
7.525805 
7.832257 
8.109676 
8.203225 
8.125805 
7.877418 
7.541934 
7.219354 
7.209677 
7.254838 
7.280644 
7.319354 
7.348386 
7.364515 
7.387096 
6.82258 
7.325806 
10.74516 
12.79677 
8.941934 
6.048386 
6.112903 
6.612903 
6.72258 
6.812902 
6.88387 
6.974193 
7.038709 
7.103225 
7.141935 
7.199999 
7.241935 
7.254838 
7.42258 
7.696774 
7.980644 
8.229031 
8.387096 
8.496773 
8.48387 
8.390321 
8.229031 
7.993547 
7.709677 
7.425806 
7.12258 
6.877418 
6.670967 
6.699999 
6.806451 
6.88387 
6.974193 
7.035483 
7.080644 
7.154838 
7.196774 
7.225806 
7.264515 
7.306451 
7.338709 
7.335483 
7.377418 
7.406451 
7.441935 
7.451612 
7.458064 
7.441935 
7.470967 
7.464515 
7.496773 
7.52258 
7.516128 
7.390322 
7.18387 
6.793548 
5.932257 
4.712903 
3.835483 
3.541935 
4.832257 
6.34516 
7.903225 
8.780644 
9.187096 
9.54516 
9.490322 
9.477418 
9.258064 
9.196773 
9.14516 
9.035483 
9.025805 
8.964515 
8.94516 
8.977418 
9.058063 
8.961289 
8.893548 
8.732257 
8.50645 
8.177418 
7.82258 
7.474193 
7.199999 
6.999999 
6.832257 
6.748386 
6.590322 
6.52258 
6.638709 
6.738709 
6.832257 
6.909677 
6.987096 
7.048386 
7.08387 
7.145161 
7.196774 
7.235483 
7.267741 
7.290322 
7.332257 
7.348386 
7.348386 
7.396773 
7.396773 
7.432257 
7.429031 
7.451612 
7.454838 
7.464515 
7.470967 
7.477418 
7.467741 
7.487096 
7.493547 
7.490322 
7.516128 
7.503225 
7.551612 
7.864515 
8.087096 
8.225806 
8.141935 
7.851612 
7.519354 
7.225806 
7.190322 
7.241935 
7.280644 
7.296773 
7.341935 
7.358064 
7.377418 
6.799999 
7.325806 
10.76128 
12.76451 
8.899999 
6.012902 
6.103225 
6.603225 
6.716128 
6.819354 
6.890322 
6.951612 
7.025805 
7.090322 
7.154838 
7.154838 
7.216128 
7.258064 
7.412902 
7.706451 
7.987096 
8.229031 
8.412902 
8.467741 
8.464515 
8.380644 
8.203225 
7.970967 
7.693548 
7.380644 
7.096773 
6.838709 
6.651612 
6.68387 
6.799999 
6.870967 
6.94516 
7.02258 
7.067741 
7.129032 
7.170967 
7.267741 
7.296773 
7.341935 
7.361289 
7.38387 
7.416128 
7.432257 
7.42258 
7.438709 
7.448386 
7.448386 
7.464515 
7.503225 
7.793548 
8.061289 
8.199999 
8.135483 
7.88387 
7.564515 
7.248386 
7.203225 
7.248386 
7.270967 
7.312902 
7.325806 
7.380644 
7.380644 
6.929031 
7.067741 
10.27096 
12.96128 
9.448386 
6.119354 
6.04516 
6.596773 
6.709677 
6.799999 
6.867741 
6.954838 
7.019354 
7.077418 
7.132257 
7.187096 
7.225806 
7.258064 
7.367741 
7.648386 
7.94516 
8.199999 
8.361289 
8.467741 
8.477418 
8.403224 
8.248386 
8.02258 
7.751612 
7.454838 
7.154838 
6.893548 
6.690322 
6.687096 
6.790322 
6.864515 
6.951612 
6.993547 
7.070967 
7.112902 
7.167741 
7.22258 
7.258064 
7.290322 
7.32258 
7.34516 
7.370967 
7.409677 
7.419354 
7.454838 
7.458064 
7.44516 
7.451612 
7.470967 
7.470967 
7.68387 
7.961289 
8.170967 
8.187096 
8.016128 
7.706451 
7.374193 
7.18387 
7.245161 
7.270967 
7.293548 
7.341935 
7.354838 
7.364515 
7.229032 
6.609677 
8.738709 
12.5129 
11.2258 
6.999999 
5.880644 
6.467741 
6.670967 
6.751612 
6.84516 
6.932257 
6.996773 
7.058063 
7.119354 
7.174193 
7.22258 
7.270967 
7.299999 
7.54516 
7.84516 
8.087096 
8.287096 
8.454837 
8.480644 
8.451612 
8.335483 
8.125805 
7.874193 
7.58387 
7.287096 
6.999999 
6.777419 
6.645161 
6.751612 
6.835483 
6.906451 
6.974193 
7.04516 
7.112902 
7.167741 
7.216128 
7.251612 
7.270967 
7.309677 
7.341935 
7.348386 
7.390322 
7.409677 
7.416128 
7.438709 
7.464515 
7.464515 
7.467741 
7.499999 
7.593547 
7.896773 
8.16129 
8.229031 
8.129031 
7.832257 
7.499999 
7.196774 
7.209677 
7.267741 
7.287096 
7.325806 
7.367741 
7.387096 
7.377418 
6.758064 
7.535483 
11.08064 
12.59677 
8.587096 
5.977418 
6.199999 
6.658064 
6.751612 
6.848386 
6.909677 
6.999999 
7.061289 
7.106451 
7.135483 
7.180644 
7.225806 
7.267741 
7.432257 
7.751612 
8.009676 
8.229031 
8.387096 
8.474192 
8.467741 
8.38387 
8.209676 
7.954838 
7.670967 
7.374193 
7.080644 
6.854838 
6.651612 
6.703225 
6.812902 
6.893548 
6.977418 
7.029031 
7.099999 
7.132257 
7.187096 
7.229032 
7.287096 
7.303225 
7.329031 
7.354838 
7.387096 
7.399999 
7.42258 
7.441935 
7.467741 
7.467741 
7.458064 
7.474193 
7.496773 
7.774193 
8.041934 
8.203225 
8.158063 
7.964515 
7.593547 
7.270967 
7.206451 
7.245161 
7.270967 
7.241935 
7.319354 
7.358064 
7.387096 
7.019354 
6.829031 
9.812902 
12.99677 
9.961289 
6.293548 
5.954838 
6.564515 
6.68387 
6.780644 
6.877418 
6.964515 
7.032257 
7.08387 
7.145161 
7.229032 
7.264515 
7.416128 
7.703225 
7.977418 
8.212903 
8.393548 
8.48387 
8.48387 
8.409676 
8.232257 
7.999999 
7.716128 
7.435483 
7.125806 
6.858064 
6.654838 
6.703225 
6.787096 
6.880644 
6.977418 
7.038709 
7.090322 
7.148386 
7.206451 
7.238709 
7.235483 
7.296773 
7.335483 
7.361289 
7.364515 
7.393548 
7.409677 
7.435483 
7.44516 
7.461289 
7.461289 
7.461289 
7.487096 
7.72258 
8.012902 
8.209676 
8.193548 
7.977418 
7.654838 
7.329031 
7.203225 
7.232257 
7.267741 
7.280644 
7.319354 
7.348386 
7.370967 
7.109676 
6.68387 
9.38387 
12.89354 
10.48387 
6.512902 
5.912902 
6.532257 
6.677419 
6.790322 
6.848386 
6.954838 
7.025805 
7.090322 
7.138709 
7.170967 
7.251612 
7.270967 
7.329031 
7.609676 
7.903225 
8.151612 
8.329031 
8.470967 
8.509676 
8.435482 
8.290322 
8.070966 
7.78387 
7.503225 
7.206451 
6.941935 
6.709677 
6.667741 
6.754838 
6.864515 
6.925806 
7.006451 
7.051612 
7.125806 
7.164515 
7.209677 
7.267741 
7.28387 
7.32258 
7.358064 
7.377418 
7.403225 
7.425806 
7.441935 
7.432257 
7.454838 
7.474193 
7.467741 
7.480644 
7.625806 
7.929031 
8.151612 
8.203225 
8.070966 
7.751612 
7.416128 
7.180644 
7.216128 
7.264515 
7.293548 
7.341935 
7.358064 
7.393548 
7.309677 
6.635483 
8.193548 
12.0129 
11.85483 
7.58387 
5.899999 
6.364515 
6.658064 
6.748386 
6.848386 
6.929031 
6.990322 
7.051612 
7.109676 
7.16129 
7.216128 
7.241935 
7.290322 
7.525805 
7.812902 
8.087096 
8.274192 
8.454837 
8.487095 
8.44516 
8.351612 
8.154838 
7.92258 
7.625806 
7.332257 
7.070967 
6.819354 
6.635483 
6.729032 
6.841935 
6.906451 
6.977418 
7.048386 
7.099999 
7.148386 
7.203225 
7.238709 
7.287096 
7.319354 
7.32258 
7.351612 
7.387096 
7.399999 
7.416128 
7.432257 
7.464515 
7.477418 
7.454838 
7.48387 
7.535483 
7.858064 
8.103224 
8.212903 
8.148386 
7.909677 
7.532257 
7.232257 
7.199999 
7.248386 
7.277419 
7.312902 
7.338709 
7.358064 
7.399999 
6.838709 
7.199999 
10.56451 
12.87096 
9.154838 
6.070967 
6.077418 
6.625806 
6.732257 
6.825806 
6.906451 
6.958064 
7.048386 
7.087096 
7.151612 
7.196774 
7.219354 
7.26129 
7.38387 
7.68387 
7.961289 
8.219354 
8.377418 
8.490322 
8.480644 
8.399999 
8.238709 
7.990322 
7.709677 
7.441935 
7.12258 
6.874193 
6.670967 
6.693548 
6.803225 
6.88387 
6.948386 
7.025805 
7.077418 
7.116128 
7.196774 
7.22258 
7.26129 
7.296773 
7.316128 
7.335483 
7.377418 
7.38387 
7.406451 
7.432257 
7.451612 
7.458064 
7.477418 
7.490322 
7.480644 
7.706451 
7.98387 
8.199999 
7.941935 
7.593547 
7.277419 
7.209677 
7.245161 
7.280644 
7.309677 
7.34516 
7.367741 
7.38387 
6.987096 
6.899999 
9.987095 
13.01935 
9.796773 
6.238709 
5.948386 
6.577418 
6.699999 
6.816128 
6.893548 
6.964515 
7.035483 
7.099999 
7.154838 
7.18387 
7.216128 
7.270967 
7.303225 
7.606451 
7.906451 
8.164515 
8.341935 
8.48387 
8.503225 
8.448386 
8.299999 
8.099999 
7.825806 
7.532257 
7.206451 
6.961289 
6.72258 
6.667741 
6.754838 
6.858064 
6.932257 
6.980644 
7.080644 
7.12258 
7.174193 
7.209677 
7.248386 
7.280644 
7.325806 
7.341935 
7.367741 
7.38387 
7.419354 
7.419354 
7.448386 
7.477418 
7.467741 
7.490322 
7.487096 
7.616128 
7.912902 
8.151612 
8.203225 
8.077418 
7.790322 
7.42258 
7.190322 
7.22258 
7.267741 
7.293548 
7.319354 
7.361289 
7.367741 
7.32258 
6.690322 
7.909677 
11.68386 
12.1387 
7.977418 
5.919354 
6.309677 
6.638709 
6.748386 
6.84516 
6.935483 
6.98387 
7.051612 
7.099999 
7.158064 
7.203225 
7.258064 
7.290322 
7.32258 
7.599999 
7.867741 
8.132257 
8.303225 
8.448386 
8.496773 
8.464515 
8.338708 
8.135483 
7.88387 
7.574193 
7.277419 
7.009676 
6.780644 
6.638709 
6.770967 
6.848386 
6.903225 
6.98387 
7.054838 
7.132257 
7.154838 
7.193548 
7.22258 
7.264515 
7.296773 
7.329031 
7.367741 
7.38387 
7.403225 
7.409677 
7.441935 
7.461289 
7.470967 
7.464515 
7.487096 
7.564515 
7.870967 
8.109676 
8.216128 
8.109676 
7.82258 
7.506451 
7.196774 
7.216128 
7.251612 
7.296773 
7.319354 
7.348386 
7.364515 
7.374193 
6.76129 
7.535483 
11.10322 
12.56451 
8.558063 
5.954838 
6.190322 
6.62258 
6.741935 
6.832257 
6.909677 
6.980644 
7.054838 
7.077418 
7.158064 
7.209677 
7.229032 
7.267741 
7.451612 
7.741935 
8.025805 
8.245161 
8.422579 
8.477418 
8.448386 
8.393548 
8.219354 
7.964515 
7.670967 
7.451612 
7.141935 
6.88387 
6.674193 
6.709677 
6.790322 
6.874193 
6.958064 
7.038709 
7.070967 
7.132257 
7.180644 
7.22258 
7.258064 
7.309677 
7.335483 
7.354838 
7.38387 
7.409677 
7.435483 
7.432257 
7.458064 
7.451612 
7.477418 
7.499999 
7.496773 
7.66129 
7.954838 
8.154838 
8.212903 
8.051611 
7.754838 
7.406451 
7.193548 
7.238709 
7.267741 
7.270967 
7.312902 
7.338709 
7.358064 
7.28387 
6.619354 
8.341935 
12.16451 
11.68064 
7.348386 
5.880644 
6.396773 
6.66129 
6.76129 
6.861289 
6.938709 
7.009676 
7.067741 
7.135483 
7.16129 
7.216128 
7.251612 
7.299999 
7.558063 
7.812902 
8.080644 
8.290322 
8.432257 
8.50645 
8.461289 
8.348386 
8.141935 
7.899999 
7.599999 
7.306451 
6.76129 
6.670967 
6.76129 
6.838709 
6.935483 
6.996773 
7.064515 
7.132257 
7.154838 
7.216128 
7.245161 
7.290322 
7.335483 
7.34516 
7.377418 
7.399999 
7.419354 
7.432257 
7.451612 
7.480644 
7.470967 
7.48387 
7.490322 
7.54516 
7.858064 
8.112902 
8.216128 
8.132257 
7.861289 
7.503225 
7.209677 
7.206451 
7.26129 
7.287096 
7.299999 
7.351612 
7.364515 
7.409677 
7.329031 
6.651612 
8.129031 
11.95161 
11.91612 
7.648386 
5.903225 
6.361289 
6.670967 
6.76129 
6.851612 
6.92258 
6.990322 
7.064515 
7.112902 
7.177419 
7.193548 
7.251612 
7.274193 
7.490322 
7.799999 
8.061289 
8.28387 
8.441934 
8.503225 
8.458064 
8.377418 
8.180644 
7.92258 
7.62258 
7.341935 
7.038709 
6.803225 
6.645161 
6.72258 
6.806451 
6.899999 
6.980644 
7.048386 
7.109676 
7.158064 
7.196774 
7.245161 
7.26129 
7.299999 
7.335483 
7.367741 
7.387096 
7.409677 
7.42258 
7.435483 
7.464515 
7.454838 
7.474193 
7.48387 
7.509676 
7.512902 
7.499999 
7.403225 
7.151612 
6.729032 
5.82258 
4.606451 
3.76129 
3.635483 
4.967741 
6.558063 
8.048386 
8.832257 
9.225806 
9.564515 
9.480644 
9.461289 
9.267741 
9.203225 
9.14516 
9.064515 
9.04516 
8.970967 
8.961289 
8.980644 
9.064515 
8.967741 
8.887096 
8.719354 
8.474192 
8.180644 
7.848386 
7.48387 
7.22258 
6.98387 
6.832257 
6.748386 
6.616128 
6.538709 
6.616128 
6.732257 
6.832257 
6.896773 
6.977418 
7.041934 
7.080644 
7.125806 
7.187096 
7.238709 
7.267741 
7.299999 
7.319354 
7.348386 
7.34516 
7.390322 
7.38387 
7.403225 
7.416128 
7.448386 
7.448386 
7.467741 
7.458064 
7.470967 
7.464515 
7.474193 
7.496773 
7.499999 
7.506451 
7.506451 
7.52258 
7.790322 
8.038708 
8.212903 
8.170967 
7.961289 
7.645161 
7.319354 
7.18387 
7.212903 
7.258064 
7.293548 
7.329031 
7.338709 
7.361289 
7.061289 
6.754838 
9.574193 
12.92257 
10.23225 
6.377418 
5.909677 
6.535483 
6.677419 
6.770967 
6.858064 
6.932257 
7.006451 
7.074193 
7.093547 
7.16129 
7.193548 
7.235483 
7.299999 
7.609676 
7.899999 
8.158063 
8.348386 
8.467741 
8.490322 
8.422579 
8.264515 
8.067741 
7.787096 
7.470967 
7.170967 
6.929031 
6.709677 
6.658064 
6.751612 
6.861289 
6.938709 
7.003225 
7.061289 
7.119354 
7.174193 
7.212903 
7.241935 
7.277419 
7.303225 
7.338709 
7.358064 
7.387096 
7.393548 
7.412902 
7.42258 
7.448386 
7.448386 
7.474193 
7.477418 
7.638709 
7.935483 
8.16129 
8.196773 
8.064515 
7.767741 
7.409677 
7.170967 
7.219354 
7.26129 
7.277419 
7.319354 
7.335483 
7.354838 
7.293548 
6.625806 
8.203225 
10.96774 
6.667741 
5.88387 
6.516128 
6.674193 
6.777419 
6.84516 
6.938709 
6.993547 
7.070967 
7.119354 
7.167741 
7.206451 
7.238709 
7.293548 
7.577418 
7.858064 
8.122579 
8.325805 
8.458064 
8.503225 
8.451612 
8.296773 
8.096773 
7.838709 
7.54516 
7.258064 
6.977418 
6.732257 
6.648386 
6.754838 
6.851612 
6.929031 
6.990322 
7.058063 
7.103225 
7.170967 
7.203225 
7.245161 
7.280644 
7.28387 
7.335483 
7.367741 
7.393548 
7.419354 
7.451612 
7.461289 
7.461289 
7.464515 
7.467741 
7.48387 
7.625806 
7.906451 
8.14516 
8.206451 
8.083869 
7.793548 
7.477418 
7.199999 
7.238709 
7.277419 
7.309677 
7.332257 
7.361289 
7.374193 
7.361289 
6.680644 
7.716128 
11.41612 
12.32903 
8.212903 
5.94516 
6.251612 
6.645161 
6.745161 
6.825806 
6.906451 
6.987096 
7.070967 
7.096773 
7.154838 
7.206451 
7.264515 
7.280644 
7.461289 
7.774193 
8.048386 
8.251612 
8.419354 
8.50645 
8.480644 
8.361289 
8.174193 
7.887096 
7.670967 
7.361289 
7.074193 
6.82258 
6.638709 
6.719354 
6.78387 
6.890322 
6.954838 
7.048386 
7.103225 
7.167741 
7.209677 
7.245161 
7.267741 
7.32258 
7.341935 
7.370967 
7.38387 
7.409677 
7.399999 
7.419354 
7.425806 
7.44516 
7.464515 
7.48387 
7.509676 
7.777419 
8.048386 
8.193548 
8.14516 
7.951612 
7.603225 
7.254838 
7.190322 
7.216128 
7.277419 
7.303225 
7.325806 
7.358064 
7.387096 
7.025805 
6.835483 
9.835483 
12.94838 
9.954837 
6.277419 
5.974193 
6.587096 
6.712903 
6.812902 
6.880644 
6.958064 
7.025805 
7.080644 
7.145161 
7.180644 
7.219354 
7.26129 
7.361289 
7.651612 
7.935483 
8.219354 
8.351612 
8.467741 
8.48387 
8.422579 
8.254837 
8.058063 
7.777419 
7.48387 
7.203225 
6.929031 
6.712903 
6.690322 
6.790322 
6.870967 
6.948386 
7.019354 
7.067741 
7.116128 
7.167741 
7.22258 
7.251612 
7.296773 
7.312902 
7.34516 
7.377418 
7.396773 
7.412902 
7.448386 
7.467741 
7.435483 
7.477418 
7.490322 
7.477418 
7.654838 
7.938709 
8.148386 
8.187096 
8.04516 
7.748386 
7.399999 
7.177419 
7.235483 
7.267741 
7.299999 
7.335483 
7.348386 
7.38387 
7.296773 
6.616128 
8.293547 
12.1387 
11.71612 
7.877418 
6.029031 
6.087096 
6.599999 
6.719354 
6.812902 
6.890322 
6.977418 
7.041934 
7.099999 
7.16129 
7.190322 
7.238709 
7.270967 
7.406451 
7.680644 
7.999999 
8.229031 
8.390321 
8.490322 
8.487095 
8.432257 
8.222579 
8.009676 
7.738709 
7.451612 
7.12258 
6.877418 
6.674193 
6.712903 
6.787096 
6.877418 
6.951612 
7.048386 
7.077418 
7.138709 
7.187096 
7.229032 
7.251612 
7.290322 
7.303225 
7.374193 
7.406451 
7.42258 
7.425806 
7.458064 
7.477418 
7.470967 
7.490322 
7.532257 
7.799999 
8.019353 
8.187096 
8.170967 
7.967741 
7.667741 
7.338709 
7.216128 
7.254838 
7.28387 
7.312902 
7.332257 
7.358064 
7.374193 
7.112902 
6.674193 
9.329031 
12.87096 
10.50967 
6.516128 
5.919354 
6.561289 
6.677419 
6.777419 
6.870967 
6.932257 
6.993547 
7.058063 
7.135483 
7.187096 
7.219354 
7.238709 
7.312902 
7.606451 
7.890322 
8.119354 
8.30645 
8.44516 
8.477418 
8.435482 
8.274192 
8.074193 
7.806451 
7.516128 
7.216128 
6.961289 
6.719354 
6.641935 
6.780644 
6.858064 
6.916128 
6.999999 
7.061289 
7.116128 
7.180644 
7.219354 
7.264515 
7.287096 
7.329031 
7.34516 
7.374193 
7.374193 
7.406451 
7.425806 
7.432257 
7.458064 
7.458064 
7.490322 
7.490322 
7.632257 
7.919354 
8.16129 
8.232257 
8.109676 
7.780644 
7.441935 
7.190322 
7.216128 
7.258064 
7.306451 
7.335483 
7.351612 
7.358064 
7.377418 
6.777419 
7.435483 
10.93225 
12.67096 
8.719354 
5.993547 
6.167741 
6.635483 
6.725806 
6.803225 
6.909677 
6.980644 
7.058063 
7.12258 
7.158064 
7.209677 
7.219354 
7.277419 
7.416128 
7.712903 
7.987096 
8.229031 
8.403224 
8.48387 
8.464515 
8.390321 
8.232257 
7.977418 
7.68387 
7.399999 
7.116128 
6.877418 
6.667741 
6.690322 
6.803225 
6.864515 
6.964515 
7.02258 
7.08387 
7.148386 
7.180644 
7.235483 
7.270967 
7.296773 
7.325806 
7.354838 
7.367741 
7.396773 
7.412902 
7.432257 
7.441935 
7.461289 
7.467741 
7.490322 
7.490322 
7.738709 
8.032257 
8.212903 
8.187096 
7.996773 
7.658064 
7.335483 
7.216128 
7.26129 
7.277419 
7.312902 
7.338709 
7.370967 
7.393548 
7.132257 
6.703225 
9.370966 
12.89677 
10.49354 
6.493547 
5.919354 
6.574193 
6.703225 
6.796773 
6.880644 
6.958064 
7.003225 
7.093547 
7.151612 
7.174193 
7.232257 
7.270967 
7.341935 
7.629032 
7.887096 
8.138709 
8.325805 
8.451612 
8.496773 
8.438709 
8.296773 
8.087096 
7.816128 
7.529031 
7.225806 
6.935483 
6.72258 
6.651612 
6.767741 
6.867741 
6.912902 
7.009676 
7.061289 
7.109676 
7.141935 
7.209677 
7.238709 
7.290322 
7.325806 
7.348386 
7.374193 
7.393548 
7.416128 
7.438709 
7.42258 
7.454838 
7.48387 
7.48387 
7.490322 
7.625806 
7.92258 
8.148386 
8.209676 
8.080644 
7.76129 
7.451612 
7.180644 
7.216128 
7.270967 
7.293548 
7.319354 
7.34516 
7.377418 
7.335483 
6.664515 
7.974193 
11.74838 
12.05806 
7.874193 
5.893548 
6.319354 
6.645161 
6.767741 
6.861289 
6.938709 
6.996773 
7.04516 
7.106451 
7.154838 
7.199999 
7.232257 
7.287096 
7.880644 
8.129031 
8.309677 
8.441934 
8.499999 
8.461289 
8.316128 
8.112902 
7.858064 
7.561289 
7.270967 
6.993547 
6.758064 
6.629032 
6.758064 
6.841935 
6.916128 
6.977418 
7.067741 
7.12258 
7.180644 
7.216128 
7.26129 
7.306451 
7.332257 
7.370967 
7.380644 
7.380644 