6129 
6.741935 
6.84516 
6.92258 
6.977418 
7.067741 
7.106451 
7.158064 
7.225806 
7.258064 
7.280644 
7.42258 
7.72258 
7.98387 
8.219354 
8.412902 
8.493547 
8.487095 
8.396773 
8.229031 
8.009676 
7.780644 
7.432257 
7.151612 
6.880644 
6.667741 
6.712903 
6.790322 
6.906451 
6.961289 
7.025805 
7.08387 
7.135483 
7.196774 
7.248386 
7.270967 
7.299999 
7.32258 
7.335483 
7.370967 
7.399999 
7.42258 
7.529031 
7.441935 
7.441935 
7.496773 
7.496773 
7.487096 
7.706451 
8.012902 
8.18387 
8.18387 
7.987096 
7.674193 
7.229032 
7.254838 
7.270967 
7.312902 
7.351612 
7.38387 
7.390322 
6.980644 
6.929031 
10.04838 
13.0129 
9.761289 
6.229032 
5.990322 
6.587096 
6.712903 
6.806451 
6.896773 
6.964515 
7.029031 
7.077418 
7.135483 
7.196774 
7.225806 
7.274193 
7.361289 
7.66129 
7.941935 
8.18387 
8.367741 
8.467741 
8.487095 
8.406451 
8.235483 
8.035483 
7.774193 
7.477418 
7.164515 
6.909677 
6.687096 
6.667741 
6.777419 
6.854838 
6.951612 
7.019354 
7.077418 
7.138709 
7.177419 
7.209677 
7.26129 
7.303225 
7.335483 
7.351612 
7.370967 
7.387096 
7.416128 
7.425806 
7.454838 
7.448386 
7.454838 
7.477418 
7.493547 
7.496773 
7.519354 
7.412902 
7.193548 
6.861289 
6.051612 
4.851612 
3.977419 
3.412903 
4.66129 
6.090322 
7.732257 
8.648386 
9.148386 
9.535483 
9.548386 
9.519353 
9.296773 
9.222579 
9.141934 
9.093547 
9.012902 
8.98387 
8.938709 
8.977418 
9.067741 
8.98387 
8.909676 
8.780644 
8.525805 
8.18387 
7.832257 
7.48387 
7.206451 
7.003225 
6.84516 
6.767741 
6.590322 
6.561289 
6.68387 
6.76129 
6.854838 
6.941935 
7.003225 
7.067741 
7.103225 
7.154838 
7.190322 
7.241935 
7.28387 
7.306451 
7.341935 
7.374193 
7.367741 
7.393548 
7.406451 
7.412902 
7.432257 
7.448386 
7.448386 
7.474193 
7.487096 
7.493547 
7.493547 
7.499999 
7.509676 
7.512902 
7.516128 
7.516128 
7.548386 
7.867741 
8.096773 
8.248386 
8.119354 
7.838709 
7.506451 
7.219354 
7.229032 
7.245161 
7.28387 
7.312902 
7.354838 
7.364515 
7.377418 
6.774193 
7.412902 
10.88387 
12.69032 
8.767741 
5.996773 
6.190322 
6.612903 
6.725806 
6.812902 
6.890322 
6.941935 
7.025805 
7.077418 
7.132257 
7.177419 
7.206451 
7.264515 
7.403225 
7.716128 
7.98387 
8.212903 
8.374193 
8.441934 
8.464515 
8.351612 
8.187096 
7.961289 
7.680644 
7.393548 
7.08387 
6.851612 
6.651612 
6.703225 
6.793548 
6.848386 
6.954838 
7.02258 
7.061289 
7.138709 
7.167741 
7.238709 
7.258064 
7.28387 
7.329031 
7.341935 
7.374193 
7.380644 
7.403225 
7.435483 
7.432257 
7.461289 
7.470967 
7.461289 
7.487096 
7.719354 
8.02258 
8.190321 
8.167741 
7.954838 
7.651612 
7.312902 
7.190322 
7.241935 
7.280644 
7.299999 
7.325806 
7.358064 
7.377418 
7.099999 
6.699999 
9.458064 
12.90645 
10.31612 
6.42258 
5.925806 
6.561289 
6.693548 
6.793548 
6.880644 
6.951612 
7.02258 
7.061289 
7.132257 
7.180644 
7.22258 
7.238709 
7.316128 
7.529031 
7.790322 
8.070966 
8.277419 
8.429031 
8.509676 
8.448386 
8.361289 
8.151612 
7.896773 
7.616128 
7.338709 
7.048386 
6.793548 
6.632257 
6.72258 
6.92258 
6.999999 
7.061289 
7.112902 
7.16129 
7.203225 
7.245161 
7.274193 
7.319354 
7.341935 
7.374193 
7.393548 
7.416128 
7.419354 
7.448386 
7.458064 
7.474193 
7.467741 
7.480644 
7.599999 
7.890322 
8.135483 
8.206451 
8.090321 
7.793548 
7.438709 
7.18387 
7.22258 
7.26129 
7.280644 
7.319354 
7.34516 
7.370967 
7.34516 
6.693548 
7.712903 
11.38386 
12.3387 
8.261289 
5.916128 
6.241935 
6.638709 
6.745161 
6.835483 
6.919354 
6.967741 
7.041934 
7.096773 
7.151612 
7.216128 
7.235483 
7.258064 
7.448386 
7.806451 
8.035483 
8.261289 
8.416128 
8.470967 
8.480644 
8.380644 
8.190321 
7.94516 
7.667741 
7.358064 
7.074193 
6.835483 
6.635483 
6.729032 
6.835483 
6.899999 
6.958064 
7.04516 
7.090322 
7.154838 
7.190322 
7.245161 
7.280644 
7.293548 
7.335483 
7.367741 
7.38387 
7.409677 
7.441935 
7.451612 
7.451612 
7.480644 
7.467741 
7.480644 
7.496773 
7.777419 
8.038708 
8.212903 
8.154838 
7.899999 
7.593547 
7.245161 
7.206451 
7.251612 
7.270967 
7.303225 
7.335483 
7.364515 
7.380644 
6.999999 
6.919354 
9.990322 
12.72257 
10.44838 
6.458064 
5.819354 
6.464515 
6.62258 
6.72258 
6.832257 
6.909677 
6.98387 
7.041934 
7.096773 
7.151612 
7.187096 
7.238709 
7.267741 
7.603225 
7.867741 
8.119354 
8.329031 
8.438709 
8.503225 
8.441934 
8.274192 
8.090321 
7.82258 
7.529031 
7.235483 
6.967741 
6.738709 
6.638709 
6.764515 
6.832257 
6.925806 
6.996773 
7.064515 
7.141935 
7.177419 
7.219354 
7.26129 
7.274193 
7.312902 
7.358064 
7.361289 
7.393548 
7.432257 
7.432257 
7.448386 
7.451612 
7.474193 
7.480644 
7.474193 
7.606451 
7.912902 
8.14516 
8.216128 
8.067741 
7.790322 
7.461289 
7.187096 
7.225806 
7.264515 
7.277419 
7.329031 
7.354838 
7.377418 
7.332257 
6.687096 
7.929031 
11.67419 
12.14516 
7.938709 
5.919354 
6.319354 
6.645161 
6.751612 
6.841935 
6.916128 
6.999999 
7.058063 
7.112902 
7.164515 
7.203225 
7.241935 
7.280644 
7.48387 
7.790322 
8.04516 
8.277419 
8.425806 
8.496773 
8.464515 
8.367741 
8.18387 
7.935483 
7.632257 
7.358064 
7.025805 
6.819354 
6.638709 
6.72258 
6.812902 
6.899999 
6.970967 
7.025805 
7.096773 
7.148386 
7.203225 
7.22258 
7.267741 
7.296773 
7.329031 
7.367741 
7.38387 
7.390322 
7.399999 
7.432257 
7.454838 
7.467741 
7.470967 
7.48387 
7.519354 
7.793548 
8.058063 
8.216128 
8.158063 
7.929031 
7.577418 
7.258064 
7.199999 
7.235483 
7.28387 
7.306451 
7.351612 
7.387096 
7.387096 
6.974193 
6.958064 
10.12257 
13.01612 
9.664515 
6.193548 
6.006451 
6.590322 
6.832257 
6.919354 
6.98387 
7.038709 
7.106451 
7.16129 
7.209677 
7.235483 
7.287096 
7.438709 
7.725806 
7.999999 
8.238709 
8.403224 
8.464515 
8.467741 
8.380644 
8.232257 
7.980644 
7.680644 
7.390322 
7.099999 
6.848386 
6.658064 
6.712903 
6.812902 
6.903225 
6.980644 
7.029031 
7.093547 
7.138709 
7.18387 
7.232257 
7.28387 
7.306451 
7.32258 
7.358064 
7.390322 
7.396773 
7.416128 
7.448386 
7.451612 
7.461289 
7.458064 
7.48387 
7.490322 
7.741935 
8.035483 
8.196773 
8.164515 
7.967741 
7.638709 
7.306451 
7.212903 
7.254838 
7.287096 
7.32258 
7.335483 
7.348386 
7.393548 
7.112902 
6.732257 
9.493547 
12.93225 
10.32258 
6.42258 
5.919354 
6.558063 
6.696774 
6.803225 
6.874193 
6.964515 
7.041934 
7.093547 
7.138709 
7.164515 
7.241935 
7.258064 
7.338709 
7.612902 
7.909677 
8.158063 
8.348386 
8.461289 
8.487095 
8.432257 
8.277419 
8.087096 
7.82258 
7.509676 
7.219354 
6.938709 
6.719354 
6.66129 
6.777419 
6.861289 
6.938709 
7.025805 
7.070967 
7.125806 
7.148386 
7.203225 
7.248386 
7.299999 
7.309677 
7.34516 
7.377418 
7.390322 
7.416128 
7.44516 
7.461289 
7.458064 
7.477418 
7.477418 
7.487096 
7.625806 
7.938709 
8.154838 
8.196773 
8.058063 
7.754838 
7.42258 
7.199999 
7.245161 
7.267741 
7.303225 
7.316128 
7.338709 
7.377418 
7.316128 
6.645161 
8.158063 
11.97419 
11.86128 
7.616128 
5.877418 
6.370967 
6.664515 
6.770967 
6.854838 
6.916128 
6.996773 
7.064515 
7.12258 
7.170967 
7.216128 
7.241935 
7.293548 
7.52258 
7.793548 
8.058063 
8.280644 
8.429031 
8.493547 
8.464515 
8.332257 
8.148386 
7.909677 
7.629032 
7.34516 
7.051612 
6.816128 
6.645161 
6.738709 
6.84516 
6.906451 
6.967741 
7.054838 
7.141935 
7.16129 
7.190322 
7.264515 
7.290322 
7.309677 
7.34516 
7.370967 
7.387096 
7.412902 
7.419354 
7.44516 
7.432257 
7.451612 
7.48387 
7.487096 
7.519354 
7.799999 
8.083869 
8.225806 
8.132257 
7.896773 
7.561289 
7.251612 
7.206451 
7.245161 
7.293548 
7.319354 
7.34516 
7.354838 
7.38387 
7.229032 
6.612903 
8.854838 
12.61935 
11.04516 
6.84516 
5.874193 
6.493547 
6.680644 
6.76129 
6.854838 
6.948386 
7.009676 
7.08387 
7.12258 
7.164515 
7.206451 
7.251612 
7.280644 
7.558063 
7.864515 
8.096773 
8.296773 
8.44516 
8.490322 
8.458064 
8.319354 
8.154838 
7.890322 
7.593547 
7.312902 
7.032257 
6.774193 
6.625806 
6.725806 
6.806451 
6.903225 
6.974193 
7.035483 
7.106451 
7.154838 
7.193548 
7.235483 
7.26129 
7.293548 
7.338709 
7.354838 
7.370967 
7.406451 
7.416128 
7.438709 
7.448386 
7.470967 
7.487096 
7.593547 
7.887096 
8.119354 
8.206451 
8.093547 
7.812902 
7.467741 
7.193548 
7.219354 
7.254838 
7.277419 
7.312902 
7.361289 
7.380644 
7.364515 
6.696774 
7.770967 
11.47096 
12.30645 
8.154838 
5.919354 
6.290322 
6.635483 
6.748386 
6.848386 
6.929031 
7.006451 
7.058063 
7.099999 
7.170967 
7.212903 
7.296773 
7.293548 
7.458064 
7.76129 
8.029031 
8.261289 
8.419354 
8.503225 
8.458064 
8.348386 
8.190321 
7.94516 
7.66129 
7.364515 
7.077418 
6.838709 
6.635483 
6.709677 
6.832257 
6.906451 
6.967741 
7.029031 
7.096773 
7.158064 
7.141935 
7.229032 
7.270967 
7.232257 
7.325806 
7.348386 
7.367741 
7.403225 
7.419354 
7.438709 
7.448386 
7.464515 
7.48387 
7.480644 
7.503225 
7.767741 
8.038708 
8.222579 
8.151612 
7.919354 
7.609676 
7.274193 
7.187096 
7.245161 
7.277419 
7.312902 
7.348386 
7.374193 
7.377418 
6.980644 
6.896773 
9.958064 
13.01935 
9.825805 
6.254838 
5.996773 
6.58387 
6.709677 
6.796773 
6.890322 
6.970967 
7.019354 
7.087096 
7.154838 
7.196774 
7.219354 
7.274193 
7.377418 
7.651612 
7.935483 
8.180644 
8.361289 
8.454837 
8.470967 
8.393548 
8.251612 
8.041934 
7.770967 
7.474193 
7.180644 
6.899999 
6.68387 
6.703225 
6.780644 
6.887096 
6.964515 
7.012902 
7.070967 
7.125806 
7.18387 
7.238709 
7.264515 
7.280644 
7.332257 
7.361289 
7.38387 
7.399999 
7.435483 
7.419354 
7.406451 
7.451612 
7.464515 
7.490322 
7.506451 
7.567741 
7.854838 
8.116127 
8.229031 
8.122579 
7.848386 
7.512902 
7.18387 
7.209677 
7.258064 
7.274193 
7.309677 
7.351612 
7.358064 
7.406451 
6.787096 
7.435483 
10.92903 
12.67419 
8.745161 
5.987096 
6.154838 
6.612903 
6.735483 
6.799999 
6.880644 
6.974193 
7.032257 
7.099999 
7.148386 
7.190322 
7.225806 
7.270967 
7.438709 
7.719354 
7.999999 
8.238709 
8.406451 
8.487095 
8.496773 
8.396773 
8.225806 
7.970967 
7.729032 
7.416128 
7.096773 
6.864515 
6.667741 
6.716128 
6.812902 
6.903225 
6.974193 
7.025805 
7.08387 
7.141935 
7.193548 
7.225806 
7.264515 
7.306451 
7.332257 
7.354838 
7.380644 
7.403225 
7.416128 
7.432257 
7.432257 
7.454838 
7.432257 
7.477418 
7.480644 
7.745161 
8.025805 
8.180644 
8.177418 
7.958064 
7.619354 
7.306451 
7.209677 
7.241935 
7.277419 
7.299999 
7.335483 
7.370967 
7.387096 
7.064515 
6.767741 
9.577418 
12.95161 
10.19677 
6.361289 
5.961289 
6.570967 
6.680644 
6.787096 
6.887096 
6.94516 
7.025805 
7.093547 
7.138709 
7.177419 
7.238709 
7.277419 
7.358064 
7.62258 
7.919354 
8.167741 
8.367741 
8.470967 
8.470967 
8.251612 
8.016128 
7.735483 
7.435483 
7.132257 
6.877418 
6.687096 
6.709677 
6.819354 
6.903225 
6.987096 
7.038709 
7.087096 
7.138709 
7.18387 
7.209677 
7.264515 
7.299999 
7.325806 
7.338709 
7.370967 
7.403225 
7.399999 
7.435483 
7.448386 
7.451612 
7.464515 
7.477418 
7.490322 
7.532257 
7.509676 
7.406451 
7.180644 
6.78387 
5.941935 
4.709677 
3.854838 
3.56129 
4.84516 
5.854838 
7.538709 
8.596773 
9.122579 
9.490322 
9.596773 
9.574193 
9.390321 
9.280644 
9.190321 
9.167741 
9.038708 
9.048386 
8.977418 
8.987095 
9.029031 
8.970967 
8.951612 
8.82258 
8.625805 
8.296773 
7.909677 
7.554838 
7.258064 
7.019354 
6.899999 
6.780644 
6.619354 
6.561289 
6.632257 
6.745161 
6.841935 
6.912902 
6.977418 
7.041934 
7.093547 
7.164515 
7.199999 
7.216128 
7.251612 
7.274193 
7.32258 
7.351612 
7.358064 
7.387096 
7.396773 
7.409677 
7.448386 
7.458064 
7.448386 
7.470967 
7.451612 
7.461289 
7.477418 
7.493547 
7.490322 
7.493547 
7.503225 
7.493547 
7.512902 
7.812902 
8.087096 
8.222579 
8.158063 
7.903225 
7.561289 
7.235483 
7.206451 
7.232257 
7.280644 
7.293548 
7.374193 
7.34516 
7.377418 
6.896773 
7.025805 
10.24193 
12.95483 
9.474192 
6.125806 
6.02258 
6.593547 
6.690322 
6.790322 
6.858064 
6.951612 
7.029031 
7.064515 
7.138709 
7.151612 
7.219354 
7.254838 
7.335483 
7.629032 
7.903225 
8.174193 
8.338708 
8.458064 
8.487095 
8.419354 
8.28387 
8.035483 
7.796773 
7.490322 
7.196774 
6.929031 
6.729032 
6.670967 
6.787096 
6.870967 
6.948386 
6.999999 
6.999999 
7.112902 
7.158064 
7.212903 
7.241935 
7.303225 
7.329031 
7.361289 
7.361289 
7.387096 
7.399999 
7.42258 
7.435483 
7.44516 
7.441935 
7.451612 
7.467741 
7.641935 
7.919354 
8.122579 
8.190321 
7.996773 
7.716128 
7.393548 
7.174193 
7.212903 
7.248386 
7.290322 
7.306451 
7.32258 
7.364515 
7.306451 
6.616128 
8.219354 
12.06774 
11.76451 
7.464515 
5.854838 
6.38387 
6.645161 
6.738709 
6.832257 
6.916128 
6.98387 
7.058063 
7.109676 
7.164515 
7.193548 
7.232257 
7.270967 
7.509676 
7.793548 
8.064515 
8.270967 
8.419354 
8.461289 
8.467741 
8.351612 
8.167741 
7.906451 
7.603225 
7.32258 
7.025805 
6.790322 
6.619354 
6.729032 
6.82258 
6.893548 
6.977418 
7.032257 
7.08387 
7.151612 
7.196774 
7.235483 
7.267741 
7.306451 
7.329031 
7.367741 
7.377418 
7.412902 
7.412902 
7.44516 
7.461289 
7.454838 
7.470967 
7.470967 
7.535483 
7.816128 
8.093547 
8.190321 
8.132257 
7.893548 
7.541934 
7.241935 
7.206451 
7.26129 
7.287096 
7.299999 
7.354838 
7.351612 
6.703225 
7.870967 
11.60967 
12.20322 
8.00645 
5.919354 
6.280644 
6.641935 
6.735483 
6.84516 
6.912902 
6.990322 
7.054838 
7.096773 
7.148386 
7.209677 
7.238709 
7.290322 
7.490322 
7.764515 
8.035483 
8.267741 
8.403224 
8.470967 
8.458064 
8.387096 
8.203225 
7.941935 
7.664515 
7.354838 
7.064515 
6.82258 
6.632257 
6.72258 
6.806451 
6.909677 
6.964515 
7.051612 
7.119354 
7.167741 
7.212903 
7.241935 
7.293548 
7.28387 
7.319354 
7.341935 
7.370967 
7.390322 
7.409677 
7.42258 
7.438709 
7.44516 
7.467741 
7.477418 
7.490322 
7.764515 
8.038708 
8.209676 
8.158063 
7.916128 
7.574193 
7.270967 
7.212903 
7.238709 
7.280644 
7.299999 
7.341935 
7.351612 
7.374193 
6.954838 
6.94516 
10.08064 
13.0129 
9.745161 
6.219354 
6.016128 
6.593547 
6.696774 
6.803225 
6.88387 
6.954838 
7.02258 
7.090322 
7.135483 
7.199999 
7.225806 
7.267741 
7.354838 
7.664515 
7.967741 
8.203225 
8.361289 
8.477418 
8.480644 
8.425806 
8.241934 
8.038708 
7.770967 
7.474193 
7.174193 
6.899999 
6.68387 
6.670967 
6.790322 
6.877418 
6.964515 
7.032257 
7.074193 
7.125806 
7.18387 
7.219354 
7.251612 
7.293548 
7.309677 
7.332257 
7.364515 
7.390322 
7.406451 
7.432257 
7.44516 
7.451612 
7.467741 
7.464515 
7.490322 
7.68387 
7.987096 
8.170967 
8.229031 
8.04516 
7.732257 
7.390322 
7.174193 
7.212903 
7.267741 
7.306451 
7.338709 
7.348386 
7.361289 
7.26129 
6.619354 
8.512902 
12.35161 
11.47419 
7.177419 
5.870967 
6.425806 
6.648386 
6.758064 
6.854838 
6.958064 
7.019354 
7.08387 
7.125806 
7.170967 
7.193548 
7.235483 
7.274193 
7.54516 
7.819354 
8.070966 
8.296773 
8.425806 
8.503225 
8.451612 
8.312902 
8.135483 
7.870967 
7.564515 
7.277419 
7.012902 
6.774193 
6.645161 
6.751612 
6.819354 
6.912902 
6.980644 
7.051612 
7.109676 
7.167741 
7.190322 
7.248386 
7.267741 
7.303225 
7.332257 
7.354838 
7.399999 
7.390322 
7.412902 
7.438709 
7.461289 
7.467741 
7.474193 
7.48387 
7.558063 
7.848386 
8.109676 
8.212903 
8.109676 
7.835483 
7.496773 
7.206451 
7.232257 
7.270967 
7.280644 
7.319354 
7.351612 
7.370967 
7.387096 
6.780644 
7.496773 
10.99677 
12.65483 
8.690321 
5.996773 
6.180644 
6.66129 
6.767741 
6.82258 
6.896773 
6.993547 
7.04516 
7.112902 
7.177419 
7.206451 
7.248386 
7.290322 
7.448386 
7.719354 
8.019353 
8.238709 
8.399999 
8.474192 
8.480644 
8.370966 
8.212903 
7.980644 
7.719354 
7.416128 
7.109676 
6.867741 
6.664515 
6.709677 
6.793548 
6.88387 
6.941935 
7.025805 
7.070967 
7.135483 
7.241935 
7.277419 
7.293548 
7.319354 
7.351612 
7.377418 
7.403225 
7.419354 
7.438709 
7.438709 
7.458064 
7.454838 
7.490322 
7.535483 
7.793548 
8.067741 
8.199999 
8.132257 
7.896773 
7.54516 
7.229032 
7.212903 
7.26129 
7.28387 
7.32258 
7.34516 
7.377418 
7.396773 
6.916128 
7.048386 
10.26774 
12.98064 
9.516128 
6.16129 
6.038709 
6.590322 
6.709677 
6.816128 
6.893548 
6.964515 
7.025805 
7.077418 
7.145161 
7.180644 
7.245161 
7.280644 
7.377418 
7.677419 
7.951612 
8.216128 
8.38387 
8.50645 
8.48387 
8.406451 
8.261289 
8.04516 
7.754838 
7.470967 
7.177419 
6.919354 
6.677419 
6.690322 
6.793548 
6.874193 
6.967741 
7.019354 
7.058063 
7.132257 
7.180644 
7.225806 
7.267741 
7.299999 
7.341935 
7.361289 
7.361289 
7.387096 
7.403225 
7.406451 
7.425806 
7.454838 
7.451612 
7.461289 
7.48387 
7.570967 
7.864515 
8.119354 
8.212903 
8.106451 
7.854838 
7.503225 
7.203225 
7.225806 
7.258064 
7.287096 
7.329031 
7.341935 
7.377418 
7.380644 
6.745161 
7.599999 
11.16128 
12.5258 
8.512902 
5.977418 
6.216128 
6.638709 
6.732257 
6.803225 
6.896773 
6.964515 
7.038709 
7.116128 
7.138709 
7.206451 
7.26129 
7.26129 
7.309677 
7.590322 
7.874193 
8.138709 
8.316128 
8.470967 
8.512902 
8.464515 
8.32258 
8.106451 
7.854838 
7.564515 
7.264515 
6.999999 
6.751612 
6.648386 
6.741935 
6.825806 
6.919354 
7.019354 
7.070967 
7.103225 
7.141935 
7.199999 
7.248386 
7.287096 
7.309677 
7.351612 
7.38387 
7.403225 
7.396773 
7.412902 
7.44516 
7.461289 
7.458064 
7.464515 
7.467741 
7.58387 
7.890322 
8.135483 
8.212903 
8.099999 
7.803225 
7.48387 
7.193548 
7.241935 
7.245161 
7.290322 
7.319354 
7.348386 
7.370967 
7.351612 
6.741935 
7.664515 
11.31612 
12.41612 
8.290322 
6.051612 
6.106451 
6.635483 
6.741935 
6.829031 
6.903225 
6.977418 
7.054838 
7.119354 
7.167741 
7.216128 
7.26129 
7.303225 
7.441935 
7.716128 
7.993547 
8.225806 
8.38387 
8.490322 
8.496773 
8.416128 
8.245161 
8.025805 
7.732257 
7.432257 
7.141935 
6.909677 
6.735483 
6.690322 
6.787096 
6.870967 
6.941935 
7.019354 
7.064515 
7.12258 
7.170967 
7.212903 
7.248386 
7.316128 
7.309677 
7.358064 
7.380644 
7.396773 
7.406451 
7.425806 
7.44516 
7.435483 
7.464515 
7.487096 
7.487096 
7.62258 
7.899999 
8.141935 
8.212903 
8.064515 
7.780644 
7.44516 
7.187096 
7.219354 
7.248386 
7.299999 
7.335483 
7.338709 
7.364515 
7.332257 
6.677419 
7.829031 
11.55806 
12.2258 
8.080644 
5.903225 
6.277419 
6.635483 
6.745161 
6.816128 
6.916128 
6.987096 
7.132257 
7.180644 
7.209677 
7.258064 
7.290322 
7.551612 
7.832257 
8.077418 
8.293547 
8.448386 
8.496773 
8.464515 
8.338708 
8.138709 
7.874193 
7.558063 
7.274193 
6.987096 
6.754838 
6.632257 
6.767741 
6.851612 
6.929031 
6.993547 
7.064515 
7.132257 
7.177419 
7.206451 
7.264515 
7.303225 
7.299999 
7.358064 
7.370967 
7.393548 
7.406451 
7.419354 
7.454838 
7.458064 
7.487096 
7.458064 
7.490322 
7.538709 
7.825806 
8.099999 
8.209676 
8.125805 
7.854838 
7.54516 
7.254838 
7.229032 
7.229032 
7.290322 
7.32258 
7.338709 
7.367741 
7.387096 
6.896773 
7.135483 
10.4258 
12.92257 
9.335483 
6.096773 
6.035483 
6.587096 
6.72258 
6.806451 
6.877418 
6.964515 
7.051612 
7.090322 
7.141935 
7.187096 
7.251612 
7.274193 
7.393548 
7.687096 
7.964515 
8.190321 
8.364515 
8.470967 
8.470967 
8.396773 
8.248386 
8.003225 
7.738709 
7.432257 
7.141935 
6.874193 
6.687096 
6.748386 
6.806451 
6.880644 
6.977418 
7.02258 
7.096773 
7.125806 
7.177419 
7.206451 
7.206451 
7.28387 
7.341935 
7.364515 
7.390322 
7.416128 
7.416128 
7.419354 
7.451612 
7.448386 
7.464515 
7.48387 
7.487096 
7.68387 
7.993547 
8.180644 
8.206451 
7.996773 
7.670967 
7.361289 
7.170967 
7.235483 
7.274193 
7.287096 
7.335483 
7.354838 
7.364515 
7.206451 
6.612903 
8.890321 
12.62903 
10.98064 
6.796773 
5.858064 
6.48387 
6.674193 
6.764515 
6.854838 
6.935483 
7.009676 
7.051612 
7.129032 
7.167741 
7.209677 
7.245161 
7.293548 
7.580644 
7.880644 
8.112902 
8.299999 
8.454837 
8.503225 
8.448386 
8.316128 
8.119354 
7.870967 
7.548386 
7.248386 
6.987096 
6.751612 
6.648386 
6.751612 
6.838709 
6.916128 
6.987096 
7.08387 
7.141935 
7.174193 
7.212903 
7.245161 
7.28387 
7.32258 
7.341935 
7.367741 
7.38387 
7.403225 
7.435483 
7.42258 
7.44516 
7.451612 
7.477418 
7.487096 
7.574193 
7.880644 
8.129031 
8.190321 
8.119354 
7.812902 
7.487096 
7.203225 
7.22258 
7.258064 
7.293548 
7.32258 
7.358064 
7.370967 
7.374193 
6.748386 
7.58387 
11.1258 
12.57096 
8.554838 
5.999999 
6.209677 
6.641935 
6.735483 
6.819354 
6.929031 
6.999999 
7.041934 
7.112902 
7.16129 
7.209677 
7.248386 
7.277419 
7.448386 
7.735483 
8.00645 
8.261289 
8.409676 
8.48387 
8.474192 
8.358063 
8.209676 
7.970967 
7.68387 
7.399999 
7.099999 
6.825806 
6.645161 
6.699999 
6.793548 
6.861289 
6.974193 
7.041934 
7.090322 
7.151612 
7.18387 
7.245161 
7.290322 
7.309677 
7.338709 
7.361289 
7.370967 
7.409677 
7.42258 
7.432257 
7.44516 
7.454838 
7.454838 
7.477418 
7.52258 
7.493547 
7.32258 
7.077418 
6.548386 
5.506451 
4.409677 
3.541935 
3.964515 
5.306451 
7.009676 
8.293547 
8.919354 
9.316128 
9.564515 
9.509676 
9.396773 
9.261289 
9.158063 
9.129031 
9.054838 
9.038708 
8.941934 
8.967741 
9.003225 
9.009676 
8.970967 
8.84516 
8.658063 
8.393548 
7.996773 
7.680644 
7.319354 
7.054838 
6.903225 
6.812902 
6.674193 
6.651612 
6.593547 
6.716128 
6.819354 
6.890322 
6.951612 
7.04516 
7.074193 
7.129032 
7.170967 
7.212903 
7.248386 
7.277419 
7.309677 
7.329031 
7.358064 
7.370967 
7.399999 
7.399999 
7.425806 
7.44516 
7.44516 
7.451612 
7.461289 
7.480644 
7.474193 
7.487096 
7.490322 
7.503225 
7.506451 
7.503225 
7.506451 
7.72258 
8.009676 
8.193548 
8.193548 
7.990322 
7.674193 
7.351612 
7.193548 
7.229032 
7.258064 
7.293548 
7.316128 
7.348386 
7.377418 
7.193548 
6.619354 
9.025805 
12.70322 
10.83548 
6.693548 
5.874193 
6.512902 
6.658064 
6.774193 
6.848386 
6.932257 
7.025805 
7.067741 
7.135483 
7.193548 
7.209677 
7.258064 
7.299999 
7.574193 
7.854838 
8.090321 
8.329031 
8.438709 
8.509676 
8.454837 
8.290322 
8.151612 
7.819354 
7.519354 
7.251612 
6.938709 
6.716128 
6.629032 
6.732257 
6.832257 
6.893548 
6.958064 
7.061289 
7.125806 
7.174193 
7.199999 
7.235483 
7.264515 
7.306451 
7.335483 
7.358064 
7.390322 
7.416128 
7.425806 
7.451612 
7.425806 
7.454838 
7.451612 
7.438709 
7.570967 
7.877418 
8.122579 
8.199999 
8.077418 
7.790322 
7.441935 
7.193548 
7.209677 
7.254838 
7.277419 
7.303225 
7.325806 
7.354838 
7.32258 
6.68387 
7.790322 
11.49354 
12.27096 
8.109676 
5.925806 
6.264515 
6.638709 
6.729032 
6.825806 
6.887096 
6.977418 
7.032257 
7.116128 
7.138709 
7.193548 
7.235483 
7.267741 
7.467741 
7.770967 
8.035483 
8.235483 
8.393548 
8.480644 
8.454837 
8.361289 
8.187096 
7.932257 
7.654838 
7.361289 
7.064515 
6.812902 
6.619354 
6.709677 
6.787096 
6.880644 
6.970967 
7.029031 
7.093547 
7.132257 
7.193548 
7.245161 
7.270967 
7.306451 
7.332257 
7.361289 
7.38387 
7.403225 
7.396773 
7.425806 
7.461289 
7.448386 
7.467741 
7.470967 
7.496773 
7.777419 
8.054838 
8.212903 
8.154838 
7.925806 
7.603225 
7.270967 
7.209677 
7.248386 
7.296773 
7.316128 
7.32258 
7.351612 
7.364515 
6.970967 
6.899999 
9.999999 
13.0129 
9.796773 
6.232257 
5.958064 
6.580644 
6.699999 
6.799999 
6.88387 
6.94516 
7.038709 
7.096773 
7.138709 
7.187096 
7.232257 
7.248386 
7.364515 
7.638709 
7.941935 
8.174193 
8.374193 
8.454837 
8.477418 
8.406451 
8.267741 
8.048386 
7.78387 
7.138709 
6.861289 
6.670967 
6.709677 
6.816128 
6.916128 
6.970967 
7.025805 
7.093547 
7.151612 
7.174193 
7.235483 
7.280644 
7.319354 
7.309677 
7.329031 
7.38387 
7.38387 
7.425806 
7.42258 
7.44516 
7.448386 
7.464515 
7.470967 
7.493547 
7.716128 
8.016128 
8.187096 
8.158063 
7.951612 
7.654838 
7.332257 
7.196774 
7.229032 
7.280644 
7.312902 
7.332257 
7.338709 
7.380644 
7.096773 
6.709677 
9.406451 
12.89354 
10.38709 
6.454838 
5.92258 
6.548386 
6.674193 
6.78387 
6.870967 
6.977418 
7.025805 
7.08387 
7.132257 
7.180644 
7.206451 
7.28387 
7.309677 
7.616128 
7.903225 
8.138709 
8.338708 
8.467741 
8.512902 
8.419354 
8.287096 
8.061289 
7.819354 
7.519354 
7.235483 
6.938709 
6.72258 
6.648386 
6.780644 
6.867741 
6.948386 
7.003225 
7.087096 
7.103225 
7.164515 
7.22258 
7.254838 
7.28387 
7.316128 
7.351612 
7.351612 
7.403225 
7.412902 
7.409677 
7.425806 
7.44516 
7.458064 
7.477418 
7.477418 
7.596773 
7.919354 
8.138709 
8.209676 
8.096773 
7.787096 
7.438709 
7.22258 
7.22258 
7.254838 
7.306451 
7.312902 
7.361289 
7.367741 
7.354838 
6.699999 
7.858064 
11.6129 
12.20967 
8.029031 
5.912902 
6.309677 
6.645161 
6.754838 
6.84516 
6.899999 
6.98387 
7.041934 
7.103225 
7.158064 
7.18387 
7.258064 
7.303225 
7.474193 
7.780644 
8.064515 
8.270967 
8.412902 
8.474192 
8.461289 
8.358063 
8.199999 
7.938709 
7.651612 
7.374193 
7.070967 
6.825806 
6.66129 
6.693548 
6.812902 
6.893548 
6.958064 
7.048386 
7.08387 
7.135483 
7.193548 
7.248386 
7.277419 
7.325806 
7.341935 
7.351612 
7.38387 
7.396773 
7.403225 
7.406451 
7.435483 
7.467741 
7.480644 
7.461289 
7.496773 
7.754838 
8.032257 
8.209676 
8.129031 
7.916128 
7.58387 
7.270967 
7.216128 
7.251612 
7.290322 
7.325806 
7.341935 
7.390322 
7.374193 
6.993547 
6.893548 
9.929031 
12.99999 
9.832257 
6.241935 
5.967741 
6.580644 
6.667741 
6.790322 
6.867741 
6.948386 
7.009676 
7.08387 
7.138709 
7.180644 
7.212903 
7.251612 
7.361289 
7.645161 
7.929031 
8.180644 
8.354838 
8.474192 
8.509676 
8.422579 
8.238709 
8.051611 
7.790322 
7.461289 
7.190322 
6.919354 
6.699999 
6.68387 
6.767741 
6.877418 
6.935483 
7.009676 
7.070967 
7.138709 
7.177419 
7.225806 
7.267741 
7.316128 
7.354838 
7.348386 
7.387096 
7.403225 
7.416128 
7.441935 
7.438709 
7.464515 
7.464515 
7.48387 
7.464515 
7.658064 
7.964515 
8.180644 
8.203225 
8.058063 
7.754838 
7.396773 
7.196774 
7.238709 
7.267741 
7.303225 
7.325806 
7.358064 
7.361289 
7.290322 
6.609677 
8.396773 
10.73225 
6.558063 
5.893548 
6.541934 
6.687096 
6.774193 
6.88387 
6.935483 
7.009676 
7.080644 
7.103225 
7.167741 
7.196774 
7.248386 
7.296773 
7.590322 
7.880644 
8.132257 
8.338708 
8.448386 
8.496773 
8.432257 
8.296773 
8.080644 
7.809677 
7.535483 
7.216128 
6.964515 
6.735483 
6.66129 
6.76129 
6.841935 
6.929031 
7.003225 
7.058063 
7.129032 
7.180644 
7.238709 
7.264515 
7.267741 
7.312902 
7.354838 
7.387096 
7.387096 
7.416128 
7.432257 
7.438709 
7.448386 
7.477418 
7.467741 
7.48387 
7.609676 
7.899999 
8.14516 
8.206451 
8.093547 
7.796773 
7.438709 
7.170967 
7.225806 
7.258064 
7.293548 
7.316128 
7.338709 
7.358064 
7.332257 
6.677419 
7.909677 
11.67096 
12.16128 
7.941935 
5.912902 
6.306451 
6.632257 
6.741935 
6.832257 
6.929031 
6.98387 
7.054838 
7.129032 
7.16129 
7.196774 
7.245161 
7.277419 
7.470967 
7.76129 
8.035483 
8.258064 
8.422579 
8.474192 
8.467741 
8.354838 
8.203225 
7.935483 
7.66129 
7.348386 
7.067741 
6.812902 
6.654838 
6.709677 
6.816128 
6.919354 
6.970967 
7.041934 
7.103225 
7.154838 
7.193548 
7.251612 
7.274193 
7.299999 
7.335483 
7.348386 
7.396773 
7.387096 
7.42258 
7.441935 
7.461289 
7.44516 
7.464515 
7.48387 
7.503225 
7.780644 
8.061289 
8.209676 
8.18387 
7.941935 
7.606451 
7.287096 
7.212903 
7.245161 
7.299999 
7.312902 
7.367741 
7.38387 
7.390322 
6.999999 
6.916128 
9.938709 
13.01935 
9.82258 
6.258064 
5.94516 
6.577418 
6.703225 
6.790322 
6.890322 
6.94516 
6.990322 
7.08387 
7.135483 
7.190322 
7.22258 
7.264515 
7.358064 
7.651612 
7.925806 
8.190321 
8.370966 
8.480644 
8.509676 
8.429031 
8.28387 
8.070966 
7.764515 
7.48387 
7.180644 
6.899999 
6.693548 
6.68387 
6.774193 
6.874193 
6.935483 
7.006451 
7.077418 
7.12258 
7.145161 
7.216128 
7.248386 
7.277419 
7.32258 
7.341935 
7.367741 
7.399999 
7.399999 
7.416128 
7.451612 
7.454838 
7.470967 
7.48387 
7.48387 
7.635483 
7.964515 
8.151612 
8.187096 
8.061289 
7.751612 
7.409677 
7.190322 
7.219354 
7.264515 
7.280644 
7.303225 
7.354838 
7.364515 
7.309677 
6.658064 
8.229031 
12.06774 
11.80644 
7.52258 
5.874193 
6.370967 
6.66129 
6.774193 
6.841935 
6.92258 
6.987096 
7.064515 
7.112902 
7.16129 
7.199999 
7.245161 
7.290322 
7.512902 
7.796773 
8.061289 
8.267741 
8.419354 
8.477418 
8.464515 
8.374193 
8.177418 
7.932257 
7.670967 
7.354838 
7.087096 
6.78387 
6.658064 
6.745161 
6.841935 
6.906451 
6.977418 
7.054838 
7.116128 
7.154838 
7.219354 
7.258064 
7.28387 
7.32258 
7.316128 
7.367741 
7.403225 
7.416128 
7.435483 
7.448386 
7.464515 
7.467741 
7.493547 
7.58387 
7.874193 
8.135483 
8.209676 
8.087096 
7.806451 
7.487096 
7.203225 
7.238709 
7.245161 
7.270967 
7.325806 
7.348386 
7.367741 
7.358064 
6.719354 
7.741935 
11.28064 
12.74516 
8.961289 
5.98387 
6.009676 
6.564515 
6.68387 
6.78387 
6.858064 
6.932257 
7.006451 
7.070967 
7.132257 
7.174193 
7.212903 
7.245161 
7.406451 
7.690322 
7.961289 
8.216128 
8.377418 
8.474192 
8.493547 
8.396773 
8.241934 
7.993547 
7.732257 
7.432257 
7.141935 
6.877418 
6.677419 
6.703225 
6.790322 
6.890322 
6.958064 
7.04516 
7.087096 
7.151612 
7.196774 
7.245161 
7.274193 
7.316128 
7.325806 
7.34516 
7.374193 
7.406451 
7.416128 
7.44516 
7.458064 
7.448386 
7.474193 
7.487096 
7.493547 
7.716128 
7.996773 
8.190321 
8.170967 
7.987096 
7.670967 
7.338709 
7.196774 
7.251612 
7.287096 
7.329031 
7.335483 
7.34516 
7.393548 
7.18387 
6.62258 
8.996773 
12.65161 
10.89677 
8.02258 
5.864515 
6.203225 
6.570967 
6.68387 
6.796773 
6.870967 
6.958064 
7.009676 
7.087096 
7.132257 
7.177419 
7.219354 
7.277419 
7.458064 
7.745161 
8.025805 
8.248386 
8.412902 
8.474192 