
6,967741 
7,029031 
7,074193 
7,109676 
7,180644 
7,22258 
7,264515 
7,274193 
7,319354 
7,348386 
7,387096 
7,390322 
7,42258 
7,42258 
7,44516 
7,464515 
7,474193 
7,432257 
7,470967 
7,76129 
8,003225 
8,174193 
8,167741 
7,987096 
7,658064 
7,332257 
7,187096 
7,238709 
7,277419 
7,319354 
7,32258 
7,361289 
7,374193 
7,406451 
7,103225 
6,767741 
9,596773 
12,96128 
10,24193 
6,403225 
5,938709 
6,577418 
6,709677 
6,816128 
6,887096 
6,964515 
7,035483 
7,080644 
7,158064 
7,196774 
7,22258 
7,277419 
7,341935 
7,619354 
7,790322 
8,316128 
8,448386 
8,509676 
8,441934 
8,316128 
8,148386 
7,896773 
7,616128 
7,338709 
7,04516 
6,803225 
6,62258 
6,703225 
6,796773 
6,880644 
6,967741 
7,025805 
7,109676 
7,16129 
7,187096 
7,225806 
7,26129 
7,296773 
7,312902 
7,354838 
7,380644 
7,399999 
7,409677 
7,435483 
7,448386 
7,461289 
7,474193 
7,48387 
7,493547 
7,799999 
8,074193 
8,209676 
8,154838 
7,919354 
7,580644 
7,267741 
7,206451 
7,232257 
7,274193 
7,299999 
7,348386 
7,358064 
7,390322 
6,958064 
6,970967 
10,12903 
13,00644 
9,622579 
6,177419 
5,999999 
6,596773 
6,709677 
6,793548 
6,880644 
6,958064 
7,035483 
7,090322 
7,151612 
7,187096 
7,225806 
7,267741 
7,380644 
7,696774 
7,938709 
8,206451 
8,374193 
8,474192 
8,490322 
8,419354 
8,261289 
8,025805 
7,745161 
7,432257 
7,145161 
6,899999 
6,68387 
6,690322 
6,793548 
6,864515 
6,951612 
7,029031 
7,08387 
7,141935 
7,180644 
7,212903 
7,258064 
7,303225 
7,306451 
7,348386 
7,377418 
7,393548 
7,412902 
7,425806 
7,441935 
7,448386 
7,458064 
7,487096 
7,487096 
7,687096 
7,980644 
8,187096 
8,193548 
8,012902 
7,690322 
7,361289 
7,206451 
7,248386 
7,267741 
7,296773 
7,338709 
7,348386 
7,370967 
7,199999 
6,638709 
8,890321 
12,61612 
11,02903 
6,812902 
5,88387 
6,512902 
6,677419 
6,770967 
6,854838 
6,948386 
6,993547 
7,074193 
7,135483 
7,187096 
7,219354 
7,254838 
7,290322 
7,580644 
7,861289 
8,132257 
8,329031 
8,454837 
8,496773 
8,451612 
8,312902 
8,106451 
7,835483 
7,54516 
7,267741 
6,964515 
6,748386 
6,658064 
6,764515 
6,841935 
6,935483 
6,999999 
7,058063 
7,119354 
7,170967 
7,199999 
7,251612 
7,299999 
7,319354 
7,358064 
7,374193 
7,387096 
7,406451 
7,425806 
7,451612 
7,464515 
7,467741 
7,519354 
7,487096 
7,619354 
7,88387 
8,125805 
8,203225 
8,109676 
7,819354 
7,480644 
7,187096 
7,216128 
7,274193 
7,312902 
7,319354 
7,34516 
7,370967 
7,316128 
6,677419 
7,735483 
11,42257 
12,32903 
8,225806 
5,938709 
6,254838 
6,651612 
6,741935 
6,825806 
6,916128 
6,980644 
7,051612 
7,099999 
7,154838 
7,196774 
7,238709 
7,274193 
7,474193 
7,767741 
8,019353 
8,248386 
8,425806 
8,467741 
8,454837 
8,364515 
8,190321 
7,94516 
7,658064 
7,354838 
7,061289 
6,803225 
6,638709 
6,709677 
6,816128 
6,903225 
6,964515 
7,04516 
7,093547 
7,151612 
7,196774 
7,241935 
7,267741 
7,287096 
7,338709 
7,370967 
7,393548 
7,409677 
7,425806 
7,438709 
7,448386 
7,454838 
7,464515 
7,48387 
7,499999 
7,764515 
8,054838 
8,216128 
8,158063 
7,925806 
7,580644 
7,277419 
7,216128 
7,296773 
7,312902 
7,354838 
7,351612 
7,38387 
6,787096 
7,419354 
10,9258 
12,69354 
8,796773 
6,003225 
6,145161 
6,62258 
6,719354 
6,787096 
6,919354 
6,980644 
7,048386 
7,087096 
7,132257 
7,18387 
7,232257 
7,270967 
7,419354 
7,716128 
7,987096 
8,238709 
8,396773 
8,48387 
8,477418 
8,390321 
8,232257 
7,990322 
7,712903 
7,409677 
7,119354 
6,864515 
6,635483 
6,699999 
6,780644 
6,877418 
6,958064 
7,029031 
7,109676 
7,141935 
7,190322 
7,229032 
7,28387 
7,309677 
7,354838 
7,367741 
7,38387 
7,406451 
7,438709 
7,432257 
7,458064 
7,474193 
7,474193 
7,477418 
7,503225 
7,519354 
7,516128 
7,387096 
7,164515 
6,745161 
5,861289 
4,625806 
3,799999 
3,609677 
4,916128 
6,470967 
7,98387 
8,774192 
9,216128 
9,558063 
9,48387 
9,470967 
9,267741 
9,203225 
9,141934 
9,04516 
9,038708 
8,970967 
8,94516 
8,993547 
9,058063 
8,967741 
8,893548 
8,735483 
8,467741 
8,116127 
7,764515 
7,435483 
7,116128 
6,967741 
6,82258 
6,729032 
6,638709 
6,580644 
6,690322 
6,796773 
6,874193 
6,941935 
7,006451 
7,077418 
7,109676 
7,167741 
7,219354 
7,232257 
7,264515 
7,316128 
7,325806 
7,312902 
7,367741 
7,390322 
7,403225 
7,419354 
7,435483 
7,441935 
7,448386 
7,448386 
7,477418 
7,474193 
7,48387 
7,493547 
7,509676 
7,503225 
7,516128 
7,506451 
7,638709 
7,925806 
8,164515 
8,209676 
8,090321 
7,780644 
7,451612 
7,203225 
7,229032 
7,245161 
7,28387 
7,296773 
7,335483 
7,374193 
7,325806 
6,677419 
7,88387 
11,60322 
12,17096 
7,967741 
5,899999 
6,299999 
6,629032 
6,725806 
6,819354 
6,88387 
6,967741 
7,038709 
7,096773 
7,158064 
7,177419 
7,235483 
7,274193 
7,464515 
7,751612 
8,032257 
8,251612 
8,406451 
8,454837 
8,44516 
8,354838 
8,170967 
7,925806 
7,629032 
7,34516 
7,067741 
6,812902 
6,629032 
6,703225 
6,796773 
6,880644 
6,954838 
7,035483 
7,099999 
7,141935 
7,180644 
7,229032 
7,264515 
7,290322 
7,329031 
7,34516 
7,361289 
7,380644 
7,416128 
7,441935 
7,429031 
7,44516 
7,454838 
7,467741 
7,506451 
7,796773 
8,048386 
8,203225 
8,138709 
7,912902 
7,54516 
7,270967 
7,193548 
7,22258 
7,28387 
7,312902 
7,338709 
7,348386 
7,364515 
6,967741 
6,912902 
10,01935 
12,99032 
9,738709 
6,212903 
5,970967 
6,58387 
6,693548 
6,796773 
6,88387 
6,961289 
7,025805 
7,087096 
7,129032 
7,154838 
7,219354 
7,270967 
7,416128 
7,651612 
7,929031 
8,151612 
8,380644 
8,48387 
8,496773 
8,409676 
8,254837 
8,029031 
7,751612 
7,464515 
7,138709 
6,906451 
6,690322 
6,677419 
6,787096 
6,861289 
6,938709 
7,096773 
7,129032 
7,187096 
7,225806 
7,277419 
7,28387 
7,325806 
7,335483 
7,361289 
7,403225 
7,416128 
7,438709 
7,44516 
7,470967 
7,477418 
7,470967 
7,499999 
7,748386 
8,02258 
8,187096 
8,158063 
7,967741 
7,645161 
7,319354 
7,199999 
7,238709 
7,251612 
7,309677 
7,338709 
7,354838 
7,38387 
7,096773 
6,748386 
9,561289 
12,94516 
10,24193 
6,396773 
5,935483 
6,577418 
6,693548 
6,780644 
6,870967 
6,94516 
7,019354 
7,077418 
7,135483 
7,174193 
7,216128 
7,251612 
7,332257 
7,632257 
7,903225 
8,167741 
8,354838 
8,470967 
8,509676 
8,429031 
8,258064 
8,048386 
7,799999 
7,506451 
7,199999 
6,929031 
6,703225 
6,66129 
6,774193 
6,854838 
6,929031 
7,012902 
7,077418 
7,132257 
7,170967 
7,212903 
7,251612 
7,290322 
7,335483 
7,348386 
7,377418 
7,393548 
7,409677 
7,416128 
7,44516 
7,451612 
7,477418 
7,474193 
7,496773 
7,664515 
7,951612 
8,16129 
8,196773 
8,067741 
7,764515 
7,406451 
7,187096 
7,225806 
7,264515 
7,296773 
7,316128 
7,351612 
7,38387 
7,312902 
6,635483 
8,141935 
11,96774 
11,86128 
7,593547 
5,88387 
6,367741 
6,66129 
6,758064 
6,841935 
6,929031 
6,993547 
7,054838 
7,109676 
7,167741 
7,219354 
7,267741 
7,270967 
7,506451 
7,806451 
8,064515 
8,277419 
8,416128 
8,499999 
8,464515 
8,354838 
8,170967 
7,925806 
7,638709 
7,325806 
7,048386 
6,812902 
6,664515 
6,732257 
6,825806 
6,906451 
6,974193 
7,041934 
7,093547 
7,145161 
7,180644 
7,254838 
7,267741 
7,316128 
7,354838 
7,361289 
7,364515 
7,399999 
7,403225 
7,448386 
7,454838 
7,474193 
7,480644 
7,467741 
7,506451 
7,816128 
8,083869 
8,222579 
8,132257 
7,887096 
7,54516 
7,251612 
7,209677 
7,235483 
7,290322 
7,32258 
7,335483 
7,354838 
7,377418 
6,893548 
7,135483 
10,39354 
12,93225 
9,332257 
6,106451 
6,054838 
6,606451 
6,709677 
6,819354 
6,899999 
6,974193 
7,041934 
7,058063 
7,138709 
7,199999 
7,232257 
7,267741 
7,38387 
7,696774 
7,954838 
8,209676 
8,374193 
8,467741 
8,496773 
8,399999 
8,229031 
7,990322 
7,735483 
7,435483 
7,129032 
6,893548 
6,680644 
6,680644 
6,780644 
6,874193 
6,958064 
7,038709 
7,103225 
7,145161 
7,158064 
7,238709 
7,267741 
7,299999 
7,335483 
7,354838 
7,377418 
7,403225 
7,409677 
7,438709 
7,44516 
7,464515 
7,438709 
7,470967 
7,490322 
7,693548 
7,98387 
8,174193 
8,164515 
7,999999 
7,68387 
7,367741 
7,196774 
7,229032 
7,277419 
7,32258 
7,341935 
7,364515 
7,370967 
7,216128 
6,616128 
8,874193 
12,62903 
11,03548 
6,82258 
5,867741 
6,48387 
6,670967 
6,787096 
6,851612 
7,02258 
7,08387 
7,154838 
7,174193 
7,203225 
7,26129 
7,319354 
7,645161 
7,916128 
8,177418 
8,358063 
8,467741 
8,509676 
8,419354 
8,277419 
8,058063 
7,806451 
7,490322 
7,199999 
6,935483 
6,68387 
6,667741 
6,754838 
6,867741 
6,954838 
7,003225 
7,090322 
7,138709 
7,158064 
7,22258 
7,254838 
7,290322 
7,319354 
7,367741 
7,361289 
7,390322 
7,412902 
7,458064 
7,438709 
7,467741 
7,48387 
7,467741 
7,490322 
7,632257 
7,932257 
8,148386 
8,203225 
8,061289 
7,754838 
7,42258 
7,196774 
7,238709 
7,26129 
7,306451 
7,335483 
7,354838 
7,380644 
7,312902 
6,645161 
8,167741 
11,98387 
11,86451 
7,599999 
5,906451 
6,370967 
6,658064 
6,76129 
6,861289 
6,935483 
6,987096 
7,074193 
7,106451 
7,16129 
7,199999 
7,254838 
7,280644 
7,509676 
7,809677 
8,093547 
8,277419 
8,409676 
8,487095 
8,454837 
8,354838 
8,16129 
7,909677 
7,638709 
7,335483 
7,048386 
6,82258 
6,638709 
6,732257 
6,812902 
6,909677 
6,980644 
7,038709 
7,112902 
7,167741 
7,209677 
7,254838 
7,28387 
7,316128 
7,348386 
7,361289 
7,390322 
7,393548 
7,416128 
7,435483 
7,441935 
7,461289 
7,467741 
7,480644 
7,509676 
7,825806 
8,083869 
8,212903 
8,129031 
7,890322 
7,561289 
7,238709 
7,209677 
7,235483 
7,287096 
7,316128 
7,351612 
7,367741 
7,396773 
6,880644 
7,129032 
10,42257 
12,92257 
9,312902 
6,109677 
6,070967 
6,638709 
6,719354 
6,809677 
6,903225 
6,964515 
7,048386 
7,090322 
7,132257 
7,18387 
7,216128 
7,248386 
7,296773 
7,596773 
7,88387 
8,106451 
8,32258 
8,474192 
8,512902 
8,438709 
8,319354 
8,099999 
7,848386 
7,525805 
7,248386 
6,980644 
6,741935 
6,654838 
6,777419 
6,848386 
6,929031 
7,041934 
7,080644 
7,109676 
7,18387 
7,229032 
7,258064 
7,303225 
7,332257 
7,361289 
7,38387 
7,390322 
7,403225 
7,435483 
7,432257 
7,464515 
7,470967 
7,467741 
7,490322 
7,580644 
7,899999 
8,141935 
8,199999 
8,096773 
7,799999 
7,467741 
7,187096 
7,238709 
7,270967 
7,296773 
7,316128 
7,34516 
7,370967 
7,348386 
6,703225 
7,819354 
11,53225 
12,25161 
8,087096 
5,932257 
6,287096 
6,641935 
6,741935 
6,838709 
6,903225 
6,980644 
7,048386 
7,103225 
7,174193 
7,206451 
7,232257 
7,270967 
7,464515 
7,780644 
8,048386 
8,258064 
8,425806 
8,48387 
8,467741 
8,377418 
8,187096 
7,935483 
7,654838 
7,351612 
7,064515 
6,819354 
6,641935 
6,725806 
6,803225 
6,896773 
6,977418 
7,035483 
7,109676 
7,154838 
7,199999 
7,229032 
7,28387 
7,306451 
7,32258 
7,361289 
7,364515 
7,393548 
7,416128 
7,435483 
7,448386 
7,467741 
7,48387 
7,532257 
7,864515 
8,103224 
8,209676 
8,122579 
7,835483 
7,512902 
7,193548 
7,212903 
7,258064 
7,274193 
7,325806 
7,361289 
7,377418 
7,38387 
6,767741 
7,480644 
10,98709 
12,65161 
8,693548 
6,048386 
6,177419 
6,638709 
6,732257 
6,838709 
6,92258 
7,070967 
7,041934 
7,099999 
7,141935 
7,196774 
7,245161 
7,277419 
7,451612 
7,745161 
7,996773 
8,245161 
8,399999 
8,470967 
8,480644 
8,399999 
8,235483 
7,964515 
7,693548 
7,393548 
7,112902 
6,861289 
6,677419 
6,72258 
6,806451 
6,887096 
6,954838 
7,048386 
7,112902 
7,145161 
7,187096 
7,238709 
7,264515 
7,290322 
7,335483 
7,34516 
7,390322 
7,409677 
7,416128 
7,448386 
7,458064 
7,470967 
7,48387 
7,480644 
7,496773 
7,751612 
8,02258 
8,196773 
8,158063 
7,951612 
7,625806 
7,296773 
7,187096 
7,241935 
7,290322 
7,296773 
7,358064 
7,370967 
7,399999 
7,087096 
6,741935 
9,532257 
12,9258 
10,29032 
6,416128 
5,919354 
6,554838 
6,68387 
6,809677 
6,88387 
6,94516 
7,032257 
7,093547 
7,112902 
7,180644 
7,235483 
7,258064 
7,338709 
7,625806 
7,912902 
8,170967 
8,358063 
8,48387 
8,493547 
8,435482 
8,258064 
8,058063 
7,82258 
7,525805 
7,225806 
6,958064 
6,725806 
6,68387 
6,76129 
6,877418 
6,935483 
6,993547 
7,051612 
7,096773 
7,174193 
7,216128 
7,238709 
7,299999 
7,32258 
7,358064 
7,38387 
7,399999 
7,406451 
7,438709 
7,429031 
7,438709 
7,441935 
7,487096 
7,490322 
7,606451 
7,903225 
8,112902 
8,18387 
8,070966 
7,748386 
7,448386 
7,187096 
7,22258 
7,267741 
7,296773 
7,306451 
7,34516 
7,364515 
7,341935 
6,667741 
7,954838 
11,69999 
12,08386 
7,88387 
5,906451 
6,303225 
6,648386 
6,754838 
6,819354 
6,92258 
7,003225 
7,048386 
7,112902 
7,164515 
7,193548 
7,254838 
7,280644 
7,490322 
7,777419 
8,04516 
8,267741 
8,406451 
8,496773 
8,474192 
8,367741 
8,177418 
7,954838 
7,651612 
7,338709 
7,070967 
6,835483 
6,632257 
6,712903 
6,819354 
6,909677 
6,980644 
7,048386 
7,096773 
7,167741 
7,203225 
7,238709 
7,267741 
7,306451 
7,341935 
7,370967 
7,38387 
7,396773 
7,435483 
7,432257 
7,448386 
7,458064 
7,474193 
7,493547 
7,499999 
7,803225 
8,061289 
8,199999 
8,138709 
7,906451 
7,567741 
7,245161 
7,209677 
7,251612 
7,280644 
7,329031 
7,332257 
7,354838 
7,38387 
6,912902 
7,054838 
10,29032 
12,98064 
9,474192 
6,141935 
6,051612 
6,616128 
6,719354 
6,816128 
6,899999 
6,967741 
7,04516 
7,087096 
7,141935 
7,196774 
7,229032 
7,277419 
7,374193 
7,677419 
7,958064 
8,212903 
8,370966 
8,470967 
8,490322 
8,396773 
8,232257 
7,696774 
7,374193 
7,090322 
6,829031 
6,641935 
6,72258 
6,819354 
6,88387 
6,970967 
7,025805 
7,087096 
7,148386 
7,18387 
7,225806 
7,280644 
7,306451 
7,338709 
7,358064 
7,377418 
7,396773 
7,409677 
7,438709 
7,448386 
7,467741 
7,470967 
7,474193 
7,529031 
7,506451 
7,506451 
7,390322 
7,125806 
6,677419 
5,729032 
4,535483 
3,719354 
3,754838 
5,051612 
6,72258 
8,116127 
8,854838 
9,251612 
9,580644 
9,512902 
9,454837 
9,28387 
9,199999 
9,138709 
9,035483 
9,064515 
8,948386 
8,964515 
8,999999 
9,051611 
8,977418 
8,887096 
8,712903 
8,464515 
8,070966 
7,725806 
7,387096 
7,032257 
6,948386 
6,803225 
6,680644 
6,648386 
6,577418 
6,66129 
6,78387 
6,874193 
6,951612 
7,019354 
7,087096 
7,125806 
7,177419 
7,216128 
7,241935 
7,290322 
7,290322 
7,319354 
7,34516 
7,367741 
7,38387 
7,412902 
7,435483 
7,432257 
7,454838 
7,435483 
7,474193 
7,470967 
7,499999 
7,48387 
7,448386 
7,499999 
7,487096 
7,499999 
7,496773 
7,670967 
7,954838 
8,177418 
8,203225 
8,019353 
7,751612 
7,406451 
7,18387 
7,235483 
7,251612 
7,296773 
7,32258 
7,348386 
7,370967 
7,28387 
6,612903 
8,264515 
12,10322 
11,73225 
7,425806 
5,867741 
6,367741 
6,635483 
6,758064 
6,838709 
6,929031 
6,974193 
7,061289 
7,116128 
7,16129 
7,180644 
7,235483 
7,258064 
7,38387 
7,693548 
7,970967 
8,216128 
8,370966 
8,474192 
8,477418 
8,393548 
8,225806 
7,980644 
7,706451 
7,425806 
7,106451 
6,864515 
6,658064 
6,693548 
6,767741 
6,874193 
6,954838 
7,029031 
7,070967 
7,12258 
7,167741 
7,216128 
7,258064 
7,296773 
7,32258 
7,351612 
7,361289 
7,377418 
7,406451 
7,42258 
7,438709 
7,464515 
7,458064 
7,458064 
7,470967 
7,664515 
7,974193 
8,164515 
8,177418 
8,029031 
7,729032 
7,374193 
7,177419 
7,235483 
7,251612 
7,290322 
7,329031 
7,338709 
7,364515 
7,248386 
6,66129 
7,98387 
11,73548 
12,07741 
7,84516 
5,893548 
6,32258 
6,648386 
6,745161 
6,825806 
6,92258 
6,993547 
7,064515 
7,099999 
7,158064 
7,199999 
7,254838 
7,270967 
7,487096 
7,777419 
8,038708 
8,280644 
8,425806 
8,496773 
8,464515 
8,367741 
8,174193 
7,916128 
7,632257 
7,32258 
7,061289 
6,812902 
6,619354 
6,729032 
6,806451 
6,893548 
6,964515 
7,048386 
7,106451 
7,167741 
7,203225 
7,238709 
7,274193 
7,287096 
7,312902 
7,351612 
7,380644 
7,377418 
7,409677 
7,432257 
7,44516 
7,451612 
7,461289 
7,487096 
7,48387 
7,803225 
8,067741 
8,203225 
8,135483 
7,874193 
7,558063 
7,238709 
7,196774 
7,241935 
7,28387 
7,299999 
7,325806 
7,358064 
7,396773 
7,606451 
11,34516 
12,39354 
8,261289 
5,948386 
6,26129 
6,638709 
6,735483 
6,835483 
6,903225 
6,990322 
7,051612 
7,106451 
7,170967 
7,203225 
7,238709 
7,280644 
7,467741 
7,741935 
8,025805 
8,248386 
8,416128 
8,464515 
8,464515 
8,377418 
8,190321 
7,951612 
7,645161 
7,361289 
7,087096 
6,799999 
6,648386 
6,719354 
6,799999 
6,899999 
6,977418 
7,035483 
7,074193 
7,138709 
7,190322 
7,245161 
7,280644 
7,319354 
7,335483 
7,364515 
7,380644 
7,38387 
7,412902 
7,432257 
7,441935 
7,461289 
7,48387 
7,477418 
7,499999 
7,732257 
7,999999 
8,180644 
8,187096 
7,974193 
7,658064 
7,32258 
7,216128 
7,238709 
7,280644 
7,312902 
7,329031 
7,34516 
7,367741 
7,116128 
6,706451 
9,387096 
12,89032 
10,44838 
6,474193 
5,909677 
6,541934 
6,690322 
6,790322 
6,870967 
6,954838 
7,035483 
7,070967 
7,145161 
7,187096 
7,22258 
7,241935 
7,316128 
7,629032 
7,909677 
8,154838 
8,351612 
8,448386 
8,490322 
8,425806 
8,28387 
8,074193 
7,812902 
7,525805 
7,212903 
6,94516 
6,716128 
6,670967 
6,777419 
6,851612 
6,929031 
6,987096 
7,070967 
7,135483 
7,167741 
7,216128 
7,26129 
7,28387 
7,319354 
7,348386 
7,380644 
7,390322 
7,390322 
7,432257 
7,448386 
7,451612 
7,464515 
7,464515 
7,48387 
7,612902 
7,925806 
8,141935 
8,203225 
8,077418 
7,774193 
7,42258 
7,177419 
7,209677 
7,251612 
7,274193 
7,329031 
7,351612 
7,370967 
7,329031 
6,635483 
8,090321 
11,89999 
11,91935 
7,648386 
5,951612 
6,248386 
6,645161 
6,745161 
6,838709 
6,92258 
6,98387 
7,051612 
7,119354 
7,174193 
7,203225 
7,238709 
7,274193 
7,448386 
7,748386 
8,029031 
8,232257 
8,399999 
8,503225 
8,477418 
8,38387 
8,206451 
7,964515 
7,677419 
7,387096 
7,08387 
6,819354 
6,641935 
6,703225 
6,806451 
6,909677 
6,974193 
7,035483 
7,096773 
7,164515 
7,206451 
7,245161 
7,280644 
7,32258 
7,341935 
7,354838 
7,390322 
7,403225 
7,419354 
7,435483 
7,458064 
7,470967 
7,48387 
7,467741 
7,477418 
7,758064 
8,04516 
8,209676 
8,16129 
7,948386 
7,632257 
7,309677 
7,206451 
7,238709 
7,28387 
7,309677 
7,341935 
7,348386 
7,380644 
7,399999 
6,84516 
7,251612 
10,64193 
12,85483 
9,106451 
6,070967 
6,099999 
6,616128 
6,72258 
6,806451 
6,916128 
6,958064 
7,038709 
7,090322 
7,148386 
7,199999 
7,235483 
7,264515 
7,393548 
7,703225 
7,980644 
8,216128 
8,403224 
8,474192 
8,458064 
8,393548 
8,225806 
7,993547 
7,719354 
7,42258 
7,135483 
6,864515 
6,664515 
6,693548 
6,793548 
6,890322 
6,964515 
7,032257 
7,08387 
7,135483 
7,180644 
7,232257 
7,309677 
7,329031 
7,361289 
7,377418 
7,403225 
7,419354 
7,451612 
7,458064 
7,470967 
7,470967 
7,490322 
7,496773 
7,790322 
8,077418 
8,216128 
8,14516 
7,906451 
7,564515 
7,26129 
7,199999 
7,245161 
7,277419 
7,319354 
7,325806 
7,354838 
7,38387 
6,941935 
6,990322 
10,19999 
12,98387 
9,583869 
6,174193 
6,019354 
6,612903 
6,712903 
6,803225 
6,887096 
6,954838 
7,02258 
7,087096 
7,148386 
7,18387 
7,229032 
7,264515 
7,338709 
7,619354 
7,903225 
8,16129 
8,361289 
8,477418 
8,490322 
8,416128 
8,303225 
8,070966 
7,793548 
7,519354 
7,212903 
6,94516 
6,719354 
6,674193 
6,770967 
6,854838 
6,948386 
7,009676 
7,074193 
7,125806 
7,177419 
7,22258 
7,258064 
7,293548 
7,316128 
7,348386 
7,377418 
7,393548 
7,403225 
7,419354 
7,435483 
7,441935 
7,464515 
7,474193 
7,477418 
7,499999 
7,716128 
8,00645 
8,187096 
8,177418 
8,003225 
7,706451 
7,34516 
7,199999 
7,235483 
7,287096 
7,280644 
7,332257 
7,358064 
7,374193 
7,219354 
6,625806 
8,951612 
12,67096 
10,92257 
6,76129 
5,880644 
6,499999 
6,687096 
6,78387 
6,854838 
6,948386 
7,035483 
7,087096 
7,119354 
7,170967 
7,229032 
7,235483 
7,293548 
7,570967 
7,870967 
8,132257 
8,338708 
8,454837 
8,496773 
8,448386 
8,30645 
8,087096 
7,864515 
7,54516 
7,264515 
6,993547 
6,76129 
6,651612 
6,76129 
6,838709 
6,893548 
6,987096 
7,064515 
7,106451 
7,145161 
7,206451 
7,245161 
7,287096 
7,312902 
7,338709 
7,380644 
7,393548 
7,416128 
7,419354 
7,451612 
7,451612 
7,458064 
7,470967 
7,490322 
7,587096 
7,899999 
8,132257 
8,193548 
8,112902 
7,82258 
7,48387 
7,206451 
7,216128 
7,251612 
7,287096 
7,316128 
7,351612 
7,38387 
7,364515 
6,735483 
7,609676 
11,20322 
12,49032 
8,458064 
5,967741 
6,132257 
6,645161 
6,738709 
6,832257 
6,912902 
6,999999 
7,058063 
7,12258 
7,158064 
7,196774 
7,241935 
7,280644 
7,361289 
7,651612 
7,932257 
8,177418 
8,358063 
8,461289 
8,532257 
8,432257 
8,267741 
8,077418 
7,803225 
7,503225 
7,199999 
6,916128 
6,703225 
6,677419 
6,754838 
6,858064 
6,935483 
7,006451 
7,058063 
7,132257 
7,177419 
7,229032 
7,251612 
7,293548 
7,335483 
7,348386 
7,364515 
7,377418 
7,406451 
7,42258 
7,44516 
7,448386 
7,406451 
7,48387 
7,509676 
7,632257 
7,938709 
8,170967 
8,203225 
8,061289 
7,754838 
7,419354 
7,199999 
7,225806 
7,26129 
7,296773 
7,325806 
7,354838 
7,354838 
7,290322 
6,632257 
8,209676 
12,01612 
11,80644 
7,525805 
5,893548 
6,374193 
6,645161 
6,76129 
6,854838 
6,925806 
7,003225 
7,067741 
7,109676 
7,216128 
7,248386 
7,351612 
7,577418 
7,861289 
8,125805 
8,319354 
8,458064 
8,493547 
8,441934 
8,316128 
8,096773 
7,841935 
7,558063 
7,258064 
6,974193 
6,732257 
6,651612 
6,758064 
6,835483 
6,916128 
6,990322 
7,041934 
7,112902 
7,16129 
7,216128 
7,251612 
7,280644 
7,319354 
7,335483 
7,364515 
7,374193 
7,416128 
7,419354 
7,448386 
7,454838 
7,474193 
7,464515 
7,477418 
7,593547 
7,906451 
8,135483 
8,212903 
8,083869 
7,803225 
7,458064 
7,170967 
7,22258 
7,254838 
7,296773 
7,319354 
7,351612 
7,374193 
7,351612 
6,703225 
7,725806 
11,41935 
12,33548 
8,203225 
5,929031 
6,26129 
6,62258 
6,729032 
6,82258 
6,935483 
6,980644 
7,048386 
7,096773 
7,154838 
7,180644 
7,245161 
7,287096 
7,454838 
7,745161 
8,032257 
8,267741 
8,419354 
8,490322 
8,464515 
8,380644 
8,180644 
7,961289 
7,664515 
7,364515 
7,090322 
6,84516 
6,625806 
6,72258 
6,806451 
6,890322 
6,970967 
7,038709 
7,106451 
7,141935 
7,196774 
7,238709 
7,267741 
7,312902 
7,341935 
7,341935 
7,377418 
7,409677 
7,419354 
7,432257 
7,48387 
7,464515 
7,461289 
7,490322 
7,496773 
7,754838 
8,041934 
8,212903 
8,170967 
7,938709 
7,619354 
7,290322 
7,199999 
7,235483 
7,28387 
7,306451 
7,329031 
7,361289 
7,374193 
7,070967 
6,793548 
9,709676 
12,99032 
10,10967 
6,332257 
5,951612 
6,567741 
6,690322 
6,796773 
6,880644 
6,958064 
7,038709 
7,077418 
7,145161 
7,187096 
7,22258 
7,251612 
7,338709 
7,629032 
7,92258 
8,167741 
8,341935 
8,470967 
8,503225 
8,429031 
8,270967 
8,054838 
7,790322 
7,503225 
7,196774 
6,938709 
6,706451 
6,687096 
6,767741 
6,867741 
6,932257 
7,012902 
7,070967 
7,129032 
7,170967 
7,232257 
7,26129 
7,290322 
7,325806 
7,374193 
7,358064 
7,393548 
7,416128 
7,419354 
7,44516 
7,458064 
7,464515 
7,474193 
7,490322 
7,658064 
7,932257 
8,141935 
8,190321 
8,058063 
7,745161 
7,42258 
7,180644 
7,22258 
7,258064 
7,309677 
7,325806 
7,32258 
7,34516 
7,299999 
6,645161 
8,167741 
11,98387 
11,86774 
7,599999 
5,887096 
6,396773 
6,696774 
6,758064 
6,854838 
6,919354 
6,980644 
7,064515 
7,103225 
7,177419 
7,206451 
7,238709 
7,264515 
7,499999 
7,799999 
8,070966 
8,280644 
8,44516 
8,487095 
8,458064 
8,374193 
8,180644 
7,932257 
7,619354 
7,319354 
7,048386 
6,796773 
6,62258 
6,725806 
6,819354 
6,903225 
6,970967 
7,04516 
7,090322 
7,148386 
7,203225 
7,254838 
7,274193 
7,32258 
7,348386 
7,370967 
7,38387 
7,419354 
7,406451 
7,448386 
7,454838 
7,454838 
7,464515 
7,487096 
7,535483 
7,506451 
7,499999 
6,999999 
6,329031 
5,199999 
4,248386 
3,412903 
4,225806 
5,561289 
7,287096 
8,448386 
9,016128 
9,387096 
9,567741 
9,52258 
9,370966 
9,238709 
9,16129 
9,148386 
9,009676 
9,02258 
8,935482 
8,964515 
9,016128 
8,974192 
8,951612 
8,82258 
8,648386 
8,348386 
7,967741 
7,603225 
7,293548 
7,051612 
6,903225 
6,803225 
6,648386 
6,629032 
6,629032 
6,738709 
6,825806 
6,903225 
6,961289 
7,019354 
7,099999 
7,151612 
7,193548 
7,219354 
7,26129 
7,296773 
7,309677 
7,338709 
7,367741 
7,374193 
7,396773 
7,403225 
7,432257 
7,412902 
7,448386 
7,470967 
7,474193 
7,477418 
7,487096 
7,493547 
7,496773 
7,48387 
7,506451 
7,503225 
7,535483 
7,754838 
8,058063 
8,203225 
8,177418 
7,964515 
7,645161 
7,32258 
7,193548 
7,241935 
7,251612 
7,312902 
7,32258 
7,348386 
7,351612 
7,103225 
6,716128 
9,425806 
12,91612 
10,4129 
6,493547 
5,92258 
6,548386 
6,664515 
6,777419 
6,803225 
6,919354 
6,993547 
7,058063 
7,103225 
7,16129 
7,196774 
7,219354 
7,287096 
7,587096 
7,887096 
8,129031 
8,32258 
8,454837 
8,474192 
8,406451 
8,267741 
8,090321 
7,796773 
7,519354 
7,199999 
6,958064 
6,716128 
6,641935 
6,738709 
6,851612 
6,919354 
6,987096 
7,054838 
7,116128 
7,145161 
7,193548 
7,245161 
7,270967 
7,290322 
7,329031 
7,348386 
7,390322 
7,390322 
7,42258 
7,438709 
7,451612 
7,464515 
7,461289 
7,493547 
7,62258 
7,906451 
8,148386 
8,187096 
8,074193 
7,764515 
7,435483 
7,164515 
7,216128 
7,245161 
7,293548 
7,312902 
7,335483 
7,354838 
7,32258 
6,66129 
7,98387 
11,73548 
12,06128 
7,841935 
5,906451 
6,309677 
6,629032 
6,738709 
6,835483 
6,92258 
6,980644 
7,048386 
7,112902 
7,151612 
7,199999 
7,235483 
7,274193 
7,477418 
7,777419 
8,051611 
8,264515 
8,425806 
8,487095 
8,458064 
8,34516 
8,167741 
7,925806 
7,616128 
7,332257 
7,054838 
6,806451 
6,62258 
6,712903 
6,816128 
6,932257 
6,974193 
7,029031 
7,090322 
7,154838 
7,18387 
7,235483 
7,270967 
7,299999 
7,338709 
7,364515 
7,380644 
7,406451 
7,390322 
7,438709 
7,441935 
7,467741 
7,448386 
7,493547 
7,516128 
7,806451 
8,080644 
8,209676 
8,135483 
7,903225 
7,567741 
7,254838 
7,190322 
7,238709 
7,28387 
7,32258 
7,351612 
7,364515 
7,393548 
6,906451 
7,051612 
10,29032 
12,96128 
9,458064 
6,141935 
6,016128 
6,596773 
6,719354 
6,812902 
6,890322 
6,974193 
7,035483 
7,087096 
7,148386 
7,193548 
7,245161 
7,267741 
7,38387 
7,674193 
7,954838 
8,193548 
8,390321 
8,470967 
8,496773 
8,403224 
8,248386 
8,02258 
7,758064 
7,461289 
7,145161 
6,648386 
6,716128 
6,819354 
6,899999 
6,961289 
7,048386 
7,087096 
7,141935 
7,1