
7.958064 
7.62258 
7.299999 
7.080644 
6.916128 
6.78387 
6.66129 
6.648386 
6.619354 
6.716128 
6.832257 
6.896773 
6.964515 
7.054838 
7.090322 
7.141935 
7.170967 
7.219354 
7.248386 
7.28387 
7.306451 
7.34516 
7.361289 
7.377418 
7.380644 
7.419354 
7.416128 
7.432257 
7.451612 
7.419354 
7.448386 
7.467741 
7.477418 
7.496773 
7.493547 
7.499999 
7.506451 
7.519354 
7.512902 
7.745161 
8.029031 
8.199999 
8.193548 
7.977418 
7.648386 
7.329031 
7.190322 
7.238709 
7.264515 
7.319354 
7.329031 
7.361289 
7.361289 
7.125806 
6.664515 
9.299999 
12.84193 
10.51612 
6.509676 
5.906451 
6.525805 
6.677419 
6.764515 
6.851612 
6.919354 
6.990322 
7.064515 
7.12258 
7.164515 
7.193548 
7.241935 
7.312902 
7.590322 
7.867741 
8.112902 
8.325805 
8.44516 
8.487095 
8.403224 
8.270967 
8.058063 
7.796773 
7.52258 
7.219354 
6.94516 
6.725806 
6.641935 
6.748386 
6.832257 
6.916128 
6.993547 
7.032257 
7.099999 
7.148386 
7.187096 
7.293548 
7.316128 
7.325806 
7.361289 
7.380644 
7.38387 
7.409677 
7.435483 
7.493547 
7.470967 
7.477418 
7.470967 
7.680644 
7.974193 
8.177418 
8.174193 
8.009676 
7.696774 
7.364515 
7.18387 
7.232257 
7.26129 
7.296773 
7.316128 
7.332257 
7.361289 
7.238709 
6.58387 
8.596773 
12.40322 
11.3387 
7.090322 
5.864515 
6.464515 
6.68387 
6.770967 
6.84516 
6.929031 
7.019354 
7.058063 
7.112902 
7.167741 
7.190322 
7.241935 
7.287096 
7.529031 
7.835483 
8.090321 
8.309677 
8.432257 
8.583869 
8.441934 
8.325805 
8.14516 
7.893548 
7.577418 
7.290322 
7.019354 
6.790322 
6.641935 
6.735483 
6.848386 
6.906451 
6.990322 
7.038709 
7.119354 
7.164515 
7.203225 
7.225806 
7.280644 
7.299999 
7.34516 
7.351612 
7.387096 
7.409677 
7.432257 
7.438709 
7.451612 
7.458064 
7.464515 
7.470967 
7.541934 
7.851612 
8.103224 
8.229031 
8.112902 
7.841935 
7.512902 
7.216128 
7.225806 
7.245161 
7.277419 
7.303225 
7.341935 
7.367741 
7.377418 
6.793548 
7.409677 
10.89999 
12.71935 
8.812902 
6.041934 
6.148386 
6.629032 
6.732257 
6.825806 
6.903225 
6.967741 
7.041934 
7.093547 
7.148386 
7.196774 
7.229032 
7.270967 
7.390322 
7.66129 
7.899999 
8.203225 
8.370966 
8.470967 
8.496773 
8.425806 
8.261289 
8.025805 
7.751612 
7.458064 
7.16129 
6.916128 
6.699999 
6.674193 
6.787096 
6.854838 
6.961289 
7.029031 
7.090322 
7.138709 
7.174193 
7.225806 
7.26129 
7.306451 
7.34516 
7.351612 
7.358064 
7.396773 
7.403225 
7.42258 
7.467741 
7.458064 
7.454838 
7.477418 
7.480644 
7.690322 
7.98387 
8.167741 
8.193548 
8.025805 
7.716128 
7.380644 
7.196774 
7.238709 
7.270967 
7.319354 
7.335483 
7.358064 
7.370967 
7.264515 
6.596773 
8.654838 
12.45806 
11.3129 
7.061289 
5.867741 
6.470967 
6.658064 
6.780644 
6.848386 
6.948386 
7.003225 
7.054838 
7.112902 
7.170967 
7.212903 
7.241935 
7.277419 
7.54516 
7.851612 
8.099999 
8.293547 
8.454837 
8.480644 
8.44516 
8.309677 
8.119354 
7.870967 
7.541934 
7.293548 
7.006451 
6.777419 
6.638709 
6.745161 
6.835483 
6.919354 
6.999999 
7.041934 
7.08387 
7.16129 
7.212903 
7.251612 
7.293548 
7.325806 
7.338709 
7.374193 
7.403225 
7.390322 
7.412902 
7.419354 
7.454838 
7.509676 
7.48387 
7.48387 
7.561289 
7.861289 
8.112902 
8.229031 
8.119354 
7.841935 
7.499999 
7.209677 
7.190322 
7.258064 
7.290322 
7.312902 
7.354838 
7.38387 
7.387096 
6.799999 
7.435483 
10.91935 
12.69354 
8.787096 
6.012902 
6.145161 
6.619354 
6.725806 
6.819354 
6.909677 
6.974193 
7.051612 
7.106451 
7.158064 
7.232257 
7.28387 
7.512902 
7.796773 
8.070966 
8.277419 
8.435482 
8.50645 
8.467741 
8.367741 
8.167741 
7.929031 
7.629032 
7.32258 
7.035483 
6.812902 
6.648386 
6.741935 
6.835483 
6.909677 
6.970967 
7.051612 
7.116128 
7.148386 
7.216128 
7.241935 
7.28387 
7.299999 
7.329031 
7.374193 
7.374193 
7.396773 
7.429031 
7.432257 
7.448386 
7.451612 
7.474193 
7.458064 
7.516128 
7.812902 
8.04516 
8.216128 
8.14516 
7.890322 
7.551612 
7.241935 
7.22258 
7.238709 
7.293548 
7.309677 
7.348386 
7.354838 
7.380644 
6.932257 
7.070967 
10.30645 
12.98709 
9.467741 
6.145161 
6.032257 
6.612903 
6.709677 
6.806451 
6.896773 
6.98387 
7.048386 
7.112902 
7.145161 
7.190322 
7.245161 
7.270967 
7.393548 
7.677419 
7.948386 
8.199999 
8.361289 
8.480644 
8.480644 
8.416128 
8.251612 
8.029031 
7.751612 
7.467741 
7.138709 
6.899999 
6.703225 
6.690322 
6.774193 
6.874193 
6.938709 
7.025805 
7.080644 
7.138709 
7.174193 
7.235483 
7.267741 
7.290322 
7.325806 
7.332257 
7.364515 
7.380644 
7.42258 
7.458064 
7.448386 
7.474193 
7.487096 
7.48387 
7.477418 
7.503225 
7.754838 
8.038708 
8.199999 
8.151612 
7.929031 
7.629032 
7.290322 
7.206451 
7.254838 
7.274193 
7.316128 
7.34516 
7.367741 
7.399999 
7.025805 
6.796773 
9.78387 
12.99032 
10.06128 
6.325806 
5.94516 
6.580644 
6.703225 
6.787096 
6.874193 
6.954838 
7.012902 
7.08387 
7.135483 
7.180644 
7.225806 
7.267741 
7.348386 
7.632257 
7.925806 
8.151612 
8.348386 
8.454837 
8.48387 
8.422579 
8.274192 
8.04516 
7.790322 
7.493547 
7.196774 
6.92258 
6.719354 
6.66129 
6.78387 
6.864515 
6.941935 
6.999999 
7.067741 
7.132257 
7.18387 
7.22258 
7.251612 
7.280644 
7.325806 
7.335483 
7.377418 
7.348386 
7.396773 
7.416128 
7.432257 
7.432257 
7.464515 
7.467741 
7.487096 
7.645161 
7.951612 
8.148386 
8.206451 
8.061289 
7.745161 
7.416128 
7.196774 
7.219354 
7.258064 
7.299999 
7.319354 
7.351612 
7.390322 
7.387096 
6.854838 
7.248386 
10.59354 
12.87096 
9.138709 
6.070967 
6.087096 
6.625806 
6.738709 
6.819354 
6.899999 
6.993547 
7.051612 
7.093547 
7.174193 
7.206451 
7.241935 
7.264515 
7.358064 
7.616128 
7.887096 
8.154838 
8.338708 
8.464515 
8.509676 
8.441934 
8.296773 
8.096773 
7.82258 
7.535483 
7.238709 
6.970967 
6.754838 
6.651612 
6.764515 
6.84516 
6.929031 
7.006451 
7.070967 
7.116128 
7.154838 
7.209677 
7.238709 
7.287096 
7.309677 
7.34516 
7.361289 
7.38387 
7.399999 
7.432257 
7.44516 
7.451612 
7.461289 
7.477418 
7.480644 
7.606451 
7.909677 
8.199999 
8.012902 
7.712903 
7.370967 
7.18387 
7.22258 
7.264515 
7.303225 
7.34516 
7.358064 
7.380644 
7.267741 
6.603225 
8.574193 
12.37741 
11.37741 
7.116128 
5.861289 
6.454838 
6.66129 
6.770967 
6.848386 
6.941935 
6.996773 
7.087096 
7.129032 
7.167741 
7.212903 
7.270967 
7.296773 
7.532257 
7.858064 
8.103224 
8.309677 
8.458064 
8.496773 
8.461289 
8.319354 
8.125805 
7.877418 
7.570967 
7.270967 
7.006451 
6.76129 
6.651612 
6.735483 
6.838709 
6.912902 
6.990322 
7.051612 
7.119354 
7.138709 
7.209677 
7.248386 
7.28387 
7.312902 
7.338709 
7.361289 
7.396773 
7.399999 
7.432257 
7.448386 
7.448386 
7.458064 
7.464515 
7.490322 
7.561289 
7.858064 
8.109676 
8.193548 
8.129031 
7.854838 
7.493547 
7.219354 
7.216128 
7.258064 
7.28387 
7.303225 
7.335483 
7.361289 
7.380644 
6.796773 
7.44516 
10.91935 
12.70645 
8.790322 
6.019354 
6.158064 
6.616128 
6.725806 
6.825806 
6.899999 
6.967741 
7.041934 
7.099999 
7.158064 
7.190322 
7.245161 
7.277419 
7.42258 
7.725806 
8.003225 
8.248386 
8.396773 
8.470967 
8.470967 
8.377418 
8.203225 
7.974193 
7.699999 
7.416128 
7.090322 
6.870967 
6.658064 
6.68387 
6.812902 
6.880644 
6.961289 
7.019354 
7.080644 
7.138709 
7.199999 
7.241935 
7.270967 
7.287096 
7.329031 
7.348386 
7.387096 
7.38387 
7.403225 
7.438709 
7.451612 
7.470967 
7.477418 
7.474193 
7.493547 
7.732257 
8.038708 
8.190321 
8.180644 
7.961289 
7.641935 
7.312902 
7.196774 
7.241935 
7.28387 
7.312902 
7.329031 
7.367741 
7.380644 
7.116128 
6.693548 
9.387096 
12.90322 
10.45806 
6.477418 
5.916128 
6.570967 
6.690322 
6.78387 
6.88387 
6.961289 
7.029031 
7.090322 
7.145161 
7.180644 
7.232257 
7.264515 
7.325806 
7.616128 
7.896773 
8.158063 
8.348386 
8.454837 
8.480644 
8.435482 
8.30645 
8.077418 
7.816128 
7.516128 
7.22258 
6.951612 
6.716128 
6.674193 
6.767741 
6.82258 
6.919354 
7.003225 
7.067741 
7.109676 
7.16129 
7.216128 
7.245161 
7.290322 
7.316128 
7.361289 
7.380644 
7.396773 
7.406451 
7.432257 
7.435483 
7.451612 
7.451612 
7.48387 
7.474193 
7.609676 
7.916128 
8.141935 
8.206451 
8.090321 
7.780644 
7.441935 
7.187096 
7.22258 
7.245161 
7.299999 
7.332257 
7.361289 
7.370967 
7.348386 
6.680644 
7.964515 
11.73225 
12.08709 
7.890322 
5.893548 
6.312902 
6.638709 
6.748386 
6.816128 
6.919354 
6.98387 
7.070967 
7.112902 
7.167741 
7.203225 
7.248386 
7.274193 
7.480644 
7.793548 
8.048386 
8.277419 
8.425806 
8.480644 
8.461289 
8.358063 
8.190321 
7.916128 
7.641935 
7.341935 
6.774193 
6.654838 
6.754838 
6.848386 
6.929031 
6.993547 
7.051612 
7.119354 
7.148386 
7.206451 
7.251612 
7.287096 
7.32258 
7.34516 
7.370967 
7.348386 
7.412902 
7.425806 
7.454838 
7.454838 
7.477418 
7.477418 
7.496773 
7.580644 
7.851612 
8.135483 
8.216128 
8.125805 
7.825806 
7.496773 
7.203225 
7.212903 
7.251612 
7.290322 
7.312902 
7.338709 
7.374193 
7.367741 
6.754838 
6.693548 
9.112902 
12.78064 
10.85806 
6.703225 
5.94516 
6.561289 
6.706451 
6.806451 
6.899999 
6.961289 
7.04516 
7.096773 
7.132257 
7.167741 
7.229032 
7.290322 
7.316128 
7.596773 
7.877418 
8.132257 
8.329031 
8.458064 
8.512902 
8.441934 
8.30645 
8.093547 
7.841935 
7.529031 
7.251612 
6.977418 
6.719354 
6.654838 
6.748386 
6.835483 
6.903225 
6.999999 
7.080644 
7.112902 
7.18387 
7.22258 
7.254838 
7.287096 
7.319354 
7.329031 
7.387096 
7.390322 
7.409677 
7.42258 
7.432257 
7.451612 
7.44516 
7.474193 
7.467741 
7.541934 
7.512902 
7.509676 
7.358064 
7.109676 
6.654838 
5.645161 
4.48387 
3.674193 
3.799999 
5.106451 
6.767741 
8.16129 
8.874193 
9.270967 
9.599999 
9.503225 
9.44516 
9.258064 
9.18387 
9.129031 
9.04516 
9.04516 
8.948386 
8.970967 
8.958064 
9.038708 
8.974192 
8.903224 
8.709676 
8.464515 
8.074193 
7.712903 
7.374193 
7.096773 
6.954838 
6.806451 
6.690322 
6.651612 
6.587096 
6.699999 
6.796773 
6.867741 
6.94516 
7.019354 
7.077418 
7.135483 
7.174193 
7.219354 
7.241935 
7.280644 
7.312902 
7.32258 
7.364515 
7.377418 
7.396773 
7.403225 
7.42258 
7.438709 
7.464515 
7.464515 
7.474193 
7.470967 
7.480644 
7.474193 
7.477418 
7.487096 
7.477418 
7.503225 
7.487096 
7.674193 
7.964515 
8.177418 
8.209676 
8.067741 
7.738709 
7.387096 
7.170967 
7.216128 
7.270967 
7.293548 
7.312902 
7.332257 
7.361289 
7.264515 
6.609677 
8.422579 
12.26451 
11.53548 
7.241935 
5.854838 
6.396773 
6.658064 
6.745161 
6.84516 
6.92258 
6.987096 
7.048386 
7.109676 
7.151612 
7.187096 
7.241935 
7.277419 
7.516128 
7.799999 
8.070966 
8.290322 
8.438709 
8.490322 
8.425806 
8.312902 
8.122579 
7.874193 
7.567741 
7.287096 
6.996773 
6.758064 
6.62258 
6.72258 
6.841935 
6.987096 
6.980644 
7.038709 
7.093547 
7.154838 
7.18387 
7.225806 
7.277419 
7.306451 
7.338709 
7.348386 
7.377418 
7.396773 
7.403225 
7.448386 
7.448386 
7.44516 
7.467741 
7.464515 
7.54516 
7.809677 
8.093547 
8.196773 
8.109676 
7.829031 
7.512902 
7.216128 
7.216128 
7.245161 
7.280644 
7.309677 
7.325806 
7.358064 
7.354838 
6.793548 
7.354838 
10.8258 
7.925806 
5.906451 
6.325806 
6.629032 
6.748386 
6.838709 
6.887096 
6.990322 
7.051612 
7.103225 
7.148386 
7.193548 
7.238709 
7.290322 
7.509676 
7.780644 
8.04516 
8.258064 
8.432257 
8.474192 
8.454837 
8.358063 
8.16129 
7.906451 
7.629032 
7.341935 
7.058063 
6.812902 
6.641935 
6.735483 
6.832257 
6.896773 
6.974193 
7.048386 
7.103225 
7.141935 
7.18387 
7.248386 
7.280644 
7.299999 
7.338709 
7.361289 
7.387096 
7.38387 
7.419354 
7.44516 
7.458064 
7.454838 
7.461289 
7.480644 
7.490322 
7.796773 
8.070966 
8.187096 
8.132257 
7.896773 
7.554838 
7.258064 
7.190322 
7.235483 
7.28387 
7.303225 
7.332257 
7.361289 
7.380644 
6.92258 
7.003225 
10.17096 
12.97741 
9.574193 
6.135483 
6.003225 
6.590322 
6.712903 
6.799999 
6.899999 
6.961289 
7.035483 
7.077418 
7.138709 
7.18387 
7.216128 
7.267741 
7.341935 
7.641935 
7.912902 
8.167741 
8.361289 
8.480644 
8.493547 
8.451612 
8.274192 
8.058063 
7.793548 
7.506451 
7.216128 
6.948386 
6.729032 
6.670967 
6.758064 
6.854838 
6.92258 
6.999999 
7.058063 
7.12258 
7.174193 
7.206451 
7.26129 
7.277419 
7.303225 
7.348386 
7.377418 
7.387096 
7.390322 
7.435483 
7.451612 
7.44516 
7.467741 
7.487096 
7.464515 
7.587096 
7.877418 
8.135483 
8.216128 
8.112902 
7.819354 
7.474193 
7.196774 
7.216128 
7.251612 
7.293548 
7.335483 
7.358064 
7.374193 
7.374193 
6.741935 
7.619354 
11.24838 
12.46774 
8.412902 
5.967741 
6.225806 
6.635483 
6.735483 
6.832257 
6.912902 
6.990322 
7.058063 
7.109676 
7.16129 
7.203225 
7.229032 
7.290322 
7.461289 
7.76129 
8.04516 
8.261289 
8.393548 
8.499999 
8.474192 
8.377418 
8.199999 
7.964515 
7.677419 
7.387096 
7.090322 
6.832257 
6.658064 
6.72258 
6.803225 
6.887096 
6.951612 
7.038709 
7.08387 
7.148386 
7.177419 
7.232257 
7.254838 
7.28387 
7.325806 
7.34516 
7.377418 
7.390322 
7.419354 
7.454838 
7.451612 
7.448386 
7.480644 
7.48387 
7.458064 
7.732257 
8.016128 
8.196773 
8.129031 
7.958064 
7.635483 
7.277419 
7.209677 
7.248386 
7.293548 
7.309677 
7.325806 
7.358064 
7.38387 
7.077418 
6.725806 
9.519353 
12.92903 
10.29677 
6.409677 
5.948386 
6.564515 
6.706451 
6.809677 
6.893548 
6.948386 
7.025805 
7.08387 
7.141935 
7.164515 
7.299999 
7.254838 
7.335483 
7.635483 
7.912902 
8.151612 
8.34516 
8.454837 
8.477418 
8.416128 
8.274192 
8.083869 
7.806451 
7.509676 
7.212903 
6.964515 
6.82258 
6.645161 
6.738709 
6.835483 
6.92258 
6.987096 
7.061289 
7.109676 
7.16129 
7.229032 
7.267741 
7.309677 
7.319354 
7.341935 
7.396773 
7.396773 
7.435483 
7.441935 
7.470967 
7.44516 
7.474193 
7.48387 
7.58387 
7.887096 
8.122579 
8.206451 
8.112902 
7.832257 
7.52258 
7.206451 
7.235483 
7.267741 
7.299999 
7.329031 
7.358064 
7.370967 
7.380644 
6.729032 
7.62258 
11.20967 
12.49354 
8.435482 
5.94516 
6.199999 
6.638709 
6.745161 
6.84516 
6.906451 
6.987096 
7.04516 
7.099999 
7.151612 
7.190322 
7.251612 
7.274193 
7.458064 
7.729032 
8.02258 
8.232257 
8.403224 
8.474192 
8.470967 
8.390321 
8.212903 
7.961289 
7.680644 
7.38387 
7.093547 
6.864515 
6.667741 
6.719354 
6.787096 
6.903225 
6.954838 
7.025805 
7.080644 
7.148386 
7.193548 
7.225806 
7.274193 
7.303225 
7.34516 
7.367741 
7.387096 
7.419354 
7.403225 
7.432257 
7.448386 
7.458064 
7.464515 
7.477418 
7.493547 
7.748386 
8.025805 
8.203225 
8.177418 
7.94516 
7.62258 
7.332257 
7.209677 
7.229032 
7.277419 
7.303225 
7.341935 
7.358064 
7.390322 
7.061289 
6.751612 
9.583869 
12.95161 
10.21612 
6.377418 
5.929031 
6.574193 
6.703225 
6.793548 
6.890322 
6.961289 
7.025805 
7.080644 
7.135483 
7.203225 
7.229032 
7.254838 
7.332257 
7.645161 
7.916128 
8.177418 
8.361289 
8.48387 
8.48387 
8.435482 
8.277419 
8.070966 
7.806451 
7.554838 
7.241935 
6.987096 
6.745161 
6.619354 
6.745161 
6.84516 
6.906451 
6.990322 
7.061289 
7.099999 
7.170967 
7.206451 
7.238709 
7.270967 
7.309677 
7.332257 
7.367741 
7.396773 
7.416128 
7.416128 
7.448386 
7.448386 
7.470967 
7.454838 
7.480644 
7.58387 
7.874193 
8.14516 
8.206451 
8.106451 
7.825806 
7.464515 
7.196774 
7.212903 
7.251612 
7.296773 
7.341935 
7.361289 
7.374193 
7.367741 
6.712903 
7.703225 
11.41935 
12.34193 
8.222579 
5.929031 
6.254838 
6.645161 
6.748386 
6.838709 
6.912902 
6.987096 
7.054838 
7.119354 
7.164515 
7.203225 
7.241935 
7.280644 
7.477418 
7.76129 
8.038708 
8.248386 
8.412902 
8.499999 
8.474192 
8.38387 
8.199999 
7.951612 
7.680644 
7.377418 
7.087096 
6.835483 
6.648386 
6.725806 
6.799999 
6.893548 
6.970967 
7.038709 
7.099999 
7.148386 
7.196774 
7.241935 
7.26129 
7.306451 
7.332257 
7.358064 
7.38387 
7.396773 
7.409677 
7.441935 
7.454838 
7.458064 
7.48387 
7.490322 
7.503225 
7.777419 
8.054838 
8.193548 
8.141935 
7.929031 
7.596773 
7.28387 
7.232257 
7.229032 
7.270967 
7.325806 
7.34516 
7.367741 
7.374193 
7.019354 
6.812902 
9.848386 
12.99999 
9.893548 
6.274193 
5.970967 
6.580644 
6.693548 
6.793548 
6.880644 
6.954838 
7.035483 
7.08387 
7.135483 
7.180644 
7.219354 
7.274193 
7.364515 
7.92258 
8.206451 
8.367741 
8.470967 
8.467741 
8.406451 
8.258064 
8.029031 
7.748386 
7.458064 
7.170967 
6.903225 
6.699999 
6.674193 
6.799999 
6.88387 
6.951612 
7.019354 
7.077418 
7.141935 
7.174193 
7.209677 
7.264515 
7.296773 
7.329031 
7.348386 
7.377418 
7.409677 
7.409677 
7.416128 
7.448386 
7.467741 
7.474193 
7.470967 
7.506451 
7.680644 
7.993547 
8.18387 
8.187096 
8.032257 
7.719354 
7.380644 
7.193548 
7.245161 
7.287096 
7.303225 
7.354838 
7.364515 
7.377418 
7.251612 
6.612903 
8.151612 
11.84193 
11.96128 
7.716128 
5.877418 
6.34516 
6.651612 
6.748386 
6.84516 
6.92258 
6.98387 
7.061289 
7.106451 
7.148386 
7.199999 
7.245161 
7.277419 
7.435483 
7.72258 
7.98387 
8.225806 
8.393548 
8.480644 
8.477418 
8.393548 
8.238709 
7.996773 
7.706451 
7.409677 
7.106451 
6.854838 
6.645161 
6.706451 
6.796773 
6.893548 
6.964515 
7.041934 
7.099999 
7.141935 
7.190322 
7.219354 
7.277419 
7.303225 
7.332257 
7.341935 
7.399999 
7.412902 
7.42258 
7.432257 
7.451612 
7.451612 
7.477418 
7.464515 
7.477418 
7.638709 
7.935483 
8.148386 
8.206451 
8.080644 
7.777419 
7.438709 
7.187096 
7.235483 
7.280644 
7.296773 
7.319354 
7.335483 
7.361289 
7.303225 
6.648386 
8.087096 
11.89999 
11.93225 
7.68387 
5.893548 
6.338709 
6.651612 
6.745161 
6.851612 
6.932257 
6.990322 
7.064515 
7.119354 
7.170967 
7.196774 
7.241935 
7.287096 
7.490322 
7.787096 
8.054838 
8.290322 
8.429031 
8.480644 
8.464515 
8.367741 
8.170967 
7.909677 
7.625806 
7.32258 
7.054838 
6.819354 
6.654838 
6.725806 
6.825806 
6.916128 
6.98387 
7.041934 
7.074193 
7.141935 
7.199999 
7.232257 
7.290322 
7.309677 
7.341935 
7.358064 
7.377418 
7.393548 
7.42258 
7.432257 
7.451612 
7.470967 
7.474193 
7.48387 
7.512902 
7.812902 
8.067741 
8.203225 
8.138709 
7.896773 
7.577418 
7.254838 
7.212903 
7.254838 
7.28387 
7.309677 
7.332257 
7.367741 
7.374193 
6.896773 
7.067741 
10.32258 
12.96451 
9.416128 
6.129032 
6.041934 
6.612903 
6.72258 
6.806451 
6.893548 
6.977418 
7.041934 
7.093547 
7.125806 
7.180644 
7.22258 
7.274193 
7.38387 
7.677419 
7.964515 
8.212903 
8.367741 
8.487095 
8.496773 
8.406451 
8.251612 
8.02258 
7.754838 
7.474193 
7.151612 
6.896773 
6.680644 
6.699999 
6.777419 
6.858064 
6.951612 
7.003225 
7.074193 
7.132257 
7.18387 
7.229032 
7.264515 
7.280644 
7.335483 
7.367741 
7.364515 
7.387096 
7.416128 
7.438709 
7.44516 
7.454838 
7.454838 
7.487096 
7.499999 
7.690322 
7.98387 
8.18387 
8.196773 
8.025805 
7.703225 
7.190322 
7.241935 
7.280644 
7.325806 
7.348386 
7.354838 
7.38387 
7.019354 
6.809677 
9.761289 
12.99354 
10.0387 
6.319354 
5.94516 
6.567741 
6.696774 
6.796773 
6.890322 
6.967741 
7.032257 
7.090322 
7.141935 
7.177419 
7.209677 
7.26129 
7.338709 
7.635483 
7.890322 
8.061289 
8.293547 
8.419354 
8.477418 
8.44516 
8.348386 
8.154838 
7.899999 
7.596773 
7.306451 
7.032257 
6.774193 
6.629032 
6.729032 
6.82258 
6.916128 
6.970967 
7.04516 
7.106451 
7.164515 
7.199999 
7.22258 
7.264515 
7.299999 
7.325806 
7.358064 
7.374193 
7.416128 
7.406451 
7.438709 
7.464515 
7.464515 
7.474193 
7.487096 
7.512902 
7.493547 
7.487096 
7.309677 
7.051612 
6.512902 
5.464515 
4.361289 
3.506451 
4.016128 
5.332257 
7.096773 
8.329031 
8.941934 
9.338708 
9.551611 
9.516128 
9.416128 
9.248386 
9.158063 
9.125805 
9.025805 
9.070966 
8.935482 
8.967741 
8.990322 
9.012902 
8.964515 
8.854838 
8.651612 
8.406451 
7.977418 
7.664515 
7.309677 
7.08387 
6.899999 
6.787096 
6.687096 
6.651612 
6.606451 
6.709677 
6.819354 
6.887096 
6.958064 
7.02258 
7.08387 
7.145161 
7.158064 
7.203225 
7.251612 
7.277419 
7.325806 
7.338709 
7.354838 
7.396773 
7.393548 
7.425806 
7.425806 
7.448386 
7.470967 
7.464515 
7.464515 
7.48387 
7.490322 
7.48387 
7.506451 
7.487096 
7.487096 
7.509676 
7.503225 
7.68387 
7.951612 
8.170967 
8.193548 
8.035483 
7.738709 
7.387096 
7.174193 
7.219354 
7.26129 
7.303225 
7.303225 
7.351612 
7.361289 
7.274193 
6.587096 
8.416128 
12.24838 
11.53548 
7.248386 
5.848386 
6.403225 
6.651612 
6.748386 
6.825806 
6.906451 
6.993547 
7.067741 
7.109676 
7.151612 
7.193548 
7.238709 
7.270967 
7.467741 
7.76129 
8.025805 
8.254837 
8.403224 
8.480644 
8.467741 
8.354838 
8.170967 
7.932257 
7.638709 
7.34516 
7.054838 
6.816128 
6.632257 
6.699999 
6.806451 
6.887096 
6.961289 
7.009676 
7.061289 
7.116128 
7.174193 
7.225806 
7.251612 
7.287096 
7.338709 
7.348386 
7.370967 
7.393548 
7.412902 
7.425806 
7.448386 
7.451612 
7.461289 
7.458064 
7.490322 
7.790322 
8.048386 
8.196773 
8.151612 
7.916128 
7.580644 
7.248386 
7.203225 
7.254838 
7.277419 
7.299999 
7.348386 
7.358064 
7.374193 
6.951612 
6.999999 
10.13548 
12.98709 
9.612902 
6.174193 
5.993547 
6.587096 
6.699999 
6.806451 
6.893548 
6.958064 
7.032257 
7.090322 
7.129032 
7.167741 
7.232257 
7.26129 
7.325806 
7.599999 
7.903225 
8.158063 
8.341935 
8.477418 
8.499999 
8.422579 
8.299999 
8.054838 
7.816128 
7.525805 
7.209677 
6.941935 
6.716128 
6.664515 
6.870967 
6.929031 
7.025805 
7.080644 
7.135483 
7.18387 
7.216128 
7.270967 
7.293548 
7.325806 
7.354838 
7.377418 
7.38387 
7.406451 
7.432257 
7.451612 
7.451612 
7.458064 
7.474193 
7.48387 
7.693548 
7.980644 
8.174193 
8.193548 
7.980644 
7.68387 
7.351612 
7.209677 
7.229032 
7.264515 
7.293548 
7.329031 
7.329031 
7.38387 
7.396773 
7.019354 
6.864515 
9.887096 
13.0129 
9.958064 
6.28387 
5.954838 
6.577418 
6.716128 
6.803225 
6.919354 
6.974193 
7.009676 
7.077418 
7.125806 
7.187096 
7.219354 
7.270967 
7.354838 
7.658064 
7.932257 
8.154838 
8.32258 
8.448386 
8.48387 
8.454837 
8.290322 
8.087096 
7.816128 
7.541934 
7.238709 
6.964515 
6.732257 
6.651612 
6.764515 
6.838709 
6.935483 
7.006451 
7.070967 
7.132257 
7.170967 
7.196774 
7.241935 
7.277419 
7.296773 
7.348386 
7.380644 
7.403225 
7.412902 
7.42258 
7.412902 
7.451612 
7.458064 
7.454838 
7.470967 
7.603225 
7.899999 
8.135483 
8.199999 
8.087096 
7.78387 
7.464515 
7.177419 
7.22258 
7.264515 
7.280644 
7.332257 
7.338709 
7.358064 
7.32258 
6.703225 
7.806451 
11.50645 
12.27419 
8.099999 
5.912902 
6.26129 
6.632257 
6.735483 
6.819354 
6.925806 
6.980644 
7.077418 
7.119354 
7.158064 
7.196774 
7.238709 
7.248386 
7.474193 
7.758064 
8.032257 
8.264515 
8.429031 
8.48387 
8.480644 
8.380644 
8.212903 
7.964515 
7.664515 
7.361289 
7.087096 
6.832257 
6.658064 
6.729032 
6.82258 
6.88387 
6.951612 
7.048386 
7.103225 
7.158064 
7.196774 
7.225806 
7.270967 
7.296773 
7.319354 
7.348386 
7.364515 
7.399999 
7.435483 
7.448386 
7.448386 
7.467741 
7.461289 
7.48387 
7.490322 
7.774193 
8.035483 
8.212903 
8.170967 
7.925806 
7.603225 
7.28387 
7.206451 
7.254838 
7.28387 
7.319354 
7.341935 
7.358064 
7.399999 
7.174193 
6.645161 
9.180644 
12.79032 
10.67096 
6.596773 
5.899999 
6.532257 
6.693548 
6.790322 
6.88387 
6.938709 
7.025805 
7.087096 
7.125806 
7.203225 
7.241935 
7.264515 
7.325806 
7.616128 
7.887096 
8.151612 
8.338708 
8.470967 
8.50645 
8.44516 
8.303225 
8.087096 
7.829031 
7.532257 
7.251612 
6.98387 
6.751612 
6.658064 
6.767741 
6.854838 
6.929031 
6.990322 
7.061289 
7.132257 
7.158064 
7.206451 
7.251612 
7.287096 
7.316128 
7.338709 
7.358064 
7.38387 
7.409677 
7.406451 
7.448386 
7.44516 
7.458064 
7.461289 
7.48387 
7.599999 
7.912902 
8.135483 
8.212903 
8.103224 
7.78387 
7.451612 
7.154838 
7.22258 
7.248386 
7.290322 
7.319354 
7.351612 
7.354838 
7.348386 
6.690322 
7.819354 
11.55161 
12.24516 
8.067741 
5.92258 
6.66129 
6.767741 
6.854838 
6.932257 
7.006451 
7.070967 
7.112902 
7.174193 
7.216128 
7.248386 
7.299999 
7.561289 
7.854838 
8.083869 
8.28387 
8.44516 
8.493547 
8.458064 
8.32258 
8.132257 
7.880644 
7.564515 
7.280644 
7.012902 
6.758064 
6.638709 
6.754838 
6.84516 
6.929031 
6.990322 
7.064515 
7.109676 
7.16129 
7.216128 
7.238709 
7.277419 
7.306451 
7.351612 
7.358064 
7.396773 
7.416128 
7.42258 
7.432257 
7.438709 
7.474193 
7.464515 
7.490322 
7.554838 
7.854838 
8.099999 
8.203225 
8.109676 
7.829031 
7.506451 
7.206451 
7.199999 
7.254838 
7.287096 
7.332257 
7.354838 
7.361289 
7.377418 
6.799999 
7.448386 
10.96128 
12.66774 
8.725806 
6.006451 
6.164515 
6.62258 
6.712903 
6.825806 
6.893548 
6.980644 
7.041934 
7.093547 
7.16129 
7.225806 
7.245161 
7.280644 
7.441935 
7.732257 
7.993547 
8.238709 
8.403224 
8.487095 
8.477418 
8.409676 
8.216128 
7.974193 
7.699999 
7.403225 
7.116128 
6.861289 
6.651612 
6.703225 
6.793548 
6.870967 
6.967741 
7.032257 
7.103225 
7.158064 
7.190322 
7.232257 
7.274193 
7.303225 
7.335483 
7.358064 
7.380644 
7.380644 
7.399999 
7.438709 
7.464515 
7.464515 
7.477418 
7.474193 
7.48387 
7.745161 
8.029031 
8.190321 
8.158063 
7.961289 
7.648386 
7.309677 
7.203225 
7.241935 
7.280644 
7.309677 
7.34516 
7.377418 
7.390322 
7.096773 
6.738709 
9.538708 
12.9387 
10.3129 
6.432257 
5.961289 
6.554838 
6.699999 
6.774193 
6.874193 
6.954838 
7.029031 
7.096773 
7.148386 
7.196774 
7.225806 
7.280644 
7.332257 
7.648386 
7.916128 
8.167741 
8.364515 
8.477418 
8.516128 
8.438709 
8.290322 
8.080644 
7.816128 
7.506451 
7.206451 
6.925806 
6.741935 
6.687096 
6.770967 
6.877418 
6.932257 
7.003225 
7.061289 
7.135483 
7.170967 
7.196774 
7.264515 
7.28387 
7.325806 
7.319354 
7.361289 
7.390322 
7.406451 
7.406451 
7.432257 
7.44516 
7.458064 
7.464515 
7.474193 
7.635483 
7.935483 
8.148386 
8.203225 
8.058063 
7.764515 
7.435483 
7.174193 
7.248386 
7.270967 
7.293548 
7.329031 
7.351612 
7.367741 
7.296773 
6.648386 
8.212903 
12.05806 
11.80644 
7.499999 
5.890322 
6.377418 
6.648386 
6.751612 
6.84516 
6.938709 
7.006451 
7.054838 
7.106451 
7.16129 
7.203225 
7.245161 
7.28387 
7.503225 
7.819354 
8.083869 
8.293547 
8.432257 
8.512902 
8.448386 
8.364515 
8.16129 
7.906451 
7.619354 
7.32258 
7.051612 
6.799999 
6.632257 
6.735483 
6.829031 
6.906451 
6.98387 
7.051612 
7.103225 
7.167741 
7.216128 
7.238709 
7.28387 
7.306451 
7.341935 
7.361289 
7.377418 
7.403225 
7.412902 
7.487096 
7.474193 
7.496773 
7.490322 
7.593547 
7.88387 
8.135483 
8.209676 
8.122579 
7.82258 
7.464515 
7.199999 
7.229032 
7.274193 
7.267741 
7.299999 
7.332257 
7.341935 
7.338709 
6.716128 
7.725806 
11.38064 
12.36451 
8.225806 
5.941935 
6.251612 
6.635483 
6.738709 
6.835483 
6.912902 
6.977418 
7.064515 
7.125806 
7.180644 
7.203225 
7.248386 
7.287096 
7.490322 
7.777419 
8.029031 
8.258064 
8.406451 
8.470967 
8.467741 
8.380644 
8.187096 
7.948386 
7.651612 
7.361289 
7.080644 
6.816128 
6.616128 
6.709677 
6.806451 
6.909677 
6.974193 
7.04516 
7.116128 
7.148386 
7.18387 
7.232257 
7.274193 
7.309677 
7.332257 
7.361289 
7.393548 
7.406451 
7.412902 
7.441935 
7.448386 
7.448386 
7.451612 
7.496773 
7.512902 
7.78387 
8.051611 
8.219354 
8.16129 
7.929031 
7.580644 
7.280644 
7.219354 
7.238709 
7.303225 
7.306451 
7.335483 
7.361289 
7.38387 
6.990322 
6.909677 
9.987095 
12.99999 
9.790322 
6.232257 
5.987096 
6.58387 
6.690322 
6.790322 
6.877418 
6.951612 
7.019354 
7.074193 
7.135483 
7.18387 
7.229032 
7.277419 
7.374193 
7.658064 
7.948386 
8.209676 
8.399999 
8.474192 
8.490322 
8.406451 
8.254837 
8.032257 
7.780644 
7.503225 
7.151612 
6.906451 
6.712903 
6.68387 
6.770967 
6.874193 
6.954838 
7.032257 
7.08387 
7.12258 
7.177419 
7.229032 
7.258064 
7.28387 
7.325806 
7.34516 
7.364515 
7.393548 
7.406451 
7.435483 
7.448386 
7.458064 
7.464515 
7.490322 
7.474193 
7.66129 
7.961289 
8.167741 
8.199999 
8.032257 
7.732257 
7.374193 
7.193548 
7.238709 
7.274193 
7.296773 
7.335483 
7.367741 
7.390322 
7.251612 
6.596773 
8.54516 
12.36128 
11.44515 
7.148386 
5.870967 
6.461289 
6.664515 
6.780644 
6.854838 
6.941935 
6.993547 
7.067741 
7.112902 
7.170967 
7.219354 
7.26129 
7.290322 
7.548386 
7.835483 
8.096773 
8.309677 
8.454837 
8.490322 
8.458064 
8.319354 
8.14516 
7.893548 
7.58387 
7.28387 
7.006451 
6.777419 
6.641935 
6.745161 
6.838709 
6.912902 
6.990322 
7.061289 
7.109676 
7.164515 
7.219354 
7.241935 
7.280644 
7.319354 
7.335483 
7.367741 
7.399999 
7.406451 
7.406451 
7.441935 
7.451612 
7.467741 
7.470967 
7.48387 
7.535483 
7.84516 
8.112902 
8.216128 
8.116127 
7.851612 
7.535483 
7.22258 
7.216128 
7.251612 
7.290322 
7.316128 
7.341935 
7.380644 
7.367741 
6.787096 
7.399999 
10.89354 
12.69999 
8.790322 
6.012902 
6.158064 
6.632257 
6.729032 
6.825806 
6.899999 
6.980644 
7.051612 
7.090322 
7.132257 
7.199999 
7.248386 
7.267741 
7.451612 
7.729032 
7.861289 
8.04516 
8.248386 
8.487095 
8.425806 
8.290322 
8.080644 
7.806451 
7.529031 
7.232257 
6.964515 
6.729032 
6.641935 
6.754838 
6.861289 
6.92258 
6.993547 
7.064515 
7.106451 
7.148386 
7.206451 
7.238709 
7.28387 
7.303225 
7.348386 
7.374193 
7.387096 
7.399999 
7.403225 
7.441935 
7.448386 
7.451612 
7.487096 
7.474193 
7.503225 
7.506451 
7.44516 
7.241935 
6.967741 
6.287096 
5.145161 
4.209677 
3.364516 
4.312902 
5.677419 
7.387096 
8.487095 
9.029031 
9.406451 
9.551611 
9.529031 
9.370966 
9.251612 
9.16129 
9.129031 
8.993547 
9.029031 
8.932257 
8.958064 
9.029031 
8.974192 
8.935482 
8.809677 
8.609676 
8.28387 
7.916128 
7.580644 
7.280644 
7.048386 
6.877418 
6.780644 
6.638709 
6.599999 
6.635483 
6.738709 
6.835483 
6.916128 
6.980644 
7.051612 
7.116128 
7.135483 
7.180644 
7.225806 
7.254838 
7.293548 
7.319354 
7.351612 
7.374193 
7.396773 
7.42258 
7.432257 
7.435483 
7.451612 
7.461289 
7.477418 
7.467741 
7.467741 
7.490322 
7.487096 
7.499999 
7.496773 
7.503225 
7.503225 
7.529031 
7.790322 
8.083869 
8.216128 
8.158063 
7.919354 
7.570967 
7.251612 
7.209677 
7.241935 
7.28387 
7.303225 
7.332257 
7.358064 
7.377418 
6.961289 
6.925806 
10.04516 
13.00322 
9.68387 
6.209677 
5.990322 
6.587096 
6.699999 
6.799999 
6.864515 
6.951612 
7.029031 
7.064515 
7.145161 
7.174193 
7.187096 
7.248386 
7.32258 
7.596773 
7.903225 
8.125805 
8.325805 
8.458064 
8.490322 
8.429031 
8.287096 
8.058063 
7.799999 
7.487096 
7.196774 
6.94516 
6.725806 
6.651612 
6.767741 
6.858064 
6.906451 
7.032257 
7.070967 
7.138709 
7.167741 
7.196774 
7.245161 
7.290322 
7.287096 
7.354838 
7.387096 
7.38387 
7.393548 
7.438709 
7.448386 
7.44516 
7.458064 
7.454838 
7.451612 
7.596773 
7.906451 
8.135483 
8.209676 
8.077418 
7.780644 
7.403225 
7.174193 
7.212903 
7.229032 
7.270967 
7.309677 
7.335483 
7.364515 
7.393548 
6.906451 
7.109676 
10.38709 
12.9258 
9.399999 
6.106451 
6.003225 
6.599999 
6.690322 
6.803225 
6.890322 
6.967741 
7.041934 
7.099999 
7.148386 
7.193548 
7.238709 
7.270967 
7.335483 
7.645161 
7.925806 
8.177418 
8.374193 
8.470967 
8.50645 
8.432257 
8.274192 
8.061289 
7.78387 
7.512902 
7.18387 
6.929031 
6.699999 
6.664515 
6.76129 
6.832257 
6.932257 
7.003225 
7.070967 
7.129032 
7.190322 
7.206451 
7.241935 
7.296773 
7.303225 
7.335483 
7.351612 
7.38387 
7.412902 
7.409677 
7.432257 
7.435483 
7.477418 
7.477418 
7.487096 
7.638709 
7.938709 
8.148386 
8.203225 
8.048386 
7.729032 
7.387096 
7.196774 
7.232257 
7.26129 
7.332257 
7.329031 
7.354838 
7.151612 
6.658064 
9.199999 
12.82258 
10.63225 
6.561289 
5.909677 
6.54516 
6.664515 
6.767741 
6.864515 
6.935483 
7.019354 
7.070967 
7.151612 
7.203225 
7.209677 
7.258064 
7.299999 
7.609676 
7.906451 
8.141935 
8.329031 
8.432257 
8.490322 
8.438709 
8.28387 
8.070966 
7.835483 
7.529031 
7.219354 
6.961289 
6.738709 
6.651612 
6.764515 
6.858064 
6.929031 
7.009676 
7.054838 
7.129032 
7.16129 
7.219354 
7.251612 
7.245161 
7.32258 
7.348386 
7.364515 
7.393548 
7.403225 
7.432257 
7.435483 
7.464515 
7.464515 
7.474193 
7.487096 
7.625806 
7.925806 
8.16129 
8.206451 
8.083869 
7.790322 
7.429031 
7.16129 
7.232257 
7.270967 
7.280644 
7.335483 
7.351612 
7.374193 
7.348386 
6.696774 
7.977418 
11.73225 
12.05483 
7.825806 
5.906451 
6.329031 
6.629032 
6.774193 
6.825806 
6.932257 
7.006451 
7.067741 
7.119354 
7.145161 
7.206451 
7.241935 
7.258064 
7.499999 
7.78387 
8.064515 
8.254837 
8.399999 
8.32258 
8.380644 
8.364515 
8.267741 
8.090321 
7.851612 
7.551612 
7.277419 
6.990322 
6.758064 
6.599999 
6.709677 
6.787096 
6.864515 
6.980644 
7.038709 
7.093547 
7.138709 
7.196774 
7.232257 
7.274193 
7.293548 
7.325806 
7.361289 
7.38387 
7.399999 
7.406451 
7.435483 
7.44516 
7.458064 
7.464515 
7.461289 
7.538709 
7.838709 
8.093547 
8.219354 
8.125805 
7.861289 
7.525805 
7.212903 
7.206451 
7.241935 
7.287096 
7.325806 
7.329031 
7.367741 
7.374193 
6.819354 
7.290322 
10.72903 
12.79032 
8.974192 
6.058063 
6.109677 
6.625806 
6.709677 
6.812902 
6.906451 
6.987096 
7.04516 
7.103225 
7.151612 
7.180644 
7.235483 
7.264515 
7.406451 
7.712903 
7.996773 
8.235483 
8.396773 
8.477418 
8.470967 
8.393548 
8.212903 
7.993547 
7.712903 
7.406451 
7.116128 
6.854838 
6.68387 
6.690322 
6.796773 
6.887096 
6.938709 
7.025805 
7.077418 
7.135483 
7.167741 
7.216128 
7.277419 
7.28387 
7.335483 
7.338709 
7.361289 
7.380644 
7.416128 
7.448386 
7.451612 
7.438709 
7.474193 
7.464515 
7.474193 
7.72258 
8.00645 
8.190321 
8.170967 
7.974193 
7.658064 
7.32258 
7.193548 
7.258064 
7.274193 
7.309677 
7.335483 
7.364515 
7.377418 
7.34516 
6.687096 
7.977418 
11.74516 
12.07419 
7.835483 
5.906451 
6.319354 
6.645161 
6.745161 
6.835483 
6.925806 
7.032257 
7.077418 
7.116128 
7.164515 
7.203225 
7.245161 
7.299999 
7.490322 
7.787096 
8.041934 
8.264515 
8.432257 
8.493547 
8.529031 
8.341935 
8.177418 
7.916128 
7.629032 
7.329031 
7.04516 
6.790322 
6.638709 
6.729032 
6.812902 
6.92258 
6.980644 
7.135483 
7.180644 
7.203225 
7.251612 
7.277419 
7.329031 
7.351612 
7.377418 
7.403225 
7.419354 
7.441935 
7.44516 
7.464515 
7.470967 
7.490322 
7.493547 
7.577418 
7.88387 
8.132257 
8.219354 
8.093547 
7.825806 
7.499999 
7.193548 
7.238709 
7.254838 
7.280644 
7.329031 
7.341935 
7.354838 
7.361289 
6.741935 
7.629032 
11.26774 
12.4387 
8.403224 
5.961289 
6.212903 
6.629032 
6.735483 
6.816128 
6.909677 
6.977418 
7.038709 
7.116128 
7.135483 
7.212903 
7.241935 
7.277419 
7.454838 
7.745161 
8.019353 
8.238709 
8.419354 
8.477418 
8.448386 
8.387096 
8.199999 
7.970967 
7.677419 
7.358064 
7.080644 
6.851612 
6.635483 
6.72258 
6.812902 
6.906451 
6.977418 
7.054838 
7.099999 
7.158064 
7.190322 
7.219354 
7.277419 
7.32258 
7.325806 
7.358064 
7.374193 
7.399999 
7.412902 
7.432257 
7.448386 
7.464515 
7.458064 
7.470967 
7.490322 
7.72258 
8.016128 
8.193548 
8.187096 
7.987096 
7.658064 
7.319354 
7.238709 
7.229032 
7.267741 
7.299999 
7.341935 
7.370967 
7.377418 
7.132257 
6.658064 
9.235483 
12.80322 
10.59032 
6.551612 
5.899999 
6.54516 
6.680644 
6.796773 
6.858064 
6.938709 
6.996773 
7.08387 
7.138709 
7.177419 
7.209677 
7.26129 
7.312902 
7.596773 
7.88387 
8.135483 
8.335483 
8.477418 
8.496773 
8.435482 
8.299999 
8.099999 
7.825806 
7.516128 
7.241935 
6.951612 
6.732257 
6.677419 
6.777419 
6.851612 
6.935483 
7.02258 
7.074193 
7.12258 
7.158064 
7.216128 
7.254838 
7.290322 
7.319354 
7.341935 
7.364515 
7.390322 
7.412902 
7.419354 
7.44516 
7.432257 
7.467741 
7.474193 
7.490322 
7.619354 
7.912902 
8.151612 
8.203225 
8.074193 
7.793548 
7.438709 
7.193548 
7.216128 
7.264515 
7.299999 
7.325806 
7.332257 
7.370967 
7.332257 
6.674193 
8.016128 
11.76451 
12.03225 
7.812902 
5.887096 
6.325806 
6.651612 
6.738709 
6.838709 
6.912902 
6.999999 
7.048386 
7.119354 
7.158064 
7.196774 
7.245161 
7.28387 
7.48387 
7.787096 
8.048386 
8.238709 
8.425806 
8.493547 
8.467741 
8.354838 
8.167741 
7.929031 
7.632257 
7.338709 
7.067741 
6.819354 
6.638709 
6.729032 
6.816128 
6.906451 
6.990322 
7.029031 
7.109676 
7.167741 
7.209677 
7.232257 
7.277419 
7.306451 
7.338709 
7.354838 
7.399999 
7.396773 
7.419354 
7.448386 
7.451612 
7.470967 
7.477418 
7.48387 
7.516128 
7.82258 
8.077418 
8.219354 
8.164515 
7.906451 
7.570967 
7.254838 
7.199999 
7.245161 
7.287096 
7.306451 
7.34516 
7.364515 
7.377418 
7.080644 
6.777419 
9.625805 
12.97419 
10.19032 
6.361289 
5.948386 
6.577418 
6.699999 
6.787096 
6.880644 
7.032257 
7.109676 
7.170967 
7.212903 
7.229032 
7.277419 
7.403225 
7.696774 
7.98387 
8.225806 
8.38387 
8.474192 
8.480644 
8.399999 
8.216128 
7.980644 
7.712903 
7.432257 
7.125806 
6.880644 
6.658064 
6.690322 
6.793548 
6.874193 
6.951612 
7.009676 
7.077418 
7.135483 
7.196774 
7.219354 
7.254838 
7.296773 
7.32258 
7.367741 
7.38387 
7.377418 
7.393548 
7.432257 
7.44516 
7.464515 
7.454838 
7.48387 
7.496773 
7.716128 
7.980644 
8.167741 
8.18387 
7.980644 
7.664515 
7.351612 
7.199999 
7.238709 
7.267741 
7.290322 
7.335483 
7.34516 
7.374193 
7.170967 
6.645161 
9.125805 
12.76128 
10.76128 
6.658064 
5.906451 
6.538709 
6.693548 
6.787096 
6.867741 
6.94516 
7.02258 
7.077418 
7.125806 
7.180644 
7.22258 
7.258064 
7.306451 
7.580644 
7.893548 
8.141935 
8.325805 
8.470967 
8.493547 
8.441934 
8.303225 
8.103224 
7.848386 
7.541934 
7.264515 
6.970967 
6.741935 
6.648386 
6.777419 
6.848386 
6.929031 
6.993547 
7.080644 
7.112902 
7.170967 
7.225806 
7.245161 
7.296773 
7.296773 
7.338709 
7.374193 
7.393548 
7.406451 
7.412902 
7.419354 
7.419354 
7.467741 
7.487096 
7.474193 
7.603225 
7.919354 
8.14516 
8.225806 
8.103224 
7.809677 
7.458064 
7.203225 
7.229032 
7.277419 
7.280644 
7.325806 
7.34516 
7.370967 
7.351612 
6.709677 
7.812902 
11.5129 
12.28064 
8.129031 
5.929031 
6.290322 
6.648386 
6.741935 
6.84516 
6.909677 
6.990322 
7.04516 
7.106451 
7.167741 
7.187096 
7.251612 
7.277419 
7.461289 
7.764515 
8.012902 
8.277419 
8.429031 
8.493547 
8.48387 
8.380644 
8.196773 
7.958064 
7.66129 
7.374193 
7.08387 
6.832257 
6.641935 
6.716128 
6.806451 
6.887096 
6.980644 
7.048386 
7.096773 
7.154838 
7.203225 
7.241935 
7.287096 
7.299999 
7.329031 
7.374193 
7.377418 
7.390322 
7.419354 
7.44516 
7.448386 
7.458064 
7.470967 
7.461289 
7.506451 
7.793548 
8.041934 
8.219354 
8.154838 
7.925806 
7.609676 
7.296773 
7.216128 
7.245161 
7.290322 
7.312902 
7.348386 
7.364515 
7.387096 
6.980644 
6.92258 
9.999999 
13.03225 
9.767741 
6.248386 
5.999999 
6.603225 
6.703225 
6.799999 
6.890322 
6.961289 
7.035483 
7.093547 
7.148386 
7.177419 
7.170967 
7.254838 
7.364515 
7.651612 
7.941935 
8.199999 
8.377418 
8.474192 
8.509676 
8.416128 
8.258064 
8.041934 
7.767741 
7.474193 
7.164515 
6.919354 
6.696774 
6.687096 
6.770967 
6.854838 
6.938709 
7.006451 
7.077418 
7.132257 
7.170967 
7.229032 
7.26129 
7.306451 
7.329031 
7.354838 
7.377418 
7.387096 
7.416128 
7.435483 
7.448386 
7.461289 
7.493547 
7.493547 
7.506451 
7.516128 
7.412902 
7.158064 
6.732257 
5.793548 
4.577419 
3.738709 
3.677419 
4.996773 
6.609677 
8.077418 
8.838708 
9.251612 
9.551611 
9.490322 
9.451612 
9.277419 
9.187096 
9.129031 
9.016128 
9.048386 
8.948386 
8.970967 
8.980644 
9.048386 
8.948386 
8.893548 
8.722579 
8.467741 
8.096773 
7.738709 
7.399999 
7.099999 
6.94516 
6.812902 
6.712903 
6.641935 
6.580644 
6.693548 
6.796773 
6.877418 
6.958064 
7.009676 
7.067741 
7.132257 
7.174193 
7.206451 
7.245161 
7.280644 
7.306451 
7.335483 
7.358064 
7.374193 
7.409677 
7.412902 
7.432257 
7.448386 
7.467741 
7.477418 
7.467741 
7.512902 
7.493547 
7.487096 
7.48387 
7.496773 
7.509676 
7.509676 
7.493547 
7.648386 
7.964515 
8.177418 
8.190321 
8.04516 
7.748386 
7.406451 
7.177419 
7.203225 
7.248386 
7.280644 
7.303225 
7.34516 
7.351612 
7.287096 
6.596773 
8.258064 
12.08709 
11.69032 
7.406451 
5.864515 
6.374193 
6.638709 
6.738709 
6.829031 
6.919354 
6.967741 
7.058063 
7.096773 
7.135483 
7.196774 
7.248386 
7.274193 
7.467741 
7.738709 
8.025805 
8.232257 
8.403224 
8.470967 
8.451612 
8.367741 
8.190321 
7.925806 
7.648386 
7.335483 
7.067741 
6.819354 
6.62258 
6.709677 
6.812902 
6.912902 
6.94516 
7.048386 
7.096773 
7.151612 
7.196774 
7.216128 
7.267741 
7.296773 
7.325806 
7.358064 
7