 
7.051612 
6.790322 
6.645161 
6.716128 
6.82258 
6.912902 
6.996773 
7.058063 
7.12258 
7.151612 
7.187096 
7.248386 
7.267741 
7.332257 
7.332257 
7.364515 
7.380644 
7.403225 
7.432257 
7.432257 
7.454838 
7.470967 
7.470967 
7.480644 
7.52258 
7.832257 
8.090321 
8.212903 
8.158063 
7.899999 
7.561289 
7.229032 
7.248386 
7.28387 
7.325806 
7.377418 
7.399999 
7.358064 
6.706451 
7.854838 
11.55806 
12.22257 
8.032257 
5.896773 
6.299999 
6.62258 
6.735483 
6.825806 
6.909677 
6.990322 
7.04516 
7.099999 
7.170967 
7.203225 
7.238709 
7.290322 
7.474193 
7.790322 
8.035483 
8.267741 
8.435482 
8.499999 
8.454837 
8.364515 
8.187096 
7.964515 
7.670967 
7.325806 
7.077418 
6.832257 
6.638709 
6.716128 
6.806451 
6.912902 
6.987096 
7.054838 
7.116128 
7.180644 
7.190322 
7.248386 
7.280644 
7.287096 
7.32258 
7.358064 
7.367741 
7.406451 
7.419354 
7.42258 
7.44516 
7.432257 
7.454838 
7.490322 
7.490322 
7.777419 
8.067741 
8.199999 
8.138709 
7.912902 
7.590322 
7.274193 
7.212903 
7.258064 
7.290322 
7.312902 
7.34516 
7.348386 
7.380644 
6.954838 
6.929031 
10.07741 
12.99354 
9.654837 
6.180644 
5.98387 
6.599999 
6.712903 
6.796773 
6.874193 
6.954838 
7.032257 
7.087096 
7.148386 
7.193548 
7.229032 
7.245161 
7.361289 
7.654838 
7.935483 
8.187096 
8.380644 
8.477418 
8.48387 
8.422579 
8.270967 
8.041934 
7.774193 
7.461289 
7.170967 
6.877418 
6.690322 
6.670967 
6.790322 
6.874193 
6.941935 
7.02258 
7.077418 
7.135483 
7.180644 
7.209677 
7.258064 
7.280644 
7.312902 
7.335483 
7.364515 
7.387096 
7.396773 
7.416128 
7.44516 
7.458064 
7.461289 
7.477418 
7.48387 
7.625806 
7.929031 
8.148386 
8.209676 
8.083869 
7.780644 
7.432257 
7.190322 
7.219354 
7.287096 
7.303225 
7.309677 
7.341935 
7.390322 
7.319354 
6.670967 
8.061289 
11.83548 
11.98064 
7.735483 
5.899999 
6.34516 
6.651612 
6.76129 
6.848386 
6.916128 
7.003225 
7.048386 
7.112902 
7.177419 
7.216128 
7.251612 
7.287096 
7.509676 
7.799999 
8.048386 
8.270967 
8.412902 
8.509676 
8.474192 
8.377418 
8.177418 
7.92258 
7.645161 
7.335483 
7.048386 
6.799999 
6.625806 
6.72258 
6.803225 
6.903225 
6.967741 
7.051612 
7.106451 
7.16129 
7.180644 
7.248386 
7.280644 
7.309677 
7.332257 
7.338709 
7.377418 
7.399999 
7.416128 
7.435483 
7.438709 
7.461289 
7.480644 
7.490322 
7.496773 
7.809677 
8.067741 
8.203225 
8.151612 
7.890322 
7.554838 
7.241935 
7.212903 
7.248386 
7.28387 
7.306451 
7.341935 
7.364515 
7.370967 
6.925806 
7.087096 
10.3129 
12.97419 
9.490322 
6.16129 
6.019354 
6.638709 
6.725806 
6.806451 
6.88387 
6.954838 
7.041934 
7.074193 
7.129032 
7.193548 
7.229032 
7.264515 
7.387096 
7.66129 
7.951612 
8.209676 
8.370966 
8.480644 
8.490322 
8.422579 
8.261289 
8.029031 
7.770967 
7.490322 
7.158064 
6.899999 
6.670967 
6.674193 
6.793548 
6.964515 
7.025805 
7.08387 
7.135483 
7.199999 
7.241935 
7.267741 
7.319354 
7.34516 
7.361289 
7.396773 
7.390322 
7.425806 
7.432257 
7.44516 
7.458064 
7.474193 
7.477418 
7.464515 
7.696774 
7.990322 
8.177418 
8.180644 
7.987096 
7.670967 
7.341935 
7.203225 
7.238709 
7.264515 
7.293548 
7.329031 
7.34516 
7.374193 
7.216128 
6.619354 
8.964515 
12.66451 
10.91935 
6.741935 
5.890322 
6.509676 
6.680644 
6.777419 
6.874193 
6.938709 
7.019354 
7.08387 
7.106451 
7.170967 
7.229032 
7.267741 
7.303225 
7.577418 
7.880644 
8.122579 
8.32258 
8.44516 
8.503225 
8.454837 
8.303225 
8.119354 
7.864515 
7.558063 
7.26129 
6.98387 
6.758064 
6.651612 
6.754838 
6.851612 
6.932257 
7.009676 
7.074193 
7.135483 
7.167741 
7.212903 
7.251612 
7.277419 
7.377418 
7.338709 
7.361289 
7.38387 
7.403225 
7.451612 
7.477418 
7.454838 
7.474193 
7.412902 
7.467741 
7.590322 
7.896773 
8.135483 
8.206451 
8.080644 
7.819354 
7.425806 
7.206451 
7.225806 
7.258064 
7.290322 
7.312902 
7.34516 
7.387096 
7.348386 
6.725806 
7.68387 
11.3129 
12.44193 
8.367741 
5.958064 
6.238709 
6.645161 
6.738709 
6.829031 
6.909677 
6.987096 
7.041934 
7.112902 
7.158064 
7.196774 
7.229032 
7.277419 
7.451612 
7.738709 
8.016128 
8.235483 
8.409676 
8.493547 
8.477418 
8.377418 
8.212903 
7.961289 
7.693548 
7.393548 
7.090322 
6.829031 
6.645161 
6.729032 
6.812902 
6.906451 
6.974193 
7.051612 
7.106451 
7.132257 
7.199999 
7.245161 
7.296773 
7.306451 
7.351612 
7.364515 
7.374193 
7.419354 
7.425806 
7.409677 
7.416128 
7.451612 
7.461289 
7.467741 
7.487096 
7.767741 
8.048386 
8.203225 
8.138709 
7.925806 
7.606451 
7.28387 
7.199999 
7.241935 
7.267741 
7.303225 
7.341935 
7.358064 
7.380644 
7.006451 
6.84516 
9.84516 
12.98709 
9.974192 
6.293548 
5.961289 
6.58387 
6.699999 
6.780644 
6.880644 
6.961289 
7.019354 
7.087096 
7.12258 
7.180644 
7.212903 
7.270967 
7.358064 
7.629032 
7.929031 
8.187096 
8.361289 
8.474192 
8.50645 
8.432257 
8.274192 
8.041934 
7.767741 
7.480644 
7.187096 
6.92258 
6.72258 
6.66129 
6.780644 
6.864515 
6.958064 
7.012902 
7.074193 
7.138709 
7.180644 
7.216128 
7.258064 
7.296773 
7.32258 
7.351612 
7.374193 
7.399999 
7.416128 
7.416128 
7.451612 
7.44516 
7.458064 
7.464515 
7.48387 
7.616128 
7.941935 
8.151612 
8.212903 
8.061289 
7.751612 
7.416128 
7.187096 
7.241935 
7.258064 
7.306451 
7.325806 
7.34516 
7.374193 
7.303225 
6.632257 
8.225806 
12.06128 
11.76128 
7.477418 
5.890322 
6.374193 
6.651612 
6.848386 
6.948386 
7.025805 
7.08387 
7.129032 
7.193548 
7.229032 
7.254838 
7.28387 
7.596773 
7.88387 
8.129031 
8.319354 
8.461289 
8.487095 
8.44516 
8.303225 
8.109676 
7.851612 
7.54516 
7.264515 
6.987096 
6.754838 
6.66129 
6.758064 
6.851612 
6.938709 
6.999999 
7.064515 
7.112902 
7.164515 
7.190322 
7.232257 
7.293548 
7.319354 
7.351612 
7.396773 
7.393548 
7.409677 
7.42258 
7.429031 
7.441935 
7.477418 
7.480644 
7.477418 
7.590322 
7.903225 
8.138709 
8.206451 
8.080644 
7.803225 
7.461289 
7.196774 
7.219354 
7.270967 
7.287096 
7.325806 
7.341935 
7.361289 
7.354838 
6.703225 
7.745161 
11.50967 
12.26774 
8.112902 
5.919354 
6.28387 
6.648386 
6.732257 
6.841935 
6.903225 
6.999999 
7.058063 
7.103225 
7.167741 
7.199999 
7.248386 
7.28387 
7.470967 
7.76129 
8.032257 
8.261289 
8.412902 
8.48387 
8.480644 
8.374193 
8.187096 
7.967741 
7.658064 
7.358064 
7.070967 
6.832257 
6.625806 
6.716128 
6.816128 
6.887096 
6.961289 
7.054838 
7.093547 
7.151612 
7.193548 
7.241935 
7.277419 
7.332257 
7.341935 
7.380644 
7.399999 
7.399999 
7.438709 
7.44516 
7.451612 
7.474193 
7.48387 
7.477418 
7.48387 
7.774193 
8.029031 
8.199999 
8.148386 
7.929031 
7.58387 
7.287096 
7.193548 
7.235483 
7.287096 
7.312902 
7.332257 
7.354838 
7.351612 
7.009676 
6.851612 
9.864515 
13.00644 
9.922579 
6.270967 
5.980644 
6.577418 
6.687096 
6.787096 
6.877418 
6.961289 
7.035483 
7.090322 
7.141935 
7.180644 
7.212903 
7.277419 
7.364515 
7.645161 
7.929031 
8.187096 
8.358063 
8.48387 
8.493547 
8.425806 
8.267741 
8.054838 
7.777419 
7.487096 
7.190322 
6.899999 
6.703225 
6.696774 
6.777419 
6.870967 
6.941935 
7.02258 
7.08387 
7.129032 
7.18387 
7.225806 
7.277419 
7.293548 
7.306451 
7.351612 
7.361289 
7.38387 
7.416128 
7.438709 
7.458064 
7.480644 
7.451612 
7.470967 
7.477418 
7.493547 
7.512902 
7.416128 
7.209677 
6.880644 
6.074193 
4.887096 
4.02258 
3.370967 
4.587096 
6.006451 
7.635483 
8.609676 
9.125805 
9.496773 
9.535483 
9.512902 
9.30645 
9.225806 
9.129031 
9.093547 
9.003225 
8.980644 
8.954837 
8.990322 
9.041934 
8.958064 
8.909676 
8.780644 
8.548386 
8.199999 
7.841935 
7.506451 
7.193548 
7.006451 
6.838709 
6.748386 
6.599999 
6.54516 
6.658064 
6.764515 
6.854838 
6.935483 
6.996773 
7.048386 
7.125806 
7.151612 
7.196774 
7.225806 
7.274193 
7.32258 
7.335483 
7.354838 
7.370967 
7.387096 
7.416128 
7.477418 
7.441935 
7.454838 
7.448386 
7.464515 
7.493547 
7.487096 
7.490322 
7.509676 
7.509676 
7.509676 
7.503225 
7.654838 
7.925806 
8.154838 
8.203225 
8.061289 
7.767741 
7.435483 
7.18387 
7.212903 
7.254838 
7.287096 
7.312902 
7.338709 
7.361289 
7.309677 
6.641935 
8.058063 
11.8387 
11.98064 
7.667741 
5.877418 
6.319354 
6.645161 
6.748386 
6.832257 
6.896773 
6.98387 
7.051612 
7.109676 
7.135483 
7.177419 
7.238709 
7.264515 
7.490322 
7.767741 
8.04516 
8.267741 
8.429031 
8.480644 
8.451612 
8.367741 
8.164515 
7.919354 
7.612902 
7.316128 
7.051612 
6.777419 
6.619354 
6.716128 
6.790322 
6.890322 
6.964515 
7.032257 
7.093547 
7.148386 
7.18387 
7.216128 
7.254838 
7.28387 
7.325806 
7.34516 
7.364515 
7.393548 
7.396773 
7.419354 
7.438709 
7.451612 
7.461289 
7.464515 
7.506451 
7.799999 
8.074193 
8.193548 
8.132257 
7.899999 
7.567741 
7.241935 
7.199999 
7.229032 
7.254838 
7.306451 
7.312902 
7.351612 
7.367741 
6.903225 
7.109676 
10.36774 
12.95806 
9.370966 
6.106451 
6.029031 
6.612903 
6.72258 
6.812902 
6.870967 
6.970967 
7.029031 
7.106451 
7.141935 
7.187096 
7.235483 
7.287096 
7.412902 
7.696774 
7.977418 
8.235483 
8.387096 
8.477418 
8.496773 
8.412902 
8.245161 
8.003225 
7.725806 
7.44516 
7.148386 
6.88387 
6.690322 
6.706451 
6.780644 
6.874193 
6.967741 
7.019354 
7.08387 
7.145161 
7.164515 
7.229032 
7.264515 
7.287096 
7.32258 
7.351612 
7.374193 
7.399999 
7.399999 
7.432257 
7.451612 
7.48387 
7.464515 
7.464515 
7.493547 
7.693548 
7.987096 
8.177418 
8.180644 
7.996773 
7.677419 
7.34516 
7.187096 
7.241935 
7.258064 
7.293548 
7.299999 
7.341935 
7.361289 
7.174193 
6.609677 
8.964515 
12.66451 
10.90322 
6.735483 
5.870967 
6.52258 
6.667741 
6.770967 
6.858064 
6.941935 
7.038709 
7.061289 
7.135483 
7.196774 
7.229032 
7.267741 
7.293548 
7.590322 
7.880644 
8.112902 
8.309677 
8.435482 
8.50645 
8.448386 
8.293547 
8.099999 
7.841935 
7.541934 
7.225806 
6.954838 
6.745161 
6.638709 
6.745161 
6.841935 
6.935483 
6.999999 
7.064515 
7.116128 
7.16129 
7.196774 
7.238709 
7.293548 
7.316128 
7.34516 
7.354838 
7.377418 
7.38387 
7.432257 
7.448386 
7.464515 
7.474193 
7.496773 
7.503225 
7.603225 
7.912902 
8.141935 
8.193548 
8.096773 
7.799999 
7.464515 
7.154838 
7.22258 
7.251612 
7.267741 
7.316128 
7.354838 
7.361289 
7.348386 
6.68387 
7.806451 
11.54515 
12.24193 
8.041934 
5.912902 
6.28387 
6.632257 
6.732257 
6.841935 
6.903225 
6.977418 
7.048386 
7.103225 
7.16129 
7.199999 
7.193548 
7.277419 
7.467741 
7.767741 
8.02258 
8.258064 
8.422579 
8.470967 
8.461289 
8.148386 
7.861289 
7.574193 
7.274193 
7.009676 
6.767741 
6.62258 
6.745161 
6.832257 
6.909677 
6.987096 
7.051612 
7.109676 
7.158064 
7.203225 
7.241935 
7.28387 
7.296773 
7.32258 
7.367741 
7.390322 
7.403225 
7.438709 
7.432257 
7.451612 
7.470967 
7.467741 
7.474193 
7.570967 
7.877418 
8.112902 
8.212903 
8.119354 
7.848386 
7.503225 
7.203225 
7.235483 
7.270967 
7.287096 
7.335483 
7.354838 
7.377418 
7.364515 
6.754838 
7.577418 
11.15483 
12.5387 
8.54516 
5.993547 
6.203225 
6.635483 
6.735483 
6.864515 
6.909677 
6.977418 
7.04516 
7.096773 
7.164515 
7.199999 
7.22258 
7.290322 
7.438709 
7.716128 
8.009676 
8.254837 
8.403224 
8.477418 
8.470967 
8.367741 
8.203225 
7.964515 
7.693548 
7.38387 
7.08387 
6.854838 
6.658064 
6.712903 
6.793548 
6.877418 
6.954838 
7.032257 
7.103225 
7.18387 
7.193548 
7.245161 
7.267741 
7.306451 
7.325806 
7.34516 
7.380644 
7.396773 
7.361289 
7.419354 
7.44516 
7.470967 
7.467741 
7.470967 
7.432257 
7.690322 
7.987096 
8.187096 
8.180644 
8.009676 
7.674193 
7.358064 
7.18387 
7.245161 
7.270967 
7.312902 
7.341935 
7.338709 
7.390322 
7.225806 
6.619354 
8.909676 
12.63225 
10.99032 
6.787096 
5.864515 
6.525805 
6.68387 
6.780644 
6.877418 
6.961289 
7.029031 
7.087096 
7.12258 
7.170967 
7.203225 
7.264515 
7.306451 
7.587096 
7.870967 
8.122579 
8.332257 
8.44516 
8.496773 
8.441934 
8.30645 
8.112902 
7.864515 
7.577418 
7.277419 
6.990322 
6.748386 
6.677419 
6.76129 
6.832257 
6.935483 
6.993547 
7.074193 
7.116128 
7.167741 
7.212903 
7.264515 
7.287096 
7.319354 
7.341935 
7.370967 
7.380644 
7.419354 
7.42258 
7.441935 
7.441935 
7.461289 
7.470967 
7.487096 
7.577418 
7.887096 
8.112902 
8.229031 
8.099999 
7.825806 
7.493547 
7.18387 
7.212903 
7.254838 
7.306451 
7.325806 
7.341935 
7.364515 
7.361289 
6.735483 
7.629032 
11.24838 
12.46451 
8.409676 
5.967741 
6.219354 
6.599999 
6.725806 
6.838709 
6.925806 
6.990322 
7.051612 
7.103225 
7.151612 
7.219354 
7.254838 
7.287096 
7.480644 
7.774193 
8.029031 
8.267741 
8.425806 
8.487095 
8.467741 
8.377418 
8.193548 
7.990322 
7.725806 
7.454838 
7.119354 
6.867741 
6.658064 
6.690322 
6.793548 
6.912902 
6.925806 
7.02258 
7.077418 
7.106451 
7.18387 
7.238709 
7.229032 
7.316128 
7.325806 
7.351612 
7.370967 
7.38387 
7.42258 
7.425806 
7.416128 
7.448386 
7.461289 
7.467741 
7.525805 
7.658064 
7.919354 
8.151612 
8.18387 
8.048386 
7.751612 
7.399999 
7.203225 
7.248386 
7.270967 
7.28387 
7.341935 
7.374193 
7.174193 
6.680644 
9.267741 
12.82903 
10.56774 
6.564515 
5.899999 
6.535483 
6.696774 
6.767741 
6.877418 
6.951612 
6.94516 
7.077418 
7.129032 
7.190322 
7.219354 
7.26129 
7.316128 
7.606451 
7.906451 
8.148386 
8.32258 
8.470967 
8.499999 
8.432257 
8.28387 
8.106451 
7.848386 
7.535483 
7.296773 
7.019354 
6.780644 
6.641935 
6.751612 
6.84516 
6.938709 
6.993547 
7.058063 
7.125806 
7.164515 
7.209677 
7.235483 
7.287096 
7.316128 
7.312902 
7.354838 
7.396773 
7.44516 
7.416128 
7.432257 
7.448386 
7.477418 
7.487096 
7.409677 
7.519354 
7.851612 
8.106451 
8.216128 
8.122579 
7.854838 
7.519354 
7.190322 
7.219354 
7.26129 
7.258064 
7.316128 
7.358064 
7.387096 
7.390322 
6.796773 
7.377418 
10.85806 
12.74516 
8.880644 
6.016128 
6.125806 
6.590322 
6.709677 
6.809677 
6.890322 
6.958064 
7.029031 
7.090322 
7.135483 
7.193548 
7.232257 
7.254838 
7.416128 
7.719354 
7.993547 
8.219354 
8.387096 
8.474192 
8.464515 
8.390321 
8.209676 
7.977418 
7.696774 
7.419354 
7.106451 
6.867741 
6.651612 
6.712903 
6.803225 
6.867741 
6.961289 
7.029031 
7.090322 
7.125806 
7.196774 
7.219354 
7.264515 
7.28387 
7.319354 
7.361289 
7.370967 
7.399999 
7.438709 
7.441935 
7.441935 
7.451612 
7.477418 
7.470967 
7.48387 
7.732257 
8.029031 
8.203225 
8.170967 
7.958064 
7.632257 
7.325806 
7.190322 
7.235483 
7.26129 
7.309677 
7.34516 
7.358064 
7.387096 
7.135483 
6.693548 
9.377418 
12.87741 
10.44516 
6.48387 
5.92258 
6.561289 
6.690322 
6.787096 
6.867741 
6.954838 
7.019354 
7.090322 
7.119354 
7.187096 
7.225806 
7.267741 
7.335483 
7.596773 
7.893548 
8.154838 
8.338708 
8.470967 
8.50645 
8.44516 
8.290322 
8.106451 
7.861289 
7.54516 
7.241935 
6.967741 
6.748386 
6.658064 
6.780644 
6.829031 
6.932257 
7.006451 
7.048386 
7.109676 
7.154838 
7.212903 
7.238709 
7.28387 
7.319354 
7.338709 
7.374193 
7.396773 
7.399999 
7.438709 
7.44516 
7.458064 
7.480644 
7.451612 
7.48387 
7.606451 
7.909677 
8.141935 
8.212903 
8.087096 
7.78387 
7.44516 
7.199999 
7.235483 
7.270967 
7.338709 
7.34516 
7.354838 
7.367741 
7.403225 
6.974193 
7.029031 
10.16451 
13.00322 
9.593547 
6.177419 
6.016128 
6.603225 
6.699999 
6.799999 
6.893548 
6.958064 
7.025805 
7.096773 
7.135483 
7.190322 
7.216128 
7.274193 
7.387096 
7.677419 
7.977418 
8.216128 
8.293547 
8.425806 
8.467741 
8.441934 
8.312902 
8.187096 
7.851612 
7.558063 
7.270967 
6.98387 
6.751612 
6.645161 
6.748386 
6.816128 
6.909677 
6.990322 
7.048386 
7.103225 
7.148386 
7.270967 
7.299999 
7.329031 
7.341935 
7.374193 
7.390322 
7.390322 
7.432257 
7.448386 
7.454838 
7.464515 
7.477418 
7.490322 
7.654838 
7.941935 
8.154838 
8.199999 
8.064515 
7.735483 
7.412902 
7.158064 
7.229032 
7.270967 
7.299999 
7.341935 
7.338709 
7.377418 
7.293548 
6.619354 
8.296773 
12.10645 
11.71612 
7.42258 
5.88387 
6.387096 
6.664515 
6.767741 
6.84516 
6.935483 
7.003225 
7.061289 
7.116128 
7.167741 
7.219354 
7.258064 
7.290322 
7.454838 
7.748386 
8.038708 
8.280644 
8.419354 
8.474192 
8.470967 
8.387096 
8.190321 
7.948386 
7.687096 
7.374193 
7.093547 
6.82258 
6.645161 
6.716128 
6.803225 
6.899999 
6.970967 
7.032257 
7.070967 
7.158064 
7.196774 
7.232257 
7.270967 
7.309677 
7.341935 
7.361289 
7.377418 
7.42258 
7.425806 
7.409677 
7.448386 
7.458064 
7.474193 
7.470967 
7.474193 
7.758064 
8.02258 
8.219354 
8.151612 
7.964515 
7.619354 
7.306451 
7.203225 
7.238709 
7.293548 
7.319354 
7.338709 
7.351612 
7.374193 
7.058063 
6.796773 
9.690321 
12.98064 
10.11935 
6.338709 
5.967741 
6.590322 
6.696774 
6.787096 
6.887096 
6.951612 
7.019354 
7.087096 
7.132257 
7.167741 
7.229032 
7.270967 
7.351612 
7.658064 
7.890322 
8.148386 
8.341935 
8.458064 
8.503225 
8.416128 
8.264515 
8.035483 
7.796773 
7.496773 
7.199999 
6.925806 
6.690322 
6.658064 
6.78387 
6.854838 
6.941935 
6.987096 
7.090322 
7.138709 
7.209677 
7.212903 
7.258064 
7.280644 
7.329031 
7.348386 
7.364515 
7.387096 
7.409677 
7.412902 
7.441935 
7.454838 
7.451612 
7.474193 
7.477418 
7.493547 
7.506451 
7.403225 
7.206451 
6.893548 
6.135483 
4.932257 
4.048386 
3.377419 
4.532257 
5.958064 
7.609676 
8.629031 
9.109676 
9.477418 
9.558063 
9.525805 
9.319354 
9.241934 
9.135482 
9.103224 
9.019353 
8.996773 
8.958064 
8.98387 
9.064515 
8.977418 
8.929031 
8.774192 
8.561289 
8.222579 
7.899999 
7.493547 
7.235483 
7.035483 
6.854838 
6.758064 
6.629032 
6.561289 
6.667741 
6.76129 
6.84516 
6.906451 
6.999999 
7.058063 
7.093547 
7.148386 
7.193548 
7.232257 
7.26129 
7.306451 
7.332257 
7.351612 
7.367741 
7.374193 
7.412902 
7.42258 
7.419354 
7.464515 
7.454838 
7.454838 
7.48387 
7.487096 
7.490322 
7.503225 
7.506451 
7.490322 
7.503225 
7.496773 
7.541934 
7.835483 
8.106451 
8.216128 
8.138709 
7.877418 
7.532257 
7.238709 
7.190322 
7.238709 
7.264515 
7.28387 
7.335483 
7.351612 
7.364515 
6.835483 
7.193548 
10.53225 
12.85806 
9.167741 
6.041934 
6.077418 
6.609677 
6.716128 
6.796773 
6.88387 
6.958064 
7.04516 
7.074193 
7.180644 
7.232257 
7.251612 
7.454838 
7.751612 
8.00645 
8.258064 
8.425806 
8.461289 
8.458064 
8.374193 
8.190321 
7.954838 
7.62258 
7.354838 
7.064515 
6.84516 
6.632257 
6.716128 
6.819354 
6.887096 
6.958064 
7.003225 
7.093547 
7.125806 
7.190322 
7.225806 
7.254838 
7.309677 
7.32258 
7.341935 
7.377418 
7.387096 
7.412902 
7.396773 
7.441935 
7.474193 
7.458064 
7.461289 
7.496773 
7.78387 
8.025805 
8.196773 
8.154838 
7.929031 
7.596773 
7.270967 
7.196774 
7.232257 
7.277419 
7.293548 
7.312902 
7.348386 
7.358064 
6.974193 
6.896773 
10.01612 
12.99354 
9.735483 
6.225806 
5.990322 
6.570967 
6.667741 
6.793548 
6.887096 
6.958064 
7.003225 
7.074193 
7.148386 
7.170967 
7.212903 
7.22258 
7.341935 
7.629032 
7.903225 
8.164515 
8.351612 
8.454837 
8.48387 
8.403224 
8.238709 
8.041934 
7.758064 
7.467741 
7.164515 
6.906451 
6.703225 
6.677419 
6.780644 
6.848386 
6.925806 
7.009676 
7.054838 
7.116128 
7.16129 
7.229032 
7.251612 
7.274193 
7.325806 
7.325806 
7.361289 
7.399999 
7.399999 
7.425806 
7.44516 
7.448386 
7.48387 
7.480644 
7.499999 
7.612902 
7.903225 
8.138709 
8.196773 
8.080644 
7.787096 
7.438709 
7.177419 
7.238709 
7.280644 
7.293548 
7.332257 
7.364515 
7.387096 
7.34516 
6.654838 
7.941935 
11.69999 
12.10322 
7.899999 
5.903225 
6.325806 
6.641935 
6.764515 
6.838709 
6.890322 
6.974193 
7.051612 
7.106451 
7.154838 
7.196774 
7.245161 
7.270967 
7.487096 
7.790322 
8.038708 
8.254837 
8.422579 
8.48387 
8.458064 
8.348386 
8.16129 
7.92258 
7.658064 
7.341935 
7.070967 
6.835483 
6.651612 
6.699999 
6.816128 
6.912902 
6.990322 
7.070967 
7.08387 
7.132257 
7.174193 
7.241935 
7.267741 
7.299999 
7.32258 
7.351612 
7.374193 
7.396773 
7.412902 
7.438709 
7.438709 
7.448386 
7.48387 
7.467741 
7.509676 
7.806451 
8.058063 
8.212903 
8.138709 
7.909677 
7.558063 
7.251612 
7.216128 
7.264515 
7.280644 
7.299999 
7.341935 
7.361289 
7.38387 
6.961289 
6.98387 
10.10967 
12.98709 
9.658063 
6.18387 
6.003225 
6.596773 
6.72258 
6.803225 
6.880644 
6.958064 
7.038709 
7.080644 
7.119354 
7.174193 
7.238709 
7.267741 
7.354838 
7.680644 
7.954838 
8.18387 
8.367741 
8.477418 
8.48387 
8.416128 
8.245161 
8.038708 
7.770967 
7.470967 
7.145161 
6.912902 
6.699999 
6.670967 
6.793548 
6.870967 
6.938709 
7.025805 
7.08387 
7.135483 
7.18387 
7.225806 
7.267741 
7.296773 
7.316128 
7.341935 
7.377418 
7.393548 
7.416128 
7.435483 
7.438709 
7.461289 
7.461289 
7.470967 
7.499999 
7.674193 
7.964515 
8.154838 
7.951612 
7.619354 
7.299999 
7.209677 
7.241935 
7.280644 
7.299999 
7.329031 
7.351612 
7.377418 
7.054838 
6.764515 
9.612902 
12.95161 
10.19677 
6.380644 
5.938709 
6.548386 
6.699999 
6.812902 
6.890322 
6.948386 
7.029031 
7.08387 
7.138709 
7.180644 
7.225806 
7.264515 
7.306451 
7.62258 
7.916128 
8.174193 
8.361289 
8.458064 
8.496773 
8.438709 
8.277419 
8.054838 
7.780644 
7.506451 
7.216128 
6.94516 
6.729032 
6.674193 
6.78387 
6.880644 
6.941935 
6.999999 
7.077418 
7.129032 
7.170967 
7.232257 
7.26129 
7.28387 
7.306451 
7.348386 
7.377418 
7.403225 
7.416128 
7.44516 
7.467741 
7.474193 
7.477418 
7.499999 
7.499999 
7.619354 
7.938709 
8.138709 
8.196773 
8.077418 
7.777419 
7.432257 
7.177419 
7.219354 
7.245161 
7.296773 
7.309677 
7.348386 
7.364515 
7.329031 
6.648386 
8.087096 
11.88709 
11.91612 
7.658064 
5.870967 
6.354838 
6.651612 
6.754838 
6.848386 
6.92258 
6.98387 
7.054838 
7.116128 
7.164515 
7.203225 
7.238709 
7.287096 
7.519354 
7.78387 
8.054838 
8.248386 
8.419354 
8.480644 
8.464515 
8.361289 
8.170967 
7.912902 
7.616128 
7.316128 
7.054838 
6.790322 
6.625806 
6.716128 
6.819354 
6.899999 
6.970967 
7.038709 
7.106451 
7.158064 
7.206451 
7.248386 
7.270967 
7.290322 
7.341935 
7.361289 
7.412902 
7.396773 
7.441935 
7.448386 
7.44516 
7.451612 
7.464515 
7.477418 
7.519354 
7.812902 
8.061289 
8.190321 
8.129031 
7.906451 
7.564515 
7.270967 
7.212903 
7.248386 
7.293548 
7.303225 
7.341935 
7.351612 
7.370967 
6.909677 
7.090322 
10.34193 
12.96451 
9.403224 
6.12258 
6.04516 
6.606451 
6.693548 
6.816128 
6.893548 
6.967741 
7.025805 
7.103225 
7.138709 
7.193548 
7.229032 
7.258064 
7.396773 
7.690322 
7.970967 
8.18387 
8.38387 
8.477418 
8.480644 
8.416128 
8.248386 
8.02258 
7.76129 
7.461289 
7.167741 
6.909677 
6.690322 
6.696774 
6.799999 
6.887096 
6.958064 
7.041934 
7.087096 
7.116128 
7.196774 
7.238709 
7.258064 
7.28387 
7.332257 
7.34516 
7.370967 
7.403225 
7.419354 
7.44516 
7.458064 
7.467741 
7.464515 
7.477418 
7.496773 
7.699999 
7.98387 
8.187096 
8.180644 
8.029031 
7.719354 
7.364515 
7.190322 
7.212903 
7.254838 
7.306451 
7.325806 
7.34516 
7.370967 
7.264515 
6.599999 
8.532257 
12.33548 
11.4258 
7.158064 
5.867741 
6.448386 
6.748386 
6.76129 
6.861289 
6.929031 
6.996773 
7.077418 
7.12258 
7.167741 
7.212903 
7.238709 
7.28387 
7.548386 
7.829031 
8.090321 
8.293547 
8.425806 
8.496773 
8.454837 
8.34516 
8.14516 
7.906451 
7.609676 
7.306451 
6.735483 
6.66129 
6.770967 
6.851612 
6.941935 
7.006451 
7.067741 
7.132257 
7.158064 
7.203225 
7.264515 
7.290322 
7.312902 
7.348386 
7.38387 
7.403225 
7.42258 
7.432257 
7.458064 
7.467741 
7.48387 
7.496773 
7.493547 
7.632257 
7.916128 
8.129031 
8.193548 
8.074193 
7.793548 
7.44516 
7.190322 
7.225806 
7.270967 
7.306451 
7.332257 
7.358064 
7.354838 
7.34516 
6.66129 
7.861289 
11.58064 
12.21612 
8.02258 
5.92258 
6.290322 
6.645161 
6.738709 
6.812902 
6.906451 
6.964515 
7.048386 
7.119354 
7.16129 
7.203225 
7.238709 
7.270967 
7.487096 
7.777419 
8.035483 
8.258064 
8.412902 
8.461289 
8.454837 
8.364515 
8.174193 
7.938709 
7.638709 
7.351612 
7.061289 
6.829031 
6.629032 
6.735483 
6.816128 
6.896773 
6.964515 
7.04516 
7.099999 
7.141935 
7.187096 
7.22258 
7.270967 
7.28387 
7.341935 
7.361289 
7.38387 
7.396773 
7.419354 
7.432257 
7.448386 
7.44516 
7.480644 
7.496773 
7.506451 
7.793548 
8.067741 
8.209676 
8.151612 
7.935483 
7.587096 
7.248386 
7.216128 
7.258064 
7.287096 
7.316128 
7.335483 
7.361289 
7.374193 
7.012902 
6.819354 
7.580644 
11.12257 
12.62903 
8.616127 
6.012902 
6.216128 
6.667741 
6.748386 
6.838709 
6.929031 
6.996773 
7.054838 
7.129032 
7.177419 
7.209677 
7.238709 
7.274193 
7.441935 
7.735483 
8.019353 
8.251612 
8.396773 
8.480644 
8.467741 
8.367741 
8.206451 
7.987096 
7.693548 
7.390322 
7.070967 
6.84516 
6.62258 
6.725806 
6.803225 
6.896773 
6.977418 
7.032257 
7.074193 
7.138709 
7.180644 
7.229032 
7.274193 
7.309677 
7.325806 
7.370967 
7.380644 
7.387096 
7.42258 
7.441935 
7.425806 
7.458064 
7.451612 
7.474193 
7.470967 
7.693548 
7.980644 
8.177418 
8.177418 
7.990322 
7.677419 
7.361289 
7.193548 
7.26129 
7.264515 
7.306451 
7.335483 
7.335483 
7.364515 
7.206451 
6.596773 
8.88387 
12.60967 
11.0387 
6.835483 
5.88387 
6.525805 
6.680644 
6.767741 
6.864515 
6.938709 
7.003225 
7.129032 
7.129032 
7.18387 
7.212903 
7.251612 
7.287096 
7.554838 
7.861289 
8.112902 
8.309677 
8.429031 
8.509676 
8.438709 
8.319354 
8.125805 
7.874193 
7.564515 
7.264515 
7.006451 
6.767741 
6.664515 
6.754838 
6.848386 
6.929031 
6.98387 
7.077418 
7.112902 
7.16129 
7.229032 
7.254838 
7.293548 
7.319354 
7.348386 
7.377418 
7.370967 
7.409677 
7.419354 
7.438709 
7.464515 
7.474193 
7.48387 
7.499999 
7.580644 
7.887096 
8.112902 
8.216128 
8.106451 
7.812902 
7.474193 
7.190322 
7.219354 
7.277419 
7.306451 
7.325806 
7.367741 
7.387096 
7.361289 
6.716128 
7.66129 
11.25161 
7.416128 
5.893548 
6.419354 
6.651612 
6.76129 
6.851612 
6.941935 
6.993547 
7.070967 
7.109676 
7.170967 
7.203225 
7.245161 
7.277419 
7.519354 
7.825806 
8.087096 
8.293547 
8.435482 
8.48387 
8.464515 
8.361289 
8.129031 
7.909677 
7.619354 
7.303225 
7.012902 
6.777419 
6.632257 
6.748386 
6.829031 
6.916128 
6.987096 
7.058063 
7.106451 
7.154838 
7.190322 
7.235483 
7.280644 
7.309677 
7.335483 
7.364515 
7.387096 
7.406451 
7.416128 
7.44516 
7.458064 
7.474193 
7.48387 
7.490322 
7.509676 
7.832257 
8.099999 
8.212903 
8.125805 
7.858064 
7.525805 
7.238709 
7.216128 
7.258064 
7.296773 
7.309677 
7.338709 
7.374193 
7.370967 
6.838709 
7.264515 
10.64838 
12.82903 
9.067741 
6.070967 
6.099999 
6.612903 
6.72258 
6.825806 
6.909677 
6.964515 
7.04516 
7.103225 
7.135483 
7.187096 
7.232257 
7.270967 
7.412902 
7.699999 
7.98387 
8.229031 
8.399999 
8.48387 
8.490322 
8.393548 
8.222579 
7.996773 
7.725806 
7.448386 
7.116128 
6.880644 
6.667741 
6.690322 
6.780644 
6.880644 
6.961289 
7.019354 
7.090322 
7.129032 
7.190322 
7.225806 
7.277419 
7.309677 
7.325806 
7.348386 
7.38387 
7.399999 
7.419354 
7.412902 
7.441935 
7.448386 
7.474193 
7.493547 
7.48387 
7.512902 
7.503225 
7.416128 
7.216128 
6.880644 
6.132257 
4.916128 
4.025805 
3.370967 
4.570967 
6.006451 
7.629032 
8.616127 
9.106451 
9.509676 
9.529031 
9.512902 
9.316128 
9.225806 
9.148386 
9.083869 
9.012902 
8.996773 
8.938709 
8.98387 
9.054838 
8.958064 
8.912902 
8.78387 
8.558063 
8.219354 
7.858064 
7.499999 
7.209677 
7.019354 
6.854838 
6.764515 
6.635483 
6.551612 
6.654838 
6.745161 
6.841935 
6.92258 
6.996773 
7.054838 
7.103225 
7.154838 
7.196774 
7.232257 
7.264515 
7.290322 
7.299999 
7.34516 
7.361289 
7.367741 
7.432257 
7.412902 
7.451612 
7.48387 
7.464515 
7.474193 
7.477418 
7.487096 
7.474193 
7.490322 
7.509676 
7.499999 
7.509676 
7.503225 
7.561289 
7.858064 
8.116127 
8.238709 
8.141935 
7.864515 
7.538709 
7.235483 
7.229032 
7.258064 
7.290322 
7.303225 
7.309677 
7.325806 
7.364515 
6.82258 
7.225806 
10.6258 
12.85483 
9.103224 
6.038709 
6.074193 
6.609677 
6.719354 
6.793548 
6.864515 
6.935483 
7.009676 
7.061289 
7.129032 
7.174193 
7.22258 
7.258064 
7.399999 
7.690322 
7.974193 
8.199999 
8.377418 
8.461289 
8.467741 
8.387096 
8.232257 
7.98387 
7.703225 
7.396773 
7.116128 
6.864515 
6.664515 
6.674193 
6.78387 
6.841935 
6.951612 
7.019354 
7.070967 
7.125806 
7.180644 
7.206451 
7.26129 
7.28387 
7.329031 
7.341935 
7.38387 
7.390322 
7.432257 
7.454838 
7.451612 
7.464515 
7.490322 
7.487096 
7.774193 
8.064515 
8.203225 
8.135483 
7.92258 
7.593547 
7.28387 
7.203225 
7.245161 
7.277419 
7.296773 
7.319354 
7.34516 
7.380644 
6.974193 
6.851612 
9.893548 
12.99677 
9.880644 
6.280644 
5.974193 
6.599999 
6.709677 
6.812902 
6.887096 
6.967741 
7.035483 
7.090322 
7.141935 
7.190322 
7.229032 
7.251612 
7.338709 
7.638709 
7.932257 
8.177418 
8.361289 
8.474192 
8.487095 
8.464515 
8.280644 
8.048386 
7.770967 
7.48387 
7.16129 
6.92