3 
7.199999 
7.232257 
7.287096 
7.299999 
7.319354 
7.341935 
7.370967 
7.058063 
6.793548 
9.725806 
12.97096 
10.07096 
6.316128 
5.94516 
6.577418 
6.68387 
6.799999 
6.88387 
6.961289 
7.02258 
7.090322 
7.132257 
7.177419 
7.22258 
7.264515 
7.316128 
7.593547 
7.867741 
8.135483 
8.329031 
8.451612 
8.499999 
8.470967 
8.32258 
8.135483 
7.858064 
7.554838 
7.251612 
6.999999 
6.751612 
6.641935 
6.735483 
6.841935 
6.916128 
6.999999 
7.051612 
7.125806 
7.187096 
7.22258 
7.248386 
7.293548 
7.306451 
7.338709 
7.364515 
7.390322 
7.406451 
7.432257 
7.451612 
7.458064 
7.467741 
7.480644 
7.474193 
7.525805 
7.84516 
8.087096 
8.225806 
8.119354 
7.874193 
7.561289 
7.241935 
7.206451 
7.241935 
7.274193 
7.312902 
7.335483 
7.358064 
7.396773 
6.858064 
7.196774 
10.51612 
12.89999 
9.199999 
6.080644 
6.070967 
6.616128 
6.725806 
6.806451 
6.899999 
6.98387 
7.032257 
7.093547 
7.170967 
7.187096 
7.235483 
7.277419 
7.406451 
7.706451 
7.980644 
8.206451 
8.393548 
8.477418 
8.480644 
8.399999 
8.241934 
8.009676 
7.735483 
7.448386 
7.141935 
6.877418 
6.68387 
6.696774 
6.787096 
6.877418 
6.935483 
7.025805 
7.090322 
7.12258 
7.180644 
7.248386 
7.251612 
7.306451 
7.332257 
7.361289 
7.387096 
7.406451 
7.419354 
7.435483 
7.458064 
7.467741 
7.461289 
7.490322 
7.499999 
7.706451 
8.00645 
8.199999 
8.193548 
8.003225 
7.667741 
7.351612 
7.216128 
7.241935 
7.264515 
7.303225 
7.329031 
7.361289 
7.377418 
7.196774 
6.616128 
9.012902 
12.70645 
10.86774 
6.732257 
5.893548 
6.516128 
6.677419 
6.770967 
6.864515 
6.948386 
7.006451 
7.08387 
7.125806 
7.177419 
7.212903 
7.251612 
7.299999 
7.587096 
7.880644 
8.119354 
8.335483 
8.474192 
8.490322 
8.448386 
8.303225 
8.122579 
7.851612 
7.551612 
7.258064 
6.974193 
6.748386 
6.648386 
6.751612 
6.851612 
6.929031 
6.987096 
7.054838 
7.12258 
7.167741 
7.209677 
7.245161 
7.264515 
7.303225 
7.341935 
7.377418 
7.38387 
7.399999 
7.432257 
7.44516 
7.464515 
7.470967 
7.470967 
7.487096 
7.596773 
7.896773 
8.148386 
8.216128 
8.096773 
7.816128 
7.448386 
7.190322 
7.167741 
7.254838 
7.290322 
7.316128 
7.358064 
7.377418 
7.34516 
6.712903 
7.732257 
11.43225 
12.3387 
5.870967 
6.42258 
6.651612 
6.770967 
6.84516 
6.925806 
7.006451 
7.08387 
7.112902 
7.177419 
7.212903 
7.241935 
7.287096 
7.532257 
7.819354 
8.077418 
8.28387 
8.441934 
8.496773 
8.451612 
8.34516 
8.148386 
7.896773 
7.603225 
7.306451 
7.032257 
6.777419 
6.645161 
6.738709 
6.82258 
6.899999 
6.977418 
7.038709 
7.116128 
7.16129 
7.187096 
7.248386 
7.274193 
7.309677 
7.332257 
7.370967 
7.38387 
7.399999 
7.416128 
7.419354 
7.448386 
7.44516 
7.480644 
7.490322 
7.535483 
7.835483 
8.099999 
8.264515 
8.119354 
7.88387 
7.538709 
7.212903 
7.212903 
7.26129 
7.299999 
7.332257 
7.338709 
7.361289 
7.380644 
6.82258 
7.267741 
10.67096 
12.8258 
9.070966 
6.054838 
6.087096 
6.609677 
6.719354 
6.82258 
6.906451 
6.967741 
7.025805 
7.096773 
7.148386 
7.203225 
7.235483 
7.280644 
7.403225 
7.703225 
7.970967 
8.216128 
8.396773 
8.470967 
8.480644 
8.409676 
8.219354 
7.987096 
7.725806 
7.42258 
7.135483 
6.867741 
6.670967 
6.699999 
6.806451 
6.880644 
6.961289 
7.025805 
7.096773 
7.145161 
7.190322 
7.235483 
7.264515 
7.299999 
7.348386 
7.354838 
7.380644 
7.390322 
7.42258 
7.432257 
7.451612 
7.461289 
7.477418 
7.464515 
7.474193 
7.72258 
8.009676 
8.203225 
8.177418 
7.974193 
7.66129 
7.332257 
7.187096 
7.232257 
7.287096 
7.309677 
7.351612 
7.358064 
7.367741 
7.177419 
6.651612 
9.225806 
12.8258 
10.66774 
6.599999 
5.890322 
6.54516 
6.677419 
6.790322 
6.854838 
6.94516 
7.019354 
7.074193 
7.138709 
7.167741 
7.22258 
7.251612 
7.299999 
7.58387 
7.870967 
8.135483 
8.34516 
8.464515 
8.499999 
8.44516 
8.293547 
8.103224 
7.835483 
7.548386 
7.248386 
6.98387 
6.748386 
6.648386 
6.754838 
6.84516 
6.938709 
6.98387 
7.058063 
7.112902 
7.177419 
7.206451 
7.232257 
7.264515 
7.296773 
7.34516 
7.367741 
7.380644 
7.419354 
7.409677 
7.432257 
7.44516 
7.467741 
7.480644 
7.490322 
7.58387 
7.877418 
8.132257 
8.199999 
8.090321 
7.829031 
7.477418 
7.199999 
7.216128 
7.264515 
7.290322 
7.32258 
7.348386 
7.377418 
7.364515 
6.719354 
7.687096 
11.31612 
12.42257 
8.319354 
5.925806 
6.238709 
6.645161 
6.741935 
6.841935 
6.909677 
6.98387 
7.067741 
7.116128 
7.174193 
7.203225 
7.245161 
7.251612 
7.387096 
7.654838 
7.929031 
8.190321 
8.370966 
8.480644 
8.48387 
8.409676 
8.261289 
8.048386 
7.793548 
7.496773 
7.170967 
6.941935 
6.712903 
6.68387 
6.770967 
6.848386 
6.92258 
7.019354 
7.074193 
7.129032 
7.167741 
7.225806 
7.26129 
7.293548 
7.335483 
7.354838 
7.377418 
7.396773 
7.438709 
7.448386 
7.470967 
7.48387 
7.477418 
7.474193 
7.506451 
7.741935 
8.012902 
8.190321 
8.177418 
7.970967 
7.680644 
7.367741 
7.203225 
7.238709 
7.270967 
7.303225 
7.32258 
7.358064 
7.370967 
7.225806 
6.62258 
8.793547 
12.55161 
11.16451 
6.912902 
5.874193 
6.493547 
6.674193 
6.767741 
6.861289 
6.94516 
7.025805 
7.054838 
7.135483 
7.187096 
7.235483 
7.267741 
7.303225 
7.58387 
7.851612 
8.103224 
8.303225 
8.44516 
8.499999 
8.438709 
8.309677 
8.125805 
7.870967 
7.564515 
7.287096 
7.009676 
6.777419 
6.641935 
6.758064 
6.848386 
6.919354 
6.993547 
7.070967 
7.119354 
7.151612 
7.206451 
7.258064 
7.28387 
7.306451 
7.341935 
7.364515 
7.380644 
7.390322 
7.416128 
7.432257 
7.454838 
7.451612 
7.461289 
7.470967 
7.570967 
7.877418 
8.122579 
8.222579 
8.122579 
7.832257 
7.493547 
7.209677 
7.219354 
7.258064 
7.290322 
7.341935 
7.351612 
7.374193 
7.361289 
6.767741 
7.54516 
11.06451 
12.59354 
8.587096 
5.98387 
6.18387 
6.619354 
6.741935 
6.812902 
6.925806 
6.993547 
7.051612 
7.103225 
7.154838 
7.203225 
7.251612 
7.28387 
7.416128 
7.719354 
7.996773 
8.248386 
8.419354 
8.48387 
8.490322 
8.409676 
8.225806 
7.987096 
7.693548 
7.409677 
7.109676 
6.838709 
6.667741 
6.693548 
6.799999 
6.874193 
6.954838 
7.019354 
7.087096 
7.170967 
7.187096 
7.229032 
7.258064 
7.290322 
7.338709 
7.358064 
7.367741 
7.412902 
7.416128 
7.425806 
7.448386 
7.464515 
7.474193 
7.467741 
7.480644 
7.745161 
8.035483 
8.225806 
8.164515 
7.951612 
7.638709 
7.303225 
7.193548 
7.245161 
7.270967 
7.296773 
7.348386 
7.367741 
7.364515 
7.064515 
6.76129 
9.558063 
12.94193 
10.26451 
6.409677 
5.929031 
6.567741 
6.699999 
6.793548 
6.874193 
6.954838 
7.006451 
7.090322 
7.145161 
7.193548 
7.232257 
7.26129 
7.316128 
7.625806 
7.916128 
8.14516 
8.348386 
8.461289 
8.496773 
8.438709 
8.274192 
8.070966 
7.816128 
7.516128 
7.225806 
6.929031 
6.732257 
6.638709 
6.774193 
6.864515 
6.929031 
7.003225 
7.080644 
7.12258 
7.167741 
7.238709 
7.251612 
7.287096 
7.32258 
7.341935 
7.370967 
7.390322 
7.409677 
7.44516 
7.432257 
7.44516 
7.470967 
7.474193 
7.487096 
7.496773 
7.509676 
7.412902 
7.229032 
6.912902 
6.174193 
4.993547 
4.12258 
3.348387 
4.458064 
5.841935 
7.503225 
8.580644 
9.080644 
9.458064 
9.551611 
9.503225 
9.32258 
9.225806 
9.164515 
9.112902 
9.019353 
9.00645 
8.964515 
8.974192 
9.070966 
8.987095 
8.916128 
8.777419 
8.587096 
8.232257 
7.88387 
7.519354 
7.251612 
6.832257 
6.735483 
6.603225 
6.561289 
6.716128 
6.770967 
6.848386 
6.92258 
7.012902 
7.061289 
7.106451 
7.158064 
7.203225 
7.254838 
7.280644 
7.299999 
7.332257 
7.341935 
7.380644 
7.390322 
7.403225 
7.42258 
7.425806 
7.438709 
7.438709 
7.458064 
7.480644 
7.48387 
7.48387 
7.493547 
7.48387 
7.506451 
7.503225 
7.499999 
7.506451 
7.793548 
8.058063 
8.212903 
8.164515 
7.94516 
7.612902 
7.290322 
7.216128 
7.238709 
7.28387 
7.296773 
7.316128 
7.358064 
7.370967 
7.029031 
6.803225 
9.767741 
12.97741 
9.967741 
6.277419 
5.941935 
6.564515 
6.68387 
6.777419 
6.858064 
6.929031 
7.006451 
7.074193 
7.116128 
7.170967 
7.212903 
7.245161 
7.332257 
7.638709 
7.912902 
8.164515 
8.335483 
8.458064 
8.487095 
8.416128 
8.264515 
8.035483 
7.774193 
7.480644 
7.177419 
6.916128 
6.687096 
6.651612 
6.777419 
6.854838 
6.92258 
6.987096 
7.061289 
7.119354 
7.154838 
7.209677 
7.238709 
7.270967 
7.319354 
7.341935 
7.364515 
7.374193 
7.387096 
7.409677 
7.409677 
7.451612 
7.454838 
7.493547 
7.48387 
7.490322 
7.774193 
8.029031 
8.209676 
8.164515 
7.980644 
7.629032 
7.32258 
7.199999 
7.216128 
7.26129 
7.303225 
7.325806 
7.341935 
7.374193 
7.129032 
6.609677 
9.299999 
12.84193 
10.52903 
6.525805 
5.903225 
6.487096 
6.693548 
6.774193 
6.874193 
6.941935 
7.029031 
7.080644 
7.138709 
7.177419 
7.216128 
7.245161 
7.299999 
7.554838 
7.790322 
8.058063 
8.277419 
8.438709 
8.499999 
8.451612 
8.367741 
8.193548 
7.903225 
7.625806 
7.332257 
7.048386 
6.816128 
6.62258 
6.712903 
6.82258 
6.896773 
6.970967 
7.041934 
7.096773 
7.151612 
7.199999 
7.245161 
7.277419 
7.299999 
7.325806 
7.351612 
7.374193 
7.393548 
7.425806 
7.438709 
7.448386 
7.461289 
7.461289 
7.496773 
7.509676 
7.809677 
8.070966 
8.187096 
8.132257 
7.887096 
7.548386 
7.251612 
7.206451 
7.241935 
7.277419 
7.316128 
7.341935 
7.370967 
7.390322 
6.899999 
7.099999 
10.37419 
12.94193 
9.364515 
6.106451 
6.048386 
6.603225 
6.703225 
6.812902 
6.896773 
6.961289 
7.038709 
7.096773 
7.154838 
7.190322 
7.238709 
7.267741 
7.412902 
7.680644 
7.967741 
8.229031 
8.390321 
8.480644 
8.487095 
8.406451 
8.232257 
7.999999 
7.767741 
7.470967 
7.180644 
6.912902 
6.696774 
6.645161 
6.780644 
6.858064 
6.94516 
6.996773 
7.070967 
7.116128 
7.16129 
7.225806 
7.254838 
7.296773 
7.319354 
7.34516 
7.361289 
7.387096 
7.412902 
7.42258 
7.435483 
7.448386 
7.467741 
7.470967 
7.477418 
7.629032 
7.94516 
8.138709 
8.187096 
8.067741 
7.751612 
7.203225 
7.238709 
7.267741 
7.319354 
7.338709 
7.361289 
7.377418 
7.293548 
6.612903 
8.396773 
12.22903 
11.56774 
7.299999 
5.867741 
6.419354 
6.648386 
6.751612 
6.851612 
6.941935 
6.980644 
7.061289 
7.099999 
7.145161 
7.209677 
7.238709 
7.264515 
7.529031 
7.816128 
8.087096 
8.309677 
8.458064 
8.496773 
8.458064 
8.361289 
8.151612 
7.899999 
7.609676 
7.299999 
7.04516 
6.780644 
6.635483 
6.732257 
6.82258 
6.906451 
6.993547 
7.04516 
7.080644 
7.154838 
7.196774 
7.238709 
7.267741 
7.306451 
7.338709 
7.348386 
7.38387 
7.399999 
7.42258 
7.42258 
7.441935 
7.454838 
7.458064 
7.480644 
7.519354 
7.832257 
8.080644 
8.209676 
8.129031 
7.870967 
7.541934 
7.238709 
7.216128 
7.251612 
7.280644 
7.312902 
7.348386 
7.354838 
7.403225 
6.864515 
7.199999 
10.54515 
12.89999 
9.199999 
6.099999 
6.064515 
6.619354 
6.709677 
6.816128 
6.896773 
6.977418 
7.035483 
7.08387 
7.151612 
7.196774 
7.216128 
7.270967 
7.393548 
7.690322 
7.954838 
8.206451 
8.393548 
8.477418 
8.477418 
8.419354 
8.251612 
7.996773 
7.741935 
7.419354 
7.116128 
6.874193 
6.677419 
6.703225 
6.793548 
6.870967 
6.961289 
7.035483 
7.067741 
7.125806 
7.177419 
7.209677 
7.251612 
7.28387 
7.299999 
7.341935 
7.374193 
7.380644 
7.425806 
7.438709 
7.438709 
7.461289 
7.477418 
7.48387 
7.493547 
7.719354 
7.999999 
8.193548 
8.180644 
8.067741 
7.758064 
7.451612 
7.174193 
7.203225 
7.245161 
7.280644 
7.299999 
7.341935 
7.374193 
7.335483 
6.703225 
7.719354 
11.39999 
12.34516 
8.225806 
5.935483 
6.267741 
6.648386 
6.732257 
6.832257 
6.92258 
6.980644 
7.048386 
7.096773 
7.16129 
7.199999 
7.232257 
7.267741 
7.454838 
7.751612 
8.025805 
8.254837 
8.396773 
8.480644 
8.477418 
8.364515 
8.209676 
7.974193 
7.68387 
7.367741 
7.099999 
6.841935 
6.658064 
6.725806 
6.816128 
6.870967 
6.961289 
7.051612 
7.093547 
7.148386 
7.174193 
7.235483 
7.267741 
7.296773 
7.316128 
7.354838 
7.38387 
7.390322 
7.406451 
7.416128 
7.435483 
7.467741 
7.451612 
7.48387 
7.503225 
7.777419 
8.038708 
8.203225 
8.16129 
7.938709 
7.609676 
7.287096 
7.196774 
7.235483 
7.28387 
7.306451 
7.335483 
7.38387 
7.374193 
7.064515 
6.770967 
9.632257 
12.97419 
10.17741 
6.354838 
5.925806 
6.58387 
6.703225 
6.816128 
6.880644 
6.967741 
7.019354 
7.087096 
7.145161 
7.167741 
7.219354 
7.254838 
7.325806 
7.629032 
7.916128 
8.187096 
8.341935 
8.48387 
8.512902 
8.425806 
8.287096 
8.067741 
7.803225 
7.519354 
7.196774 
6.941935 
6.725806 
6.680644 
6.861289 
6.964515 
7.025805 
7.08387 
7.135483 
7.18387 
7.225806 
7.26129 
7.290322 
7.329031 
7.380644 
7.387096 
7.393548 
7.44516 
7.419354 
7.454838 
7.438709 
7.467741 
7.467741 
7.474193 
7.651612 
7.94516 
8.16129 
8.212903 
8.064515 
7.76129 
7.406451 
7.177419 
7.209677 
7.245161 
7.293548 
7.32258 
7.361289 
7.351612 
7.316128 
6.629032 
8.193548 
12.01612 
11.8258 
7.590322 
5.893548 
6.377418 
6.66129 
6.76129 
6.838709 
6.912902 
6.999999 
7.070967 
7.116128 
7.18387 
7.203225 
7.238709 
7.280644 
7.509676 
7.799999 
8.054838 
8.28387 
8.425806 
8.496773 
8.451612 
8.354838 
8.177418 
7.925806 
7.629032 
7.332257 
7.04516 
6.812902 
6.632257 
6.709677 
6.825806 
6.893548 
6.98387 
7.054838 
7.109676 
7.148386 
7.199999 
7.248386 
7.264515 
7.316128 
7.329031 
7.364515 
7.358064 
7.390322 
7.435483 
7.419354 
7.454838 
7.467741 
7.474193 
7.477418 
7.509676 
7.809677 
8.064515 
8.209676 
8.106451 
7.896773 
7.554838 
7.264515 
7.216128 
7.264515 
7.280644 
7.316128 
7.335483 
7.367741 
7.380644 
6.899999 
7.054838 
10.29032 
12.98064 
9.487095 
6.158064 
6.032257 
6.619354 
6.712903 
6.82258 
6.909677 
6.977418 
7.054838 
7.093547 
7.154838 
7.193548 
7.232257 
7.280644 
7.377418 
7.68387 
7.941935 
8.193548 
8.387096 
8.48387 
8.48387 
8.416128 
8.241934 
8.029031 
7.751612 
7.467741 
7.170967 
6.899999 
6.658064 
6.677419 
6.770967 
6.874193 
6.948386 
7.012902 
7.074193 
7.145161 
7.206451 
7.22258 
7.270967 
7.293548 
7.329031 
7.354838 
7.374193 
7.416128 
7.396773 
7.42258 
7.432257 
7.458064 
7.477418 
7.48387 
7.48387 
7.68387 
7.98387 
8.190321 
8.187096 
8.038708 
7.716128 
7.387096 
7.187096 
7.22258 
7.254838 
7.306451 
7.329031 
7.348386 
7.396773 
7.258064 
6.612903 
8.564515 
12.38064 
11.38709 
7.116128 
5.874193 
6.52258 
6.664515 
6.764515 
6.867741 
6.935483 
7.009676 
7.070967 
7.138709 
7.177419 
7.212903 
7.235483 
7.290322 
7.496773 
7.787096 
8.054838 
8.274192 
8.429031 
8.493547 
8.477418 
8.361289 
8.18387 
7.932257 
7.641935 
7.341935 
7.070967 
6.809677 
6.625806 
6.719354 
6.812902 
6.916128 
6.974193 
7.041934 
7.099999 
7.148386 
7.177419 
7.235483 
7.245161 
7.306451 
7.319354 
7.348386 
7.406451 
7.396773 
7.42258 
7.438709 
7.461289 
7.454838 
7.480644 
7.48387 
7.509676 
7.793548 
8.067741 
8.209676 
8.125805 
7.916128 
7.577418 
7.264515 
7.212903 
7.241935 
7.277419 
7.299999 
7.325806 
7.354838 
7.374193 
6.948386 
7.009676 
10.19354 
12.99032 
9.574193 
6.151612 
6.016128 
6.729032 
6.838709 
6.925806 
6.98387 
7.048386 
7.096773 
7.154838 
7.193548 
7.232257 
7.267741 
7.454838 
7.745161 
8.019353 
8.203225 
8.419354 
8.48387 
8.480644 
8.387096 
8.203225 
7.958064 
7.66129 
7.377418 
7.099999 
6.829031 
6.629032 
6.706451 
6.796773 
6.88387 
6.974193 
6.990322 
7.090322 
7.138709 
7.180644 
7.235483 
7.267741 
7.293548 
7.332257 
7.34516 
7.367741 
7.38387 
7.406451 
7.432257 
7.448386 
7.458064 
7.464515 
7.461289 
7.496773 
7.696774 
7.98387 
8.177418 
8.170967 
7.990322 
7.677419 
7.338709 
7.196774 
7.232257 
7.258064 
7.312902 
7.332257 
7.354838 
7.38387 
7.364515 
6.725806 
7.680644 
11.31612 
12.41612 
8.354838 
5.958064 
6.248386 
6.632257 
6.758064 
6.816128 
6.92258 
6.964515 
7.061289 
7.093547 
7.148386 
7.209677 
7.267741 
7.296773 
7.464515 
7.780644 
8.048386 
8.261289 
8.441934 
8.487095 
8.461289 
8.387096 
8.206451 
7.958064 
7.667741 
7.393548 
7.064515 
6.841935 
6.654838 
6.719354 
6.787096 
6.899999 
6.948386 
7.02258 
7.093547 
7.141935 
7.174193 
7.245161 
7.277419 
7.306451 
7.329031 
7.351612 
7.387096 
7.399999 
7.416128 
7.432257 
7.438709 
7.458064 
7.464515 
7.477418 
7.490322 
7.777419 
8.04516 
8.199999 
8.141935 
7.938709 
7.606451 
7.277419 
7.196774 
7.251612 
7.287096 
7.325806 
7.335483 
7.361289 
7.390322 
7.019354 
6.851612 
9.874193 
12.99999 
9.916128 
6.277419 
5.954838 
6.590322 
6.696774 
6.819354 
6.870967 
6.961289 
7.019354 
7.08387 
7.12258 
7.180644 
7.219354 
7.258064 
7.341935 
7.645161 
7.932257 
8.174193 
8.354838 
8.464515 
8.493547 
8.441934 
8.261289 
8.041934 
7.780644 
7.490322 
7.187096 
6.92258 
6.729032 
6.677419 
6.774193 
6.874193 
6.948386 
7.012902 
7.093547 
7.12258 
7.174193 
7.22258 
7.264515 
7.28387 
7.316128 
7.354838 
7.399999 
7.406451 
7.419354 
7.416128 
7.44516 
7.458064 
7.467741 
7.474193 
7.470967 
7.490322 
7.506451 
7.448386 
7.241935 
6.964515 
6.299999 
5.145161 
4.216128 
3.370967 
4.299999 
5.651612 
7.370967 
8.487095 
9.035483 
9.425806 
9.529031 
9.516128 
9.374193 
9.258064 
9.174193 
9.132257 
9.009676 
9.032257 
8.935482 
8.958064 
9.019353 
8.964515 
8.935482 
8.819354 
8.612902 
8.303225 
7.916128 
7.58387 
7.270967 
7.025805 
6.877418 
6.764515 
6.612903 
6.590322 
6.629032 
6.745161 
6.832257 
6.916128 
6.961289 
7.048386 
7.106451 
7.138709 
7.190322 
7.22258 
7.251612 
7.274193 
7.316128 
7.354838 
7.351612 
7.377418 
7.406451 
7.409677 
7.416128 
7.441935 
7.435483 
7.461289 
7.451612 
7.490322 
7.467741 
7.493547 
7.503225 
7.493547 
7.512902 
7.570967 
7.877418 
8.116127 
8.235483 
8.122579 
7.858064 
7.516128 
7.219354 
7.245161 
7.277419 
7.293548 
7.303225 
7.351612 
7.361289 
7.341935 
6.764515 
7.461289 
11.00322 
12.6387 
8.732257 
5.999999 
6.154838 
6.632257 
6.735483 
6.819354 
6.867741 
6.970967 
7.029031 
7.093547 
7.132257 
7.196774 
7.229032 
7.258064 
7.435483 
7.706451 
7.98387 
8.222579 
8.370966 
8.448386 
8.422579 
8.390321 
8.206451 
7.993547 
7.725806 
7.435483 
7.141935 
6.899999 
6.658064 
6.654838 
6.751612 
6.832257 
6.929031 
7.003225 
7.058063 
7.12258 
7.164515 
7.196774 
7.248386 
7.28387 
7.312902 
7.34516 
7.364515 
7.361289 
7.377418 
7.403225 
7.42258 
7.438709 
7.441935 
7.467741 
7.477418 
7.664515 
7.987096 
8.193548 
8.177418 
8.019353 
7.696774 
7.325806 
7.18387 
7.235483 
7.270967 
7.338709 
7.335483 
7.358064 
7.361289 
7.280644 
6.677419 
8.087096 
11.89354 
11.90645 
7.66129 
5.877418 
6.332257 
6.629032 
6.748386 
6.838709 
6.919354 
6.980644 
7.054838 
7.103225 
7.16129 
7.206451 
7.245161 
7.280644 
7.480644 
7.799999 
8.061289 
8.264515 
8.432257 
8.467741 
8.458064 
8.354838 
8.164515 
7.912902 
7.612902 
7.332257 
7.038709 
6.809677 
6.62258 
6.729032 
6.82258 
6.890322 
6.977418 
7.032257 
7.112902 
7.148386 
7.180644 
7.225806 
7.267741 
7.303225 
7.348386 
7.361289 
7.370967 
7.387096 
7.416128 
7.441935 
7.451612 
7.454838 
7.467741 
7.461289 
7.516128 
7.816128 
8.080644 
8.196773 
8.141935 
7.890322 
7.541934 
7.267741 
7.193548 
7.238709 
7.290322 
7.306451 
7.335483 
7.361289 
7.387096 
7.403225 
6.851612 
7.267741 
10.65161 
12.86451 
9.080644 
6.080644 
6.099999 
6.616128 
6.712903 
6.812902 
6.906451 
6.980644 
7.02258 
7.08387 
7.151612 
7.193548 
7.241935 
7.274193 
7.399999 
7.680644 
7.980644 
8.216128 
8.38387 
8.470967 
8.477418 
8.412902 
8.251612 
7.999999 
7.699999 
7.42258 
7.132257 
6.887096 
6.667741 
6.693548 
6.78387 
6.870967 
6.941935 
7.02258 
7.093547 
7.129032 
7.174193 
7.219354 
7.270967 
7.280644 
7.319354 
7.341935 
7.358064 
7.393548 
7.406451 
7.435483 
7.441935 
7.470967 
7.474193 
7.474193 
7.480644 
7.68387 
8.003225 
8.170967 
8.193548 
7.993547 
7.68387 
7.348386 
7.193548 
7.245161 
7.270967 
7.296773 
7.335483 
7.370967 
7.393548 
7.206451 
6.635483 
8.954837 
12.67419 
10.94193 
6.770967 
5.903225 
6.519354 
6.670967 
6.774193 
6.874193 
6.929031 
7.029031 
7.070967 
7.12258 
7.180644 
7.212903 
7.264515 
7.312902 
7.538709 
7.870967 
8.116127 
8.467741 
8.490322 
8.425806 
8.280644 
8.061289 
7.780644 
7.474193 
7.177419 
6.92258 
6.696774 
6.687096 
6.767741 
6.858064 
6.935483 
7.02258 
7.080644 
7.135483 
7.170967 
7.206451 
7.245161 
7.290322 
7.309677 
7.338709 
7.377418 
7.390322 
7.396773 
7.409677 
7.451612 
7.451612 
7.480644 
7.499999 
7.48387 
7.664515 
7.961289 
8.14516 
8.193548 
8.054838 
7.725806 
7.419354 
7.180644 
7.219354 
7.270967 
7.303225 
7.332257 
7.377418 
7.364515 
7.28387 
6.632257 
8.264515 
12.08386 
11.76128 
7.451612 
5.874193 
6.403225 
6.658064 
6.748386 
6.861289 
6.935483 
6.999999 
7.064515 
7.103225 
7.154838 
7.203225 
7.248386 
7.274193 
7.52258 
7.806451 
8.067741 
8.303225 
8.454837 
8.512902 
8.477418 
8.358063 
8.164515 
7.906451 
7.606451 
7.316128 
7.04516 
6.803225 
6.648386 
6.738709 
6.832257 
6.916128 
7.003225 
7.048386 
7.112902 
7.148386 
7.190322 
7.251612 
7.277419 
7.335483 
7.325806 
7.364515 
7.380644 
7.451612 
7.403225 
7.432257 
7.44516 
7.44516 
7.464515 
7.490322 
7.477418 
7.735483 
8.009676 
8.196773 
8.187096 
8.012902 
7.68387 
7.377418 
7.203225 
7.235483 
7.270967 
7.296773 
7.329031 
7.374193 
7.403225 
7.206451 
6.62258 
8.941934 
12.66128 
10.96451 
6.78387 
5.893548 
6.506451 
6.667741 
6.764515 
6.861289 
6.935483 
6.999999 
7.064515 
7.103225 
7.164515 
7.216128 
7.238709 
7.264515 
7.564515 
7.864515 
8.119354 
8.316128 
8.425806 
8.487095 
8.438709 
8.303225 
8.112902 
7.861289 
7.558063 
7.264515 
6.987096 
6.738709 
6.645161 
6.741935 
6.803225 
6.912902 
6.993547 
7.061289 
7.103225 
7.164515 
7.203225 
7.245161 
7.296773 
7.309677 
7.335483 
7.354838 
7.370967 
7.387096 
7.416128 
7.432257 
7.438709 
7.470967 
7.470967 
7.474193 
7.580644 
7.88387 
8.129031 
8.206451 
8.093547 
7.816128 
7.490322 
7.190322 
7.212903 
7.26129 
7.274193 
7.32258 
7.351612 
7.370967 
7.377418 
6.748386 
7.558063 
11.12903 
12.55806 
8.535483 
5.977418 
6.209677 
6.635483 
6.735483 
6.819354 
6.909677 
6.987096 
7.041934 
7.106451 
7.145161 
7.209677 
7.209677 
7.277419 
7.441935 
7.748386 
8.012902 
8.235483 
8.419354 
8.470967 
8.464515 
8.377418 
8.203225 
7.967741 
7.693548 
7.412902 
7.106451 
6.848386 
6.658064 
6.703225 
6.812902 
6.893548 
6.970967 
7.032257 
7.090322 
7.12258 
7.196774 
7.238709 
7.264515 
7.306451 
7.341935 
7.354838 
7.390322 
7.396773 
7.412902 
7.441935 
7.438709 
7.458064 
7.467741 
7.470967 
7.48387 
7.76129 
8.029031 
8.199999 
8.151612 
7.951612 
7.645161 
7.354838 
7.206451 
7.245161 
7.325806 
7.338709 
7.361289 
7.399999 
6.867741 
7.196774 
10.53548 
12.8258 
9.638709 
7.129032 
5.748386 
6.325806 
6.570967 
6.680644 
6.777419 
6.851612 
6.954838 
7.006451 
7.070967 
7.112902 
7.18387 
7.219354 
7.290322 
7.503225 
7.793548 
8.074193 
8.270967 
8.422579 
8.496773 
8.451612 
8.325805 
8.14516 
7.890322 
7.606451 
7.309677 
7.032257 
6.777419 
6.638709 
6.745161 
6.825806 
6.92258 
7.003225 
7.058063 
7.093547 
7.138709 
7.187096 
7.238709 
7.274193 
7.309677 
7.351612 
7.361289 
7.387096 
7.416128 
7.416128 
7.448386 
7.432257 
7.441935 
7.44516 
7.454838 
7.529031 
7.835483 
8.090321 
8.212903 
8.129031 
7.854838 
7.509676 
7.206451 
7.22258 
7.238709 
7.290322 
7.325806 
7.338709 
7.351612 
7.387096 
6.809677 
7.287096 
10.69677 
12.82258 
9.012902 
6.041934 
6.103225 
6.609677 
6.729032 
6.799999 
6.912902 
6.98387 
7.025805 
7.096773 
7.141935 
7.196774 
7.238709 
7.274193 
7.406451 
7.712903 
7.996773 
8.222579 
8.390321 
8.470967 
8.493547 
8.396773 
8.238709 
7.996773 
7.725806 
7.429031 
7.12258 
6.864515 
6.654838 
6.693548 
6.796773 
6.874193 
6.948386 
7.009676 
7.096773 
7.132257 
7.177419 
7.22258 
7.251612 
7.290322 
7.319354 
7.348386 
7.387096 
7.399999 
7.412902 
7.435483 
7.448386 
7.448386 
7.470967 
7.487096 
7.493547 
7.729032 
8.016128 
8.170967 
8.167741 
7.958064 
7.667741 
7.325806 
7.193548 
7.235483 
7.267741 
7.316128 
7.341935 
7.354838 
7.370967 
7.148386 
6.68387 
9.264515 
12.8387 
10.60322 
6.567741 
5.893548 
6.551612 
6.674193 
6.774193 
6.874193 
6.94516 
7.019354 
7.074193 
7.129032 
7.177419 
7.216128 
7.264515 
7.312902 
7.606451 
7.887096 
8.106451 
8.325805 
8.454837 
8.499999 
8.412902 
8.287096 
8.074193 
7.832257 
7.538709 
7.225806 
6.951612 
6.725806 
6.658064 
6.774193 
6.858064 
6.935483 
7.019354 
7.070967 
7.138709 
7.187096 
7.229032 
7.270967 
7.293548 
7.316128 
7.354838 
7.38387 
7.38387 
7.403225 
7.42258 
7.44516 
7.451612 
7.477418 
7.48387 
7.48387 
7.609676 
7.909677 
8.135483 
8.212903 
8.096773 
7.790322 
7.432257 
7.199999 
7.216128 
7.264515 
7.296773 
7.309677 
7.354838 
7.374193 
7.351612 
6.687096 
7.858064 
11.59354 
12.17741 
8.016128 
5.909677 
6.303225 
6.645161 
6.745161 
6.841935 
6.919354 
6.987096 
7.048386 
7.106451 
7.164515 
7.206451 
7.251612 
7.287096 
7.477418 
7.770967 
8.058063 
8.270967 
8.406451 
8.474192 
8.470967 
8.354838 
8.180644 
7.932257 
7.651612 
7.332257 
7.070967 
6.82258 
6.635483 
6.709677 
6.82258 
6.919354 
6.974193 
7.106451 
7.174193 
7.180644 
7.258064 
7.28387 
7.316128 
7.329031 
7.367741 
7.387096 
7.396773 
7.419354 
7.429031 
7.44516 
7.474193 
7.48387 
7.487096 
7.551612 
7.851612 
8.109676 
8.209676 
8.164515 
7.829031 
7.509676 
7.203225 
7.212903 
7.254838 
7.274193 
7.319354 
7.335483 
7.367741 
7.380644 
6.787096 
7.458064 
10.96128 
12.69032 
8.722579 
6.012902 
6.154838 
6.609677 
6.745161 
6.825806 
6.893548 
6.980644 
7.051612 
7.116128 
7.151612 
7.206451 
7.258064 
7.280644 
7.425806 
7.729032 
7.993547 
8.229031 
8.396773 
8.493547 
8.454837 
8.390321 
8.225806 
7.98387 
7.693548 
7.409677 
7.109676 
6.832257 
6.654838 
6.670967 
6.812902 
6.854838 
6.977418 
7.029031 
7.090322 
7.148386 
7.212903 
7.245161 
7.277419 
7.309677 
7.319354 
7.354838 
7.377418 
7.419354 
7.42258 
7.435483 
7.44516 
7.48387 
7.470967 
7.506451 
7.503225 
7.738709 
8.032257 
8.193548 
8.174193 
7.951612 
7.648386 
7.332257 
7.216128 
7.264515 
7.290322 
7.32258 
7.325806 
7.351612 
7.370967 
7.103225 
6.716128 
9.422579 
12.89999 
10.38064 
6.458064 
5.925806 
6.551612 
6.690322 
6.770967 
6.877418 
6.948386 
7.025805 
7.077418 
7.141935 
7.18387 
7.225806 
7.26129 
7.335483 
7.625806 
7.896773 
8.154838 
8.348386 
8.458064 
8.499999 
8.432257 
8.290322 
8.135483 
7.874193 
7.587096 
7.290322 
7.009676 
6.767741 
6.619354 
6.716128 
6.799999 
6.874193 
6.970967 
7.035483 
7.096773 
7.154838 
7.187096 
7.229032 
7.277419 
7.296773 
7.338709 
7.370967 
7.374193 
7.390322 
7.438709 
7.44516 
7.451612 
7.454838 
7.477418 
7.48387 
7.535483 
7.516128 
7.48387 
7.335483 
7.064515 
6.551612 
5.48387 
4.393548 
3.554838 
3.954838 
5.280644 
7.012902 
8.290322 
8.938709 
9.312902 
9.567741 
9.50645 
9.396773 
9.264515 
9.164515 
9.138709 
9.025805 
9.074193 
8.935482 
8.977418 
8.977418 
8.996773 
8.961289 
8.858063 
8.680644 
8.416128 
8.003225 
7.667741 
7.341935 
7.077418 
6.916128 
6.803225 
6.670967 
6.677419 
6.625806 
6.716128 
6.812902 
6.887096 
6.961289 
7.019354 
7.087096 
7.132257 
7.18387 
7.219354 
7.26129 
7.287096 
7.316128 
7.34516 
7.351612 
7.390322 
7.393548 
7.412902 
7.44516 
7.464515 
7.461289 
7.496773 
7.503225 
7.503225 
7.509676 
7.516128 
7.490322 
7.509676 
7.525805 
7.506451 
7.516128 
7.741935 
7.999999 
8.190321 
8.190321 
8.012902 
7.693548 
7.364515 
7.22258 
7.241935 
7.241935 
7.270967 
7.325806 
7.338709 
7.348386 
7.190322 
6.587096 
8.941934 
12.65161 
10.90322 
6.758064 
5.858064 
6.499999 
6.658064 
6.748386 
6.84516 
7.006451 
7.067741 
7.119354 
7.164515 
7.190322 
7.245161 
7.348386 
7.625806 
7.932257 
8.170967 
8.34516 
8.461289 
8.467741 
8.390321 
8.258064 
8.038708 
7.774193 
7.467741 
7.170967 
6.903225 
6.680644 
6.667741 
6.76129 
6.848386 
6.941935 
6.996773 
7.064515 
7.132257 
7.167741 
7.206451 
7.241935 
7.299999 
7.299999 
7.341935 
7.370967 
7.380644 
7.409677 
7.419354 
7.435483 
7.451612 
7.458064 
7.461289 
7.477418 
7.66129 
7.941935 
8.151612 
8.193548 
8.038708 
7.725806 
7.409677 
7.196774 
7.245161 
7.258064 
7.28387 
7.361289 
7.348386 
7.364515 
7.248386 
6.593547 
8.467741 
12.30645 
11.50322 
7.209677 
5.880644 
6.429031 
6.654838 
6.745161 
6.864515 
6.935483 
7.012902 
7.051612 
7.119354 
7.180644 
7.203225 
7.251612 
7.270967 
7.52258 
7.82258 
8.080644 
8.28387 
8.429031 
8.503225 
8.448386 
8.338708 
8.151612 
7.880644 
7.587096 
7.290322 
7.006451 
6.774193 
6.625806 
6.745161 
6.832257 
6.903225 
6.980644 
7.048386 
7.12258 
7.158064 
7.209677 
7.235483 
7.270967 
7.316128 
7.341935 
7.364515 
7.380644 
7.419354 
7.425806 
7.44516 
7.451612 
7.454838 
7.464515 
7.477418 
7.538709 
7.841935 
8.099999 
8.209676 
8.109676 
7.854838 
7.503225 
7.216128 
7.209677 
7.245161 
7.303225 
7.306451 
7.354838 
7.367741 
7.390322 
6.812902 
7.377418 
10.83548 
12.74193 
8.854838 
6.003225 
6.129032 
6.619354 
6.725806 
6.829031 
6.909677 
6.967741 
7.032257 
7.099999 
7.145161 
7.212903 
7.258064 
7.26129 
7.416128 
7.735483 
7.990322 
8.229031 
8.393548 
8.467741 
8.470967 
8.380644 
8.209676 
7.98387 
7.706451 
7.399999 
7.093547 
6.832257 
6.677419 
6.703225 
6.799999 
6.880644 
6.94516 
7.025805 
7.080644 
7.141935 
7.174193 
7.251612 
7.270967 
7.306451 
7.338709 
7.367741 
7.38387 
7.380644 
7.412902 
7.435483 
7.451612 
7.454838 
7.474193 
7.458064 
7.48387 
7.754838 
8.035483 
8.206451 
8.187096 
7.980644 
7.651612 
7.338709 
7.199999 
7.238709 
7.274193 
7.303225 
7.329031 
7.358064 
7.390322 
7.132257 
6.687096 
9.348386 
12.88386 
10.47741 
6.532257 
5.899999 
6.541934 
6.674193 
6.774193 
6.88387 
6.951612 
7.019354 
7.064515 
7.141935 
7.164515 
7.219354 
7.251612 
7.319354 
7.609676 
7.870967 
8.14516 
8.338708 
8.467741 
8.493547 
8.451612 
8.293547 
8.096773 
7.829031 
7.529031 
7.241935 
6.951612 
6.719354 
6.638709 
6.758064 
6.825806 
6.903225 
6.993547 
7.061289 
7.103225 
7.16129 
7.206451 
7.238709 
7.28387 
7.312902 
7.341935 
7.374193 
7.380644 
7.419354 
7.425806 
7.432257 
7.461289 
7.464515 
7.490322 
7.651612 
7.94516 
8.148386 
8.196773 
8.061289 
7.758064 
7.432257 
7.180644 
7.225806 
7.267741 
7.290322 
7.325806 
7.380644 
7.374193 
7.325806 
6.651612 
8.135483 
11.94838 
11.87741 
7.629032 
5.887096 
6.364515 
6.641935 
6.751612 
6.848386 
6.935483 
6.993547 
7.070967 
7.112902 
7.187096 
7.209677 
7.251612 
7.306451 
7.52258 
7.809677 
8.058063 
8.267741 
8.396773 
8.48387 
8.464515 
8.354838 
8.167741 
7.929031 
7.62258 
7.329031 
7.035483 
6.787096 
6.635483 
6.738709 
6.819354 
6.906451 
6.974193 
7.041934 
7.093547 
7.154838 
7.196774 
7.248386 
7.274193 
7.296773 
7.338709 
7.364515 
7.393548 
7.390322 
7.42258 
7.438709 
7.44516 
7.470967 
7.490322 
7.48387 
7.512902 
7.809677 
8.080644 
8.219354 
8.141935 
7.912902 
7.558063 
7.264515 
7.22258 
7.251612 
7.28387 
7.316128 
7.351612 
7.364515 
7.390322 
6.890322 
6.654838 
8.922579 
12.66774 
11.05483 
6.854838 
5.909677 
6.512902 
6.693548 
6.793548 
6.861289 
6.951612 
7.006451 
7.08387 
7.125806 
7.174193 
7.232257 
7.258064 
7.319354 
7.590322 
7.877418 
8.135483 
8.329031 
8.44516 
8.50645 
8.464515 
8.312902 
8.116127 
7.864515 
7.541934 
7.270967 
6.999999 
6.748386 
6.648386 
6.758064 
6.841935 
6.929031 
6.990322 
7.058063 
7.112902 
7.170967 
7.206451 
7.245161 
7.28387 
7.309677 
7.34516 
7.370967 
7.374193 
7.409677 
7.441935 
7.432257 
7.44516 
7.441935 
7.48387 
7.464515 
7.574193 
7.880644 
8.132257 
8.219354 
8.090321 
7.838709 
7.477418 
7.203225 
7.216128 
7.26129 
7.287096 
7.319354 
7.361289 
7.377418 
7.361289 
6.738709 
7.580644 
11.20322 
12.51935 
8.464515 
5.967741 
6.22258 
6.629032 
6.751612 
6.82258 
6.903225 
6.977418 
7.035483 
7.109676 
7.16129 
7.206451 
7.245161 
7.28387 
7.42258 
7.751612 
8.00645 
8.248386 
8.429031 
8.50645 
8.496773 
8.406451 
8.216128 
7.980644 
7.754838 
7.548386 
7.241935 
6.974193 
6.745161 
6.635483 
6.745161 
6.84516 
6.909677 
6.977418 
7.058063 
7.116128 
7.151612 
7.196774 
7.248386 
7.267741 
7.303225 
7.361289 
7.367741 
7.387096 
7.409677 
7.409677 
7.406451 
7.454838 
7.454838 
7.477418 
7.493547 
7.574193 
7.893548 
8.132257 
8.206451 
8.116127 
7.790322 
7.493547 
7.206451 
7.22258 
7.254838 
7.280644 
7.367741 
7.335483 
7.361289 
7.387096 
6.848386 
7.232257 
10.59677 
12.85806 
9.164515 
6.074193 
6.099999 
6.619354 
6.729032 
6.82258 
6.877418 
6.961289 
7.032257 
7.096773 
7.141935 
7.196774 
7.229032 
7.264515 
7.393548 
7.690322 
7.990322 
8.219354 
8.38387 
8.477418 
8.474192 
8.409676 
7.948386 
7.654838 
7.374193 
7.067741 
6.832257 
6.638709 
6.729032 
6.812902 
6.896773 
6.964515 
7.02258 
7.093547 
7.129032 
7.180644 
7.203225 
7.267741 
7.299999 
7.325806 
7.34516 
7.390322 
7.412902 
7.416128 
7.438709 
7.458064 
7.470967 
7.474193 
7.480644 
7.499999 
7.68387 
7.993547 
8.170967 
8.199999 
8.035483 
7.716128 
7.390322 
7.190322 
7.241935 
7.264515 
7.299999 
7.325806 
7.364515 
7.361289 
7.232257 
6.577418 
8.64516 
12.41935 
11.34193 
7.074193 
5.854838 
6.464515 
6.664515 
6.76129 
6.838709 
6.92258 
7.009676 
7.077418 
7.129032 
7.170967 
7.209677 
7.241935 
7.270967 
7.558063 
7.84516 
8.116127 
8.319354 
8.438709 
8.490322 
8.448386 
8.329031 
8.148386 
7.887096 
7.580644 
7.280644 
7.009676 
6.764515 
6.645161 
6.741935 
6.819354 
6.896773 
6.961289 
7.009676 
7.106451 
7.174193 
7.219354 
7.258064 
7.280644 
7.316128 
7.348386 
7.377418 
7.416128 
7.416128 
7.425806 
7.425806 
7.454838 
7.477418 
7.474193 
7.48387 
7.503225 
7.825806 
8.070966 
8.193548 
8.167741 
7.92258 
7.580644 
7.245161 
7.196774 
7.232257 
7.293548 
7.32258 
7.34516 
7.341935 
7.387096 
6.935483 
6.961289 
10.11935 
13.00322 
9.622579 
6.164515 
6.006451 
6.58387 
6.699999 
6.78387 
6.864515 
6.951612 
7.025805 
7.08387 
7.135483 
7.177419 
7.232257 
7.245161 
7.354838 
7.654838 
7.941935 
8.193548 
8.361289 
8.464515 
8.474192 
8.412902 
8.241934 
8.035483 
7.745161 
7.470967 
7.16129 
6.896773 
6.68387 
6.687096 
6.78387 
6.864515 
6.954838 
7.019354 
7.070967 
7.129032 
7.170967 
7.216128 
7.26129 
7.293548 
7.319354 
7.341935 
7.380644 
7.406451 
7.412902 
7.432257 
7.470967 
7.464515 
7.477418 
7.48387 
7.477418 
7.619354 
7.92258 
8.151612 
8.212903 
8.087096 
7.806451 
7.448386 
7.203225 
7.225806 
7.258064 
7.274193 
7.32258 
7.351612 
7.354838 
7.329031 
6.680644 
7.88387 
11.59677 
12.20322 
7.996773 
5.909677 
6.287096 
6.638709 
6.748386 
6.851612 
6.909677 
6.999999 
7.04516 
7.109676 
7.16129 
7.206451 
7.251612 
7.28387 
7.461289 
7.777419 
8.038708 
8.245161 
8.367741 
8.50645 
8.474192 
8.38387 
8.18387 
7.941935 
7.66129 
7.364515 
7.080644 
6.812902 
6.645161 
6.716128 
6.796773 
6.890322 
6.970967 
7.032257 
7.08387 