 
7.351612 
7.319354 
6.658064 
8.080644 
11.86451 
11.9387 
7.729032 
5.890322 
6.351612 
6.654838 
6.745161 
6.848386 
6.929031 
6.980644 
7.058063 
7.093547 
7.164515 
7.219354 
7.258064 
7.274193 
7.496773 
7.799999 
8.064515 
8.264515 
8.419354 
8.496773 
8.454837 
8.348386 
8.148386 
7.92258 
7.629032 
7.332257 
7.041934 
6.799999 
6.619354 
6.725806 
6.809677 
6.899999 
6.98387 
7.041934 
7.103225 
7.158064 
7.196774 
7.251612 
7.277419 
7.309677 
7.348386 
7.358064 
7.380644 
7.393548 
7.403225 
7.42258 
7.451612 
7.470967 
7.477418 
7.480644 
7.499999 
7.832257 
8.083869 
8.216128 
8.151612 
7.929031 
7.619354 
7.287096 
7.196774 
7.225806 
7.267741 
7.309677 
7.341935 
7.348386 
7.361289 
7.038709 
6.819354 
9.751612 
12.98064 
10.06451 
6.325806 
5.951612 
6.574193 
6.703225 
6.767741 
6.887096 
6.958064 
7.016128 
7.096773 
7.158064 
7.18387 
7.219354 
7.270967 
7.34516 
7.645161 
7.903225 
8.187096 
8.351612 
8.487095 
8.503225 
8.432257 
8.241934 
8.032257 
7.790322 
7.48387 
7.196774 
6.929031 
6.703225 
6.66129 
6.780644 
6.858064 
6.932257 
6.993547 
7.070967 
7.125806 
7.18387 
7.209677 
7.245161 
7.293548 
7.319354 
7.354838 
7.380644 
7.374193 
7.425806 
7.432257 
7.438709 
7.451612 
7.461289 
7.477418 
7.474193 
7.658064 
7.941935 
8.180644 
8.190321 
8.035483 
7.735483 
7.406451 
7.235483 
7.28387 
7.316128 
7.335483 
7.364515 
7.361289 
7.145161 
6.66129 
9.270967 
12.82903 
10.57741 
6.567741 
5.903225 
6.558063 
6.687096 
6.787096 
6.864515 
6.94516 
7.019354 
7.08387 
7.135483 
7.177419 
7.225806 
7.26129 
7.299999 
7.596773 
7.88387 
8.129031 
8.329031 
8.448386 
8.50645 
8.425806 
8.303225 
8.109676 
7.84516 
7.54516 
7.245161 
6.980644 
6.735483 
6.648386 
6.751612 
6.854838 
6.932257 
6.987096 
7.051612 
7.119354 
7.170967 
7.212903 
7.229032 
7.287096 
7.312902 
7.341935 
7.364515 
7.393548 
7.419354 
7.416128 
7.448386 
7.435483 
7.451612 
7.477418 
7.464515 
7.606451 
7.909677 
8.129031 
8.206451 
8.087096 
7.796773 
7.451612 
7.193548 
7.219354 
7.277419 
7.293548 
7.306451 
7.354838 
7.380644 
7.338709 
6.687096 
7.864515 
11.58709 
12.18064 
8.032257 
5.925806 
6.309677 
6.658064 
6.751612 
6.851612 
6.899999 
6.996773 
7.064515 
7.103225 
7.177419 
7.206451 
7.245161 
7.274193 
7.487096 
7.774193 
8.032257 
8.274192 
8.432257 
8.512902 
8.474192 
8.358063 
8.193548 
7.94516 
7.654838 
7.348386 
7.064515 
6.838709 
6.632257 
6.709677 
6.829031 
6.929031 
6.98387 
7.051612 
7.099999 
7.138709 
7.193548 
7.219354 
7.267741 
7.309677 
7.335483 
7.364515 
7.38387 
7.393548 
7.406451 
7.451612 
7.438709 
7.467741 
7.477418 
7.503225 
7.490322 
7.793548 
8.054838 
8.216128 
8.151612 
7.916128 
7.570967 
7.26129 
7.219354 
7.254838 
7.270967 
7.312902 
7.332257 
7.348386 
7.380644 
6.970967 
6.932257 
10.07419 
13.00644 
9.696773 
6.187096 
6.016128 
6.612903 
6.696774 
6.803225 
6.880644 
6.958064 
7.035483 
7.090322 
7.154838 
7.177419 
7.209677 
7.264515 
7.38387 
7.667741 
7.948386 
8.199999 
8.370966 
8.470967 
8.512902 
8.416128 
8.261289 
8.038708 
7.777419 
7.477418 
7.154838 
6.916128 
6.699999 
6.687096 
6.78387 
6.861289 
6.94516 
7.016128 
7.080644 
7.129032 
7.193548 
7.235483 
7.26129 
7.309677 
7.338709 
7.358064 
7.380644 
7.387096 
7.419354 
7.435483 
7.448386 
7.448386 
7.477418 
7.487096 
7.496773 
7.680644 
7.977418 
8.18387 
8.199999 
8.04516 
7.72258 
7.403225 
7.190322 
7.235483 
7.264515 
7.277419 
7.325806 
7.354838 
7.370967 
7.274193 
6.596773 
8.496773 
12.32257 
11.45483 
7.187096 
5.870967 
6.432257 
6.670967 
6.751612 
6.838709 
6.938709 
7.006451 
7.080644 
7.116128 
7.158064 
7.209677 
7.251612 
7.293548 
7.548386 
7.825806 
8.106451 
8.309677 
8.435482 
8.499999 
8.467741 
8.329031 
8.148386 
7.88387 
7.587096 
7.296773 
7.025805 
6.787096 
6.638709 
6.735483 
6.829031 
7.012902 
7.067741 
7.119354 
7.170967 
7.212903 
7.238709 
7.290322 
7.306451 
7.338709 
7.380644 
7.396773 
7.416128 
7.425806 
7.448386 
7.477418 
7.493547 
7.499999 
7.477418 
7.619354 
7.932257 
8.151612 
8.203225 
8.054838 
7.774193 
7.438709 
7.170967 
7.22258 
7.28387 
7.296773 
7.325806 
7.361289 
7.370967 
7.338709 
6.66129 
7.980644 
11.77096 
12.03548 
7.848386 
5.899999 
6.316128 
6.632257 
6.741935 
6.835483 
6.92258 
6.974193 
7.032257 
7.109676 
7.154838 
7.196774 
7.241935 
7.277419 
7.48387 
7.780644 
8.048386 
8.277419 
8.403224 
8.474192 
8.454837 
8.351612 
8.167741 
7.919354 
7.638709 
7.348386 
7.061289 
6.816128 
6.645161 
6.741935 
6.832257 
6.909677 
7.029031 
7.054838 
7.106451 
7.158064 
7.206451 
7.232257 
7.274193 
7.338709 
7.335483 
7.364515 
7.377418 
7.390322 
7.42258 
7.44516 
7.448386 
7.464515 
7.464515 
7.487096 
7.525805 
7.519354 
7.506451 
7.351612 
7.099999 
6.674193 
5.674193 
4.458064 
3.619354 
3.867741 
5.180644 
6.88387 
8.216128 
8.880644 
9.277419 
9.567741 
9.487095 
9.425806 
9.248386 
9.177418 
9.135482 
9.04516 
9.054838 
8.948386 
8.970967 
8.990322 
9.04516 
8.977418 
8.893548 
8.712903 
8.44516 
8.067741 
7.703225 
7.358064 
7.08387 
6.951612 
6.809677 
6.687096 
6.667741 
6.593547 
6.703225 
6.78387 
6.88387 
6.961289 
7.009676 
7.093547 
7.119354 
7.151612 
7.196774 
7.241935 
7.270967 
7.303225 
7.341935 
7.348386 
7.396773 
7.38387 
7.390322 
7.432257 
7.42258 
7.438709 
7.464515 
7.477418 
7.48387 
7.48387 
7.493547 
7.503225 
7.487096 
7.503225 
7.509676 
7.512902 
7.674193 
7.954838 
8.177418 
8.199999 
8.051611 
7.741935 
7.393548 
7.180644 
7.225806 
7.251612 
7.296773 
7.274193 
7.34516 
7.361289 
7.277419 
6.612903 
8.370966 
12.18387 
11.59677 
7.299999 
5.864515 
6.393548 
6.651612 
6.735483 
6.832257 
6.92258 
6.98387 
7.051612 
7.109676 
7.129032 
7.193548 
7.229032 
7.251612 
7.509676 
7.803225 
8.058063 
8.28387 
8.425806 
8.477418 
8.435482 
8.325805 
8.158063 
7.887096 
7.587096 
7.293548 
7.006451 
6.767741 
6.612903 
6.709677 
6.825806 
6.890322 
6.977418 
7.051612 
7.106451 
7.145161 
7.190322 
7.229032 
7.267741 
7.309677 
7.316128 
7.351612 
7.370967 
7.387096 
7.409677 
7.429031 
7.432257 
7.44516 
7.470967 
7.480644 
7.493547 
7.767741 
8.038708 
8.209676 
8.154838 
7.929031 
7.580644 
7.270967 
7.199999 
7.245161 
7.28387 
7.296773 
7.329031 
7.354838 
7.364515 
6.993547 
6.874193 
9.935482 
12.98709 
9.816128 
6.225806 
5.970967 
6.587096 
6.696774 
6.899999 
6.951612 
7.041934 
7.119354 
7.164515 
7.18387 
7.232257 
7.254838 
7.42258 
7.719354 
7.990322 
8.229031 
8.393548 
8.480644 
8.470967 
8.38387 
8.212903 
7.980644 
7.706451 
7.412902 
7.099999 
6.864515 
6.654838 
6.693548 
6.793548 
6.88387 
6.974193 
7.032257 
7.077418 
7.141935 
7.174193 
7.212903 
7.254838 
7.28387 
7.32258 
7.329031 
7.370967 
7.406451 
7.416128 
7.42258 
7.425806 
7.441935 
7.464515 
7.48387 
7.493547 
7.725806 
8.009676 
8.167741 
8.170967 
7.967741 
7.66129 
7.325806 
7.190322 
7.238709 
7.277419 
7.303225 
7.329031 
7.354838 
7.364515 
7.141935 
6.667741 
9.254837 
12.83225 
10.58064 
6.551612 
5.903225 
6.541934 
6.696774 
6.790322 
6.877418 
6.954838 
7.032257 
7.077418 
7.109676 
7.16129 
7.199999 
7.251612 
7.306451 
7.619354 
7.890322 
8.151612 
8.332257 
8.467741 
8.496773 
8.432257 
8.290322 
8.077418 
7.819354 
7.519354 
7.232257 
6.938709 
6.72258 
6.648386 
6.748386 
6.848386 
6.92258 
6.987096 
7.067741 
7.125806 
7.167741 
7.22258 
7.254838 
7.277419 
7.319354 
7.341935 
7.367741 
7.403225 
7.416128 
7.438709 
7.448386 
7.464515 
7.48387 
7.477418 
7.470967 
7.609676 
7.916128 
8.135483 
8.203225 
8.087096 
7.793548 
7.44516 
7.193548 
7.216128 
7.277419 
7.290322 
7.338709 
7.361289 
7.377418 
7.319354 
6.68387 
7.867741 
11.58386 
12.18387 
8.003225 
5.903225 
6.287096 
6.635483 
6.764515 
6.819354 
6.909677 
6.935483 
7.04516 
7.103225 
7.158064 
7.203225 
7.245161 
7.267741 
7.48387 
7.758064 
8.032257 
8.245161 
8.425806 
8.548386 
8.467741 
8.370966 
8.187096 
7.948386 
7.664515 
7.361289 
7.070967 
6.832257 
6.638709 
6.729032 
6.832257 
6.903225 
6.980644 
7.019354 
7.074193 
7.141935 
7.174193 
7.232257 
7.254838 
7.303225 
7.325806 
7.34516 
7.370967 
7.403225 
7.403225 
7.435483 
7.448386 
7.470967 
7.48387 
7.474193 
7.512902 
7.793548 
8.067741 
8.199999 
8.151612 
7.916128 
7.635483 
7.325806 
7.199999 
7.241935 
7.270967 
7.296773 
7.319354 
7.351612 
7.380644 
7.096773 
6.712903 
9.464515 
12.90645 
10.35161 
6.435483 
5.919354 
6.561289 
6.687096 
6.796773 
6.893548 
6.954838 
7.02258 
7.093547 
7.158064 
7.187096 
7.248386 
7.26129 
7.332257 
7.619354 
7.909677 
8.158063 
8.348386 
8.470967 
8.52258 
8.432257 
8.299999 
8.064515 
7.816128 
7.499999 
7.209677 
6.951612 
6.716128 
6.664515 
6.787096 
6.874193 
6.92258 
7.006451 
7.058063 
7.116128 
7.174193 
7.22258 
7.254838 
7.299999 
7.316128 
7.338709 
7.361289 
7.387096 
7.403225 
7.42258 
7.435483 
7.464515 
7.458064 
7.487096 
7.709677 
7.98387 
8.167741 
8.180644 
7.980644 
7.68387 
7.338709 
7.196774 
7.225806 
7.254838 
7.287096 
7.312902 
7.341935 
7.367741 
7.187096 
6.638709 
8.980644 
12.69354 
10.89354 
6.719354 
5.870967 
6.519354 
6.693548 
6.780644 
6.867741 
6.941935 
6.993547 
7.070967 
7.116128 
7.18387 
7.209677 
7.258064 
7.309677 
7.590322 
7.874193 
8.119354 
8.335483 
8.464515 
8.567741 
8.441934 
8.296773 
8.099999 
7.848386 
7.541934 
7.229032 
6.964515 
6.741935 
6.664515 
6.754838 
6.851612 
6.916128 
7.003225 
7.054838 
7.119354 
7.174193 
7.212903 
7.254838 
7.280644 
7.325806 
7.364515 
7.374193 
7.409677 
7.419354 
7.419354 
7.44516 
7.461289 
7.470967 
7.470967 
7.487096 
7.612902 
7.919354 
8.148386 
8.206451 
8.070966 
7.793548 
7.44516 
7.187096 
7.232257 
7.270967 
7.287096 
7.332257 
7.351612 
7.374193 
7.34516 
6.664515 
7.941935 
11.66451 
12.12903 
7.919354 
5.906451 
6.312902 
6.635483 
6.748386 
6.829031 
6.919354 
6.990322 
7.064515 
7.112902 
7.158064 
7.193548 
7.248386 
7.277419 
7.499999 
7.790322 
7.874193 
8.090321 
8.290322 
8.435482 
8.467741 
8.416128 
8.287096 
8.103224 
7.835483 
7.538709 
7.254838 
6.967741 
6.735483 
6.645161 
6.735483 
6.84516 
6.906451 
6.993547 
7.064515 
7.12258 
7.170967 
7.216128 
7.258064 
7.270967 
7.309677 
7.348386 
7.338709 
7.409677 
7.419354 
7.44516 
7.438709 
7.464515 
7.467741 
7.470967 
7.487096 
7.606451 
7.88387 
8.112902 
8.180644 
8.099999 
7.816128 
7.474193 
7.196774 
7.22258 
7.26129 
7.290322 
7.325806 
7.354838 
7.377418 
7.358064 
6.709677 
7.719354 
11.40322 
12.37741 
8.229031 
5.935483 
6.270967 
6.625806 
6.748386 
6.835483 
6.903225 
6.987096 
7.058063 
7.109676 
7.180644 
7.196774 
7.264515 
7.264515 
7.399999 
7.712903 
7.980644 
8.241934 
8.406451 
8.480644 
8.480644 
8.387096 
8.229031 
8.003225 
7.719354 
7.441935 
7.148386 
6.867741 
6.677419 
6.706451 
6.796773 
6.899999 
6.961289 
7.02258 
7.090322 
7.151612 
7.199999 
7.232257 
7.290322 
7.306451 
7.325806 
7.354838 
7.393548 
7.409677 
7.419354 
7.425806 
7.448386 
7.448386 
7.44516 
7.496773 
7.48387 
7.735483 
8.02258 
8.196773 
8.170967 
7.999999 
7.664515 
7.316128 
7.203225 
7.229032 
7.287096 
7.319354 
7.332257 
7.380644 
7.390322 
7.135483 
6.654838 
9.251612 
12.8258 
10.59032 
6.558063 
5.896773 
6.554838 
6.696774 
6.78387 
6.870967 
6.958064 
7.029031 
7.077418 
7.145161 
7.180644 
7.209677 
7.248386 
7.32258 
7.616128 
7.880644 
8.138709 
8.341935 
8.458064 
8.503225 
8.251612 
8.025805 
7.754838 
7.464515 
7.18387 
6.938709 
6.716128 
6.677419 
6.787096 
6.874193 
6.951612 
7.029031 
7.087096 
7.12258 
7.18387 
7.22258 
7.26129 
7.267741 
7.319354 
7.341935 
7.364515 
7.399999 
7.416128 
7.425806 
7.44516 
7.464515 
7.467741 
7.480644 
7.48387 
7.606451 
7.919354 
8.151612 
8.209676 
8.087096 
7.764515 
7.441935 
7.187096 
7.241935 
7.254838 
7.309677 
7.32258 
7.351612 
7.370967 
7.329031 
6.770967 
7.512902 
11.10645 
12.58709 
8.587096 
5.990322 
6.212903 
6.62258 
6.745161 
6.841935 
6.906451 
6.967741 
7.061289 
7.106451 
7.158064 
7.199999 
7.245161 
7.277419 
7.441935 
7.735483 
8.012902 
8.251612 
8.396773 
8.464515 
8.470967 
8.387096 
8.212903 
7.980644 
7.703225 
7.390322 
7.080644 
6.838709 
6.638709 
6.72258 
6.829031 
6.896773 
6.987096 
7.051612 
7.093547 
7.151612 
7.196774 
7.238709 
7.280644 
7.303225 
7.329031 
7.370967 
7.374193 
7.406451 
7.416128 
7.438709 
7.454838 
7.464515 
7.470967 
7.480644 
7.48387 
7.754838 
8.02258 
8.193548 
8.16129 
7.948386 
7.629032 
7.306451 
7.196774 
7.248386 
7.26129 
7.306451 
7.348386 
7.367741 
7.387096 
7.067741 
6.748386 
9.632257 
12.96128 
10.16774 
6.367741 
5.916128 
6.570967 
6.693548 
6.793548 
6.887096 
6.970967 
7.025805 
7.054838 
7.145161 
7.18387 
7.235483 
7.264515 
7.348386 
7.645161 
7.919354 
8.174193 
8.34516 
8.458064 
8.490322 
8.425806 
8.277419 
8.058063 
7.790322 
7.503225 
7.209677 
6.935483 
6.706451 
6.664515 
6.767741 
6.874193 
6.935483 
7.009676 
7.077418 
7.132257 
7.187096 
7.22258 
7.264515 
7.303225 
7.325806 
7.338709 
7.377418 
7.399999 
7.416128 
7.435483 
7.451612 
7.451612 
7.477418 
7.477418 
7.474193 
7.664515 
7.94516 
8.141935 
8.209676 
8.058063 
7.748386 
7.406451 
7.174193 
7.225806 
7.26129 
7.290322 
7.329031 
7.354838 
7.390322 
7.299999 
6.625806 
8.309677 
12.14838 
11.69677 
7.432257 
5.877418 
6.406451 
6.658064 
6.758064 
6.858064 
6.935483 
7.003225 
7.070967 
7.141935 
7.190322 
7.219354 
7.264515 
7.293548 
7.541934 
7.803225 
8.074193 
8.277419 
8.432257 
8.487095 
8.458064 
8.325805 
8.148386 
7.896773 
7.599999 
7.316128 
7.051612 
6.793548 
6.641935 
6.741935 
6.851612 
6.906451 
6.993547 
7.058063 
7.125806 
7.174193 
7.209677 
7.219354 
7.277419 
7.274193 
7.338709 
7.370967 
7.380644 
7.403225 
7.419354 
7.487096 
7.458064 
7.470967 
7.461289 
7.470967 
7.529031 
7.854838 
8.083869 
8.216128 
8.116127 
7.864515 
7.535483 
7.219354 
7.232257 
7.248386 
7.277419 
7.309677 
7.329031 
7.341935 
6.66129 
8.041934 
11.84193 
12.00967 
7.767741 
5.899999 
6.329031 
6.645161 
6.745161 
6.841935 
6.919354 
7.003225 
7.061289 
7.12258 
7.164515 
7.193548 
7.235483 
7.280644 
7.503225 
7.790322 
8.038708 
8.280644 
8.429031 
8.480644 
8.441934 
8.361289 
8.174193 
7.919354 
7.625806 
7.341935 
7.048386 
6.816128 
6.645161 
6.735483 
6.832257 
6.92258 
6.977418 
7.064515 
7.109676 
7.16129 
7.199999 
7.241935 
7.287096 
7.299999 
7.341935 
7.358064 
7.387096 
7.390322 
7.42258 
7.448386 
7.464515 
7.464515 
7.464515 
7.467741 
7.519354 
7.496773 
7.490322 
7.34516 
7.08387 
6.577418 
5.551612 
4.42258 
3.580645 
3.912903 
5.219354 
6.941935 
8.254837 
8.916128 
9.299999 
9.558063 
9.512902 
9.412902 
9.261289 
9.180644 
9.125805 
9.02258 
9.106451 
8.94516 
8.958064 
8.980644 
9.016128 
8.964515 
8.88387 
8.687096 
8.422579 
8.029031 
7.696774 
7.358064 
7.080644 
6.909677 
6.806451 
6.68387 
6.667741 
6.593547 
6.719354 
6.799999 
6.880644 
6.970967 
7.025805 
7.077418 
7.135483 
7.170967 
7.22258 
7.245161 
7.287096 
7.319354 
7.325806 
7.370967 
7.387096 
7.399999 
7.406451 
7.432257 
7.451612 
7.458064 
7.448386 
7.461289 
7.477418 
7.490322 
7.499999 
7.48387 
7.487096 
7.493547 
7.487096 
7.496773 
7.706451 
7.990322 
8.167741 
8.193548 
8.02258 
7.703225 
7.374193 
7.193548 
7.229032 
7.274193 
7.306451 
7.338709 
7.358064 
7.374193 
7.232257 
6.625806 
8.767741 
12.5258 
11.15161 
6.941935 
5.848386 
6.464515 
6.664515 
6.774193 
6.864515 
6.912902 
6.987096 
7.04516 
7.099999 
7.148386 
7.199999 
7.258064 
7.264515 
7.54516 
7.835483 
8.080644 
8.296773 
8.448386 
8.490322 
8.438709 
8.325805 
8.103224 
7.848386 
7.558063 
7.274193 
6.999999 
6.751612 
6.625806 
6.738709 
6.82258 
6.919354 
6.980644 
7.070967 
7.096773 
7.138709 
7.187096 
7.22258 
7.270967 
7.296773 
7.293548 
7.34516 
7.387096 
7.399999 
7.403225 
7.432257 
7.432257 
7.448386 
7.461289 
7.480644 
7.574193 
7.864515 
8.109676 
8.206451 
8.099999 
7.819354 
7.519354 
7.216128 
7.216128 
7.258064 
7.287096 
7.325806 
7.351612 
7.367741 
7.367741 
6.738709 
7.567741 
11.17096 
12.52903 
8.503225 
5.970967 
6.209677 
6.612903 
6.72258 
6.819354 
6.887096 
6.948386 
7.048386 
7.109676 
7.16129 
7.193548 
7.238709 
7.267741 
7.412902 
7.72258 
8.00645 
8.245161 
8.396773 
8.451612 
8.464515 
8.370966 
8.212903 
7.98387 
7.696774 
7.390322 
7.106451 
6.84516 
6.629032 
6.690322 
6.793548 
6.893548 
6.954838 
7.029031 
7.096773 
7.129032 
7.167741 
7.274193 
7.325806 
7.335483 
7.370967 
7.387096 
7.377418 
7.438709 
7.435483 
7.432257 
7.454838 
7.493547 
7.464515 
7.532257 
7.809677 
8.087096 
8.212903 
8.106451 
7.870967 
7.529031 
7.212903 
7.206451 
7.251612 
7.290322 
7.309677 
7.34516 
7.361289 
7.374193 
6.848386 
7.203225 
10.56451 
12.86128 
9.129031 
6.074193 
6.080644 
6.619354 
6.709677 
6.825806 
6.88387 
6.967741 
7.025805 
7.090322 
7.141935 
7.199999 
7.232257 
7.267741 
7.403225 
7.703225 
7.967741 
8.219354 
8.370966 
8.467741 
8.467741 
8.393548 
8.222579 
8.029031 
7.745161 
7.432257 
7.164515 
6.896773 
6.738709 
6.687096 
6.796773 
6.890322 
6.951612 
7.025805 
7.087096 
7.135483 
7.167741 
7.232257 
7.270967 
7.290322 
7.312902 
7.351612 
7.364515 
7.38387 
7.403225 
7.432257 
7.441935 
7.464515 
7.470967 
7.499999 
7.503225 
7.732257 
8.003225 
8.18387 
8.170967 
7.964515 
7.651612 
7.338709 
7.180644 
7.245161 
7.258064 
7.290322 
7.329031 
7.364515 
7.377418 
7.154838 
6.651612 
9.174193 
12.78064 
10.66774 
6.62258 
5.899999 
6.529031 
6.687096 
6.787096 
6.880644 
6.941935 
7.038709 
7.074193 
7.12258 
7.164515 
7.219354 
7.26129 
7.296773 
7.593547 
7.88387 
8.122579 
8.325805 
8.458064 
8.487095 
8.432257 
8.293547 
8.077418 
7.832257 
7.535483 
7.241935 
6.954838 
6.735483 
6.658064 
6.76129 
6.854838 
6.932257 
6.993547 
7.051612 
7.099999 
7.164515 
7.193548 
7.248386 
7.287096 
7.306451 
7.329031 
7.377418 
7.377418 
7.412902 
7.419354 
7.432257 
7.448386 
7.470967 
7.48387 
7.512902 
7.599999 
7.929031 
8.164515 
8.199999 
8.087096 
7.816128 
7.499999 
7.203225 
7.177419 
7.241935 
7.270967 
7.287096 
7.332257 
7.367741 
7.393548 
6.812902 
7.374193 
10.8258 
12.78064 
8.935482 
6.04516 
6.135483 
6.629032 
6.735483 
6.82258 
6.896773 
6.977418 
7.038709 
7.106451 
7.170967 
7.209677 
7.254838 
7.270967 
7.399999 
7.699999 
7.98387 
8.209676 
8.393548 
8.487095 
8.477418 
8.399999 
8.229031 
8.012902 
7.725806 
7.412902 
7.125806 
6.867741 
6.651612 
6.687096 
6.806451 
6.887096 
6.970967 
7.038709 
7.087096 
7.154838 
7.180644 
7.209677 
7.270967 
7.319354 
7.335483 
7.361289 
7.364515 
7.38387 
7.396773 
7.409677 
7.44516 
7.441935 
7.454838 
7.487096 
7.48387 
7.706451 
7.999999 
8.190321 
8.167741 
7.98387 
7.648386 
7.348386 
7.196774 
7.235483 
7.277419 
7.306451 
7.403225 
7.377418 
7.380644 
7.164515 
6.648386 
9.206451 
12.80322 
10.65161 
6.625806 
5.912902 
6.490322 
6.699999 
6.812902 
6.861289 
6.941935 
7.009676 
7.080644 
7.129032 
7.209677 
7.277419 
7.32258 
7.629032 
7.893548 
8.164515 
8.341935 
8.474192 
8.516128 
8.451612 
8.296773 
8.080644 
7.829031 
7.499999 
7.241935 
6.938709 
6.72258 
6.66129 
6.751612 
6.867741 
6.925806 
6.993547 
7.04516 
7.106451 
7.167741 
7.219354 
7.238709 
7.293548 
7.332257 
7.335483 
7.367741 
7.393548 
7.406451 
7.42258 
7.441935 
7.448386 
7.467741 
7.490322 
7.487096 
7.62258 
7.929031 
8.141935 
8.193548 
8.067741 
7.764515 
7.458064 
7.196774 
7.209677 
7.251612 
7.290322 
7.312902 
7.338709 
7.358064 
7.329031 
6.696774 
7.503225 
11.05161 
12.6129 
8.696773 
6.006451 
6.174193 
6.638709 
6.725806 
6.832257 
6.916128 
6.977418 
7.048386 
7.08387 
7.154838 
7.193548 
7.232257 
7.270967 
7.435483 
7.719354 
7.987096 
8.248386 
8.399999 
8.480644 
8.467741 
8.396773 
8.229031 
8.096773 
7.848386 
7.541934 
7.280644 
6.993547 
6.76129 
6.619354 
6.729032 
6.806451 
6.893548 
6.967741 
7.038709 
7.090322 
7.145161 
7.203225 
7.251612 
7.274193 
7.325806 
7.354838 
7.367741 
7.399999 
7.406451 
7.406451 
7.435483 
7.441935 
7.44516 
7.44516 
7.487096 
7.487096 
7.758064 
8.041934 
8.212903 
8.158063 
7.951612 
7.612902 
7.277419 
7.199999 
7.248386 
7.287096 
7.299999 
7.351612 
7.364515 
7.393548 
7.029031 
6.832257 
9.819354 
12.99032 
9.970967 
6.274193 
5.967741 
6.58387 
6.699999 
6.803225 
6.903225 
6.94516 
7.025805 
7.077418 
7.141935 
7.190322 
7.229032 
7.245161 
7.354838 
7.641935 
7.925806 
8.170967 
8.354838 
8.451612 
8.48387 
8.406451 
8.264515 
8.038708 
7.758064 
7.487096 
7.180644 
6.912902 
6.690322 
6.667741 
6.809677 
6.835483 
6.92258 
6.987096 
7.067741 
7.135483 
7.196774 
7.225806 
7.26129 
7.299999 
7.329031 
7.348386 
7.393548 
7.377418 
7.406451 
7.419354 
7.458064 
7.470967 
7.470967 
7.490322 
7.506451 
7.54516 
7.825806 
8.103224 
8.212903 
8.132257 
7.887096 
7.551612 
7.235483 
7.225806 
7.264515 
7.293548 
7.325806 
7.338709 
7.367741 
7.38387 
6.832257 
7.299999 
10.69677 
12.81935 
9.009676 
6.061289 
6.12258 
6.619354 
6.725806 
6.809677 
6.887096 
6.987096 
7.061289 
7.119354 
7.154838 
7.18387 
7.219354 
7.287096 
7.403225 
7.72258 
7.974193 
8.212903 
8.38387 
8.458064 
8.470967 
8.403224 
8.229031 
8.00645 
7.735483 
7.441935 
7.141935 
6.880644 
6.68387 
6.703225 
6.78387 
6.88387 
6.961289 
7.02258 
7.096773 
7.148386 
7.187096 
7.22258 
7.26129 
7.306451 
7.32258 
7.338709 
7.364515 
7.396773 
7.425806 
7.438709 
7.451612 
7.441935 
7.48387 
7.474193 
7.487096 
7.716128 
8.190321 
8.148386 
7.925806 
7.590322 
7.287096 
7.216128 
7.251612 
7.28387 
7.293548 
7.341935 
7.370967 
7.370967 
7.003225 
6.841935 
9.841935 
12.97741 
9.935482 
6.267741 
5.990322 
6.593547 
6.712903 
6.78387 
6.893548 
6.967741 
7.029031 
7.090322 
7.141935 
7.180644 
7.225806 
7.270967 
7.354838 
7.638709 
7.938709 
8.177418 
8.351612 
8.470967 
8.529031 
8.406451 
8.267741 
8.048386 
7.76129 
7.487096 
7.177419 
6.938709 
6.699999 
6.693548 
6.790322 
6.874193 
6.958064 
7.012902 
7.087096 
7.135483 
7.193548 
7.235483 
7.251612 
7.299999 
7.325806 
7.332257 
7.370967 
7.377418 
7.396773 
7.416128 
7.448386 
7.470967 
7.470967 
7.487096 
7.48387 
7.609676 
7.903225 
8.167741 
8.209676 
8.099999 
7.796773 
7.464515 
7.190322 
7.216128 
7.251612 
7.303225 
7.325806 
7.364515 
7.367741 
7.335483 
6.66129 
7.854838 
11.59999 
12.17419 
8.016128 
5.909677 
6.299999 
6.632257 
6.754838 
6.838709 
6.92258 
6.98387 
7.04516 
7.099999 
7.16129 
7.216128 
7.241935 
7.270967 
7.477418 
7.78387 
8.048386 
8.254837 
8.419354 
8.470967 
8.470967 
8.387096 
8.199999 
8.00645 
7.819354 
7.54516 
7.22258 
6.964515 
6.745161 
6.612903 
6.712903 
6.796773 
6.903225 
6.958064 
7.019354 
7.093547 
7.141935 
7.196774 
7.254838 
7.270967 
7.290322 
7.341935 
7.361289 
7.377418 
7.399999 
7.419354 
7.425806 
7.432257 
7.470967 
7.470967 
7.477418 
7.538709 
7.861289 
8.116127 
8.206451 
8.109676 
7.838709 
7.493547 
7.219354 
7.219354 
7.245161 
7.299999 
7.306451 
7.354838 
7.374193 
7.387096 
6.919354 
7.048386 
10.27096 
12.98064 
9.490322 
6.145161 
6.038709 
6.599999 
6.729032 
6.812902 
6.890322 
6.977418 
7.061289 
7.116128 
7.16129 
7.216128 
7.235483 
7.293548 
7.396773 
7.677419 
7.958064 
8.212903 
8.380644 
8.474192 
8.490322 
8.412902 
8.264515 
8.032257 
7.758064 
7.474193 
7.151612 
6.903225 
6.687096 
6.690322 
6.774193 
6.88387 
6.961289 
6.996773 
7.067741 
7.129032 
7.180644 
7.232257 
7.274193 
7.312902 
7.32258 
7.341935 
7.370967 
7.406451 
7.42258 
7.432257 
7.451612 
7.448386 
7.477418 
7.470967 
7.48387 
7.68387 
7.974193 
8.170967 
8.167741 
8.012902 
7.68387 
7.351612 
7.180644 
7.219354 
7.280644 
7.293548 
7.316128 
7.335483 
7.380644 
7.245161 
6.599999 
8.729031 
12.50967 
11.23225 
6.941935 
5.870967 
6.480644 
6.670967 
6.767741 
6.867741 
6.954838 
7.038709 
7.070967 
7.109676 
7.180644 
7.199999 
7.264515 
7.293548 
7.561289 
7.861289 
8.112902 
8.312902 
8.461289 
8.516128 
8.435482 
8.309677 
8.119354 
7.867741 
7.196774 
6.906451 
6.716128 
6.674193 
6.780644 
6.864515 
6.941935 
7.003225 
7.074193 
7.116128 
7.167741 
7.229032 
7.245161 
7.290322 
7.338709 
7.351612 
7.374193 
7.409677 
7.412902 
7.441935 
7.454838 
7.464515 
7.477418 
7.509676 
7.493547 
7.509676 
7.516128 
7.390322 
7.196774 
6.890322 
6.103225 
4.909677 
4.035483 
3.38387 
4.564515 
5.970967 
7.612902 
8.632257 
9.129031 
9.496773 
9.529031 
9.509676 
9.280644 
9.212903 
9.151612 
9.080644 
9.003225 
9.00645 
8.935482 
8.990322 
9.067741 
8.977418 
8.916128 
8.761289 
8.567741 
8.216128 
7.861289 
7.48387 
7.216128 
6.999999 
6.829031 
6.735483 
6.619354 
6.561289 
6.66129 
6.741935 
6.841935 
6.929031 
6.990322 
7.064515 
7.106451 
7.164515 
7.209677 
7.238709 
7.287096 
7.306451 
7.332257 
7.341935 
7.370967 
7.380644 
7.403225 
7.416128 
7.419354 
7.441935 
7.448386 
7.451612 
7.499999 
7.493547 
7.509676 
7.506451 
7.496773 
7.512902 
7.503225 
7.499999 
7.551612 
7.861289 
8.103224 
8.229031 
8.141935 
7.880644 
7.541934 
7.229032 
7.199999 
7.245161 
7.267741 
7.309677 
7.335483 
7.361289 
7.38387 
6.977418 
6.909677 
9.98387 
12.96774 
9.803225 
6.212903 
5.977418 
6.551612 
6.696774 
6.777419 
6.874193 
6.948386 
6.999999 
7.08387 
7.132257 
7.187096 
7.216128 
7.251612 
7.34516 
7.635483 
7.919354 
8.151612 
8.338708 
8.470967 
8.487095 
8.409676 
8.267741 
8.029031 
7.748386 
7.48387 
7.151612 
6.890322 
6.687096 
6.677419 
6.748386 
6.838709 
6.909677 
6.993547 
7.058063 
7.12258 
7.18387 
7.229032 
7.28387 
7.287096 
7.332257 
7.335483 
7.370967 
7.38387 
7.399999 
7.403225 
7.403225 
7.390322 
7.448386 
7.464515 
7.474193 
7.638709 
7.938709 
8.158063 
8.164515 
8.038708 
7.767741 
7.387096 
7.18387 
7.212903 
7.270967 
7.28387 
7.32258 
7.358064 
7.380644 
7.274193 
6.590322 
8.467741 
12.29354 
11.47419 
7.193548 
5.854838 
6.42258 
6.654838 
6.751612 
6.832257 
6.92258 
6.987096 
7.061289 
7.112902 
7.164515 
7.209677 
7.229032 
7.267741 
7.52258 
7.819354 
8.099999 
8.287096 
8.441934 
8.487095 
8.458064 
8.335483 
8.138709 
7.867741 
7.577418 
7.287096 
7.003225 
6.780644 
6.648386 
6.741935 
6.832257 
6.896773 
6.974193 
7.058063 
7.093547 
7.151612 
7.180644 
7.238709 
7.280644 
7.309677 
7.32258 
7.361289 
7.390322 
7.399999 
7.406451 
7.435483 
7.44516 
7.470967 
7.490322 
7.490322 
7.551612 
7.858064 
8.090321 
8.209676 
8.122579 
7.867741 
7.499999 
7.203225 
7.216128 
7.245161 
7.293548 
7.309677 
7.329031 
7.361289 
7.370967 
6.793548 
7.403225 
12.09999 
7.664515 
5.890322 
6.351612 
6.635483 
6.767741 
6.84516 
6.912902 
6.996773 
7.058063 
7.109676 
7.16129 
7.199999 
7.225806 
7.280644 
7.487096 
7.790322 
8.048386 
8.261289 
8.432257 
8.48387 
8.454837 
8.351612 
8.170967 
7.935483 
7.635483 
7.341935 
7.058063 
6.812902 
6.629032 
6.719354 
6.819354 
6.906451 
6.980644 
7.035483 
7.103225 
7.167741 
7.196774 
7.238709 
7.264515 
7.280644 
7.325806 
7.358064 
7.390322 
7.409677 
7.432257 
7.425806 
7.438709 
7.464515 
7.487096 
7.490322 
7.519354 
7.832257 
8.070966 
8.229031 
8.14516 
7.903225 
7.567741 
7.258064 
7.196774 
7.229032 
7.296773 
7.287096 
7.332257 
7.354838 
7.370967 
6.893548 
7.087096 
10.35483 
12.95483 
9.370966 
6.112903 
6.04516 
6.590322 
6.712903 
6.799999 
6.896773 
6.974193 
7.025805 
7.096773 
7.148386 
7.190322 
7.258064 
7.274193 
7.390322 
7.716128 
7.961289 
8.216128 
8.377418 
8.477418 
8.464515 
8.412902 
8.248386 
8.012902 
7.738709 
7.435483 
7.138709 
6.890322 
6.690322 
6.693548 
6.790322 
6.874193 
6.951612 
7.02258 
7.087096 
7.138709 
7.177419 
7.232257 
7.251612 
7.303225 
7.34516 
7.354838 
7.377418 
7.387096 
7.419354 
7.432257 
7.451612 
7.458064 
7.458064 
7.48387 
7.490322 
7.693548 
7.98387 
8.170967 
8.18387 
7.993547 
7.699999 
7.367741 
7.199999 
7.238709 
7.280644 
7.296773 
7.325806 
7.348386 
7.38387 
7.235483 
6.616128 
8.832257 
12.58386 
11.08064 
6.870967 
5.867741 
6.496773 
6.687096 
6.764515 
6.864515 
6.938709 
6.996773 
7.077418 
7.12258 
7.18387 
7.235483 
7.264515 
7.28387 
7.570967 
7.874193 
8.122579 
8.319354 
8.454837 
8.503225 
8.454837 
8.319354 
8.119354 
7.858064 
7.558063 
7.32258 
7.04516 
6.82258 
6.645161 
6.732257 
6.806451 
6.893548 
6.961289 
7.035483 
7.087096 
7.135483 
7.190322 
7.235483 
7.264515 
7.293548 
7.312902 
7.354838 
7.390322 
7.380644 
7.419354 
7.438709 
7.467741 
7.480644 
7.477418 
7.493547 
7.535483 
7.816128 
8.064515 
8.270967 
8.158063 
7.880644 
7.564515 
7.248386 
7.219354 
7.248386 
7.270967 
7.306451 
7.332257 
7.361289 
7.38387 
6.887096 
7.164515 
10.49032 
12.91935 
9.261289 
6.109677 
6.067741 
6.619354 
6.729032 
6.812902 
6.906451 
6.958064 
7.035483 
7.093547 
7.154838 
7.187096 
7.225806 
7.280644 
7.409677 
7.690322 
7.98387 
8.235483 
8.377418 
8.487095 
8.50645 
8.416128 
8.241934 
8.012902 
7.72258 
7.435483 
7.12258 
6.887096 
6.66129 
6.677419 
6.774193 
6.864515 
6.954838 
7.025805 
7.08387 
7.125806 
7.190322 
7.216128 
7.270967 
7.306451 
7.332257 
7.374193 
7.396773 
7.409677 
7.416128 
7.454838 
7.458064 
7.490322 
7.48387 
7.496773 
7.774193 
8.061289 
8.216128 
8.167741 
7.935483 
7.603225 
7.277419 
7.203225 
7.251612 
7.277419 
7.312902 
7.380644 
7.390322 
7.387096 
7.006451 
6.906451 
9.98387 
12.99032 
9.851612 
6.248386 
5.961289 
6.606451 
6.696774 
6.799999 
6.899999 
6.964515 
7.041934 
7.090322 
7.148386 
7.196774 
7.251612 
7.267741 
7.364515 
7.667741 
7.935483 
8.174193 
8.348386 
8.464515 
8.477418 
8.419354 
8.245161 
8.025805 
7.767741 
7.470967 
7.167741 
6.909677 
6.709677 
6.68387 
6.774193 
6.870967 
6.941935 
7.035483 
7.096773 
7.135483 
7.177419 
7.22258 
7.254838 
7.280644 
7.316128 
7.354838 
7.370967 
7.387096 
7.412902 
7.435483 
7.44516 
7.461289 
7.458064 
7.493547 
7.490322 
7.674193 
7.967741 
8.16129 
8.193548 
8.035483 
7.72258 
7.387096 
7.193548 
7.225806 
7.258064 
7.316128 
7.335483 
7.351612 
7.370967 
7.26129 
6.609677 
8.451612 
12.26451 
11.50967 
7.219354 
5.854838 
6.419354 
6.667741 
6.767741 
6.861289 
6.941935 
7.012902 
7.074193 
7.12258 
7.158064 
7.209677 
7.258064 
7.287096 
7.541934 
7.84516 
8.132257 
8.277419 
8.441934 
8.490322 
8.464515 
8.34516 
8.167741 
7.906451 
7.606451 
7.32258 
7.035483 
6.803225 
6.62258 
6.748386 
6.835483 
6.912902 
6.999999 
7.074193 
7.119354 
7.174193 
7.212903 
7.26129 
7.28387 
7.312902 
7.32258 
7.34516 
7.370967 
7.393548 
7.409677 
7.432257 
7.448386 
7.458064 
7.467741 
7.467741 
7.554838 
7.835483 
8.083869 
8.199999 
8.119354 
7.874193 
7.541934 
7.219354 
7.190322 
7.241935 