 
7.403225 
7.42258 
7.448386 
7.464515 
7.451612 
7.464515 
7.496773 
7.477418 
7.487096 
7.509676 
7.48387 
7.503225 
7.499999 
7.564515 
7.893548 
8.132257 
8.209676 
8.099999 
7.825806 
7.477418 
7.209677 
7.235483 
7.251612 
7.28387 
7.312902 
7.319354 
7.290322 
7.370967 
6.735483 
7.561289 
11.13548 
12.50645 
8.480644 
5.961289 
6.206451 
6.609677 
6.709677 
6.806451 
6.887096 
6.941935 
7.02258 
7.08387 
7.154838 
7.187096 
7.216128 
7.493547 
7.793548 
8.074193 
8.270967 
8.429031 
8.470967 
8.454837 
8.332257 
8.154838 
7.899999 
7.596773 
7.299999 
7.009676 
6.777419 
6.632257 
6.709677 
6.829031 
6.896773 
6.974193 
7.067741 
7.099999 
7.138709 
7.190322 
7.235483 
7.264515 
7.309677 
7.32258 
7.348386 
7.361289 
7.403225 
7.416128 
7.432257 
7.438709 
7.474193 
7.464515 
7.448386 
7.516128 
7.84516 
8.087096 
8.225806 
8.122579 
7.861289 
7.506451 
7.216128 
7.203225 
7.232257 
7.277419 
7.296773 
7.325806 
7.338709 
7.361289 
6.812902 
7.303225 
10.72903 
12.77096 
8.951612 
6.02258 
6.112903 
6.612903 
6.716128 
6.812902 
6.890322 
6.967741 
7.04516 
7.087096 
7.135483 
7.190322 
7.232257 
7.258064 
7.399999 
7.709677 
7.974193 
8.212903 
8.38387 
8.464515 
8.470967 
8.399999 
8.235483 
7.993547 
7.699999 
7.412902 
7.132257 
6.864515 
6.658064 
6.699999 
6.793548 
6.854838 
6.954838 
7.029031 
7.087096 
7.148386 
7.193548 
7.216128 
7.254838 
7.290322 
7.335483 
7.351612 
7.380644 
7.390322 
7.425806 
7.435483 
7.438709 
7.458064 
7.461289 
7.493547 
7.490322 
7.629032 
7.929031 
8.158063 
8.203225 
8.074193 
7.758064 
7.419354 
7.190322 
7.216128 
7.251612 
7.299999 
7.32258 
7.354838 
7.38387 
7.338709 
6.664515 
8.087096 
11.86774 
11.94193 
7.699999 
5.88387 
6.34516 
6.641935 
6.741935 
6.835483 
6.912902 
6.990322 
7.051612 
7.103225 
7.167741 
7.206451 
7.238709 
7.306451 
7.416128 
7.706451 
7.977418 
8.199999 
8.390321 
8.480644 
8.490322 
8.399999 
8.251612 
7.996773 
7.735483 
7.451612 
7.138709 
6.893548 
6.719354 
6.680644 
6.790322 
6.877418 
6.925806 
7.019354 
7.08387 
7.132257 
7.187096 
7.232257 
7.277419 
7.306451 
7.354838 
7.377418 
7.393548 
7.419354 
7.441935 
7.432257 
7.432257 
7.464515 
7.464515 
7.48387 
7.48387 
7.72258 
7.993547 
8.164515 
8.18387 
8.019353 
7.667741 
7.348386 
7.174193 
7.216128 
7.264515 
7.306451 
7.341935 
7.358064 
7.38387 
7.22258 
6.609677 
8.877418 
12.63225 
10.98387 
6.803225 
5.874193 
6.493547 
6.68387 
6.78387 
6.874193 
6.925806 
7.006451 
7.070967 
7.154838 
7.18387 
7.232257 
7.238709 
7.28387 
7.52258 
7.799999 
8.064515 
8.28387 
8.432257 
8.487095 
8.461289 
8.34516 
8.177418 
7.94516 
7.625806 
7.316128 
7.035483 
6.803225 
6.654838 
6.732257 
6.829031 
6.916128 
6.999999 
7.064515 
7.116128 
7.164515 
7.203225 
7.232257 
7.26129 
7.296773 
7.332257 
7.354838 
7.396773 
7.409677 
7.432257 
7.432257 
7.419354 
7.464515 
7.461289 
7.48387 
7.512902 
7.825806 
8.070966 
8.219354 
8.158063 
7.474193 
7.187096 
7.232257 
7.267741 
7.287096 
7.319354 
7.34516 
7.354838 
7.34516 
6.693548 
7.741935 
11.44838 
12.29354 
8.164515 
5.925806 
6.303225 
6.651612 
6.735483 
6.835483 
6.912902 
6.970967 
7.051612 
7.112902 
7.16129 
7.203225 
7.216128 
7.258064 
7.316128 
7.612902 
7.909677 
8.14516 
8.361289 
8.477418 
8.516128 
8.454837 
8.30645 
8.087096 
7.825806 
7.529031 
7.235483 
6.954838 
6.748386 
6.664515 
6.767741 
6.929031 
6.935483 
7.019354 
7.061289 
7.129032 
7.164515 
7.229032 
7.251612 
7.28387 
7.32258 
7.34516 
7.364515 
7.338709 
7.399999 
7.425806 
7.435483 
7.458064 
7.474193 
7.477418 
7.48387 
7.619354 
7.916128 
8.151612 
8.206451 
8.077418 
7.790322 
7.438709 
7.187096 
7.232257 
7.26129 
7.28387 
7.335483 
7.34516 
7.354838 
7.325806 
6.667741 
7.941935 
11.68709 
12.09999 
7.916128 
5.896773 
6.32258 
6.635483 
6.758064 
6.848386 
6.906451 
6.996773 
7.064515 
7.106451 
7.167741 
7.206451 
7.245161 
7.264515 
7.425806 
7.72258 
7.993547 
8.232257 
8.406451 
8.474192 
8.490322 
8.403224 
8.222579 
7.996773 
7.712903 
7.425806 
7.106451 
6.848386 
6.674193 
6.716128 
6.812902 
6.870967 
6.954838 
7.025805 
7.096773 
7.141935 
7.190322 
7.238709 
7.264515 
7.299999 
7.325806 
7.361289 
7.387096 
7.390322 
7.416128 
7.448386 
7.448386 
7.464515 
7.48387 
7.48387 
7.490322 
7.519354 
7.829031 
8.090321 
8.219354 
8.138709 
7.874193 
7.529031 
7.248386 
7.212903 
7.248386 
7.280644 
7.316128 
7.335483 
7.364515 
7.393548 
6.851612 
7.225806 
10.59032 
12.86128 
9.135482 
6.061289 
6.077418 
6.616128 
6.729032 
6.829031 
6.912902 
6.964515 
7.051612 
7.109676 
7.135483 
7.190322 
7.235483 
7.270967 
7.416128 
7.703225 
7.987096 
8.216128 
8.387096 
8.461289 
8.496773 
8.416128 
8.248386 
8.009676 
7.72258 
7.44516 
7.125806 
6.877418 
6.680644 
6.729032 
6.819354 
6.877418 
6.967741 
7.003225 
7.093547 
7.132257 
7.180644 
7.212903 
7.277419 
7.287096 
7.303225 
7.364515 
7.387096 
7.387096 
7.416128 
7.425806 
7.44516 
7.454838 
7.477418 
7.48387 
7.474193 
7.709677 
8.012902 
8.174193 
8.167741 
7.958064 
7.670967 
7.341935 
7.196774 
7.219354 
7.264515 
7.309677 
7.329031 
7.361289 
7.393548 
7.370967 
6.787096 
7.451612 
10.9258 
12.72257 
8.819354 
6.009676 
6.16129 
6.629032 
6.732257 
6.832257 
6.919354 
6.990322 
7.064515 
7.106451 
7.154838 
7.193548 
7.225806 
7.267741 
7.335483 
7.625806 
7.909677 
8.174193 
8.351612 
8.470967 
8.516128 
8.435482 
8.290322 
8.077418 
7.799999 
7.503225 
7.212903 
6.68387 
6.690322 
6.78387 
6.870967 
6.94516 
7.02258 
7.080644 
7.129032 
7.177419 
7.225806 
7.26129 
7.293548 
7.319354 
7.354838 
7.370967 
7.396773 
7.396773 
7.432257 
7.454838 
7.454838 
7.464515 
7.467741 
7.48387 
7.696774 
7.993547 
8.174193 
8.199999 
8.012902 
7.699999 
7.377418 
7.212903 
7.254838 
7.274193 
7.316128 
7.34516 
7.358064 
7.377418 
7.235483 
6.609677 
8.838708 
12.59999 
11.07419 
6.858064 
5.880644 
6.487096 
6.677419 
6.780644 
6.854838 
6.961289 
7.003225 
7.08387 
7.129032 
7.158064 
7.209677 
7.251612 
7.306451 
7.564515 
7.796773 
8.132257 
8.303225 
8.44516 
8.487095 
8.458064 
8.332257 
8.119354 
7.848386 
7.561289 
7.248386 
6.996773 
6.754838 
6.648386 
6.735483 
6.838709 
6.906451 
7.003225 
7.070967 
7.125806 
7.16129 
7.22258 
7.245161 
7.28387 
7.316128 
7.329031 
7.377418 
7.377418 
7.409677 
7.432257 
7.448386 
7.441935 
7.464515 
7.48387 
7.48387 
7.529031 
7.835483 
8.093547 
8.216128 
8.138709 
7.903225 
7.548386 
7.229032 
7.232257 
7.251612 
7.270967 
7.309677 
7.354838 
7.351612 
7.38387 
6.893548 
7.109676 
10.37096 
12.93548 
9.361289 
6.125806 
6.051612 
6.609677 
6.72258 
6.82258 
6.890322 
6.954838 
7.032257 
7.096773 
7.141935 
7.190322 
7.235483 
7.264515 
7.361289 
7.693548 
7.954838 
8.219354 
8.387096 
8.487095 
8.496773 
8.399999 
8.251612 
8.016128 
7.748386 
7.461289 
7.138709 
6.899999 
6.690322 
6.699999 
6.796773 
6.877418 
6.941935 
7.025805 
7.090322 
7.129032 
7.187096 
7.251612 
7.267741 
7.296773 
7.341935 
7.358064 
7.38387 
7.396773 
7.399999 
7.42258 
7.425806 
7.458064 
7.454838 
7.477418 
7.487096 
7.677419 
7.967741 
8.164515 
8.177418 
8.00645 
7.703225 
7.358064 
7.196774 
7.225806 
7.28387 
7.296773 
7.351612 
7.348386 
7.374193 
7.248386 
6.619354 
8.761289 
12.5258 
11.19999 
6.958064 
5.887096 
6.474193 
6.667741 
6.76129 
6.858064 
6.938709 
7.016128 
7.077418 
7.112902 
7.16129 
7.225806 
7.251612 
7.274193 
7.54516 
7.851612 
8.106451 
8.319354 
8.425806 
8.490322 
8.454837 
8.332257 
8.099999 
7.858064 
7.590322 
7.28387 
7.016128 
6.76129 
6.638709 
6.745161 
6.832257 
6.919354 
6.974193 
7.048386 
7.12258 
7.164515 
7.199999 
7.245161 
7.28387 
7.306451 
7.338709 
7.361289 
7.403225 
7.42258 
7.416128 
7.44516 
7.458064 
7.44516 
7.470967 
7.470967 
7.490322 
7.648386 
7.948386 
8.14516 
8.196773 
8.067741 
7.767741 
7.432257 
7.174193 
7.22258 
7.26129 
7.280644 
7.32258 
7.338709 
7.377418 
7.329031 
6.658064 
8.083869 
11.86451 
6.92258 
5.903225 
6.499999 
6.674193 
6.754838 
6.854838 
6.941935 
7.012902 
7.074193 
7.135483 
7.180644 
7.219354 
7.264515 
7.306451 
7.580644 
7.864515 
8.099999 
8.316128 
8.451612 
8.487095 
8.448386 
8.309677 
8.116127 
7.838709 
7.551612 
7.277419 
7.006451 
6.754838 
6.654838 
6.780644 
6.870967 
6.938709 
7.009676 
7.074193 
7.12258 
7.18387 
7.209677 
7.264515 
7.296773 
7.32258 
7.341935 
7.338709 
7.396773 
7.406451 
7.432257 
7.438709 
7.451612 
7.467741 
7.454838 
7.480644 
7.599999 
7.887096 
8.119354 
8.196773 
8.083869 
7.777419 
7.461289 
7.187096 
7.216128 
7.258064 
7.319354 
7.312902 
7.341935 
7.351612 
7.335483 
6.712903 
7.729032 
11.39354 
12.35483 
8.235483 
5.951612 
6.270967 
6.66129 
6.754838 
6.851612 
6.909677 
6.967741 
7.029031 
7.096773 
7.148386 
7.199999 
7.241935 
7.270967 
7.458064 
7.754838 
8.02258 
8.235483 
8.429031 
8.474192 
8.461289 
8.351612 
8.196773 
7.94516 
7.651612 
7.377418 
7.070967 
6.832257 
6.635483 
6.703225 
6.812902 
6.88387 
6.967741 
7.038709 
7.096773 
7.141935 
7.193548 
7.241935 
7.258064 
7.312902 
7.325806 
7.354838 
7.38387 
7.406451 
7.416128 
7.419354 
7.438709 
7.454838 
7.470967 
7.467741 
7.490322 
7.509676 
7.52258 
7.42258 
7.212903 
6.88387 
6.12258 
4.919354 
4.048386 
3.377419 
4.554838 
5.964515 
7.593547 
8.619354 
9.096773 
9.490322 
9.538708 
9.509676 
9.312902 
9.212903 
9.16129 
9.093547 
9.009676 
9.003225 
8.941934 
8.987095 
9.061289 
8.958064 
8.948386 
8.80645 
8.554838 
8.196773 
7.858064 
7.509676 
7.22258 
7.019354 
6.858064 
6.748386 
6.62258 
6.561289 
6.664515 
6.774193 
6.84516 
6.916128 
6.980644 
7.038709 
7.093547 
7.16129 
7.203225 
7.225806 
7.258064 
7.28387 
7.338709 
7.348386 
7.367741 
7.377418 
7.399999 
7.42258 
7.438709 
7.441935 
7.44516 
7.458064 
7.480644 
7.474193 
7.487096 
7.487096 
7.499999 
7.516128 
7.496773 
7.474193 
7.535483 
7.835483 
8.109676 
8.219354 
8.14516 
7.903225 
7.548386 
7.251612 
7.206451 
7.245161 
7.280644 
7.303225 
7.358064 
7.341935 
7.374193 
6.851612 
7.174193 
10.50967 
12.88064 
9.196773 
6.08387 
6.035483 
6.603225 
6.699999 
6.799999 
6.88387 
6.993547 
7.029031 
7.080644 
7.135483 
7.177419 
7.216128 
7.248386 
7.390322 
7.687096 
7.970967 
8.203225 
8.367741 
8.458064 
8.470967 
8.393548 
8.222579 
7.990322 
7.72258 
7.416128 
7.129032 
6.874193 
6.66129 
6.690322 
6.787096 
6.877418 
6.94516 
7.019354 
7.08387 
7.12258 
7.177419 
7.225806 
7.251612 
7.293548 
7.303225 
7.348386 
7.374193 
7.403225 
7.432257 
7.435483 
7.464515 
7.477418 
7.474193 
7.509676 
7.764515 
8.054838 
8.193548 
8.138709 
7.916128 
7.580644 
7.264515 
7.190322 
7.22258 
7.26129 
7.329031 
7.338709 
7.367741 
7.38387 
6.977418 
6.88387 
9.970967 
13.00322 
9.799999 
6.258064 
5.993547 
6.596773 
6.716128 
6.809677 
6.877418 
6.961289 
7.035483 
7.08387 
7.132257 
7.193548 
7.219354 
7.264515 
7.358064 
7.658064 
7.92258 
8.187096 
8.374193 
8.490322 
8.490322 
8.425806 
8.261289 
8.029031 
7.764515 
7.464515 
7.16129 
6.899999 
6.699999 
6.680644 
6.754838 
6.861289 
6.941935 
7.003225 
7.074193 
7.125806 
7.164515 
7.209677 
7.238709 
7.28387 
7.303225 
7.325806 
7.361289 
7.387096 
7.396773 
7.42258 
7.441935 
7.454838 
7.454838 
7.461289 
7.474193 
7.674193 
7.987096 
8.174193 
8.206451 
8.035483 
7.719354 
7.374193 
7.18387 
7.225806 
7.274193 
7.28387 
7.319354 
7.354838 
7.34516 
7.251612 
6.599999 
8.541934 
12.35161 
11.39032 
7.116128 
5.864515 
6.451612 
6.677419 
6.764515 
6.858064 
6.938709 
7.012902 
7.048386 
7.129032 
7.190322 
7.219354 
7.258064 
7.287096 
7.561289 
7.841935 
8.106451 
8.30645 
8.451612 
8.496773 
8.461289 
8.32258 
8.14516 
7.880644 
7.593547 
7.296773 
7.035483 
6.793548 
6.648386 
6.732257 
6.848386 
6.916128 
6.990322 
7.041934 
7.106451 
7.145161 
7.193548 
7.241935 
7.287096 
7.306451 
7.341935 
7.380644 
7.393548 
7.403225 
7.419354 
7.44516 
7.44516 
7.458064 
7.454838 
7.470967 
7.541934 
7.858064 
8.116127 
8.209676 
8.116127 
7.835483 
7.496773 
7.203225 
7.212903 
7.254838 
7.287096 
7.316128 
7.351612 
7.364515 
7.380644 
6.774193 
7.503225 
11.04193 
12.60322 
8.609676 
5.987096 
6.190322 
6.629032 
6.732257 
6.829031 
6.906451 
6.970967 
7.051612 
7.109676 
7.154838 
7.206451 
7.245161 
7.277419 
7.44516 
7.748386 
8.025805 
8.238709 
8.419354 
8.480644 
8.48387 
8.399999 
8.212903 
7.980644 
7.690322 
7.387096 
7.106451 
6.835483 
6.641935 
6.709677 
6.812902 
6.890322 
6.974193 
7.025805 
7.08387 
7.18387 
7.199999 
7.225806 
7.251612 
7.28387 
7.335483 
7.354838 
7.377418 
7.406451 
7.406451 
7.416128 
7.454838 
7.470967 
7.48387 
7.470967 
7.499999 
7.751612 
8.032257 
8.199999 
8.167741 
7.961289 
7.635483 
7.293548 
7.206451 
7.26129 
7.293548 
7.319354 
7.325806 
7.364515 
7.374193 
7.058063 
6.790322 
9.670967 
12.97096 
10.13548 
6.358064 
5.932257 
6.593547 
6.706451 
6.796773 
6.877418 
6.961289 
7.035483 
7.093547 
7.132257 
7.177419 
7.225806 
7.274193 
7.348386 
7.645161 
8.229031 
8.387096 
8.48387 
8.490322 
8.412902 
8.245161 
8.009676 
7.735483 
7.441935 
7.138709 
6.880644 
6.664515 
6.709677 
6.796773 
6.880644 
6.970967 
7.035483 
7.087096 
7.154838 
7.190322 
7.238709 
7.280644 
7.309677 
7.329031 
7.358064 
7.367741 
7.377418 
7.416128 
7.448386 
7.464515 
7.470967 
7.477418 
7.490322 
7.487096 
7.748386 
8.02258 
8.196773 
8.174193 
7.964515 
7.632257 
7.377418 
7.199999 
7.245161 
7.290322 
7.32258 
7.351612 
7.354838 
7.367741 
7.248386 
6.596773 
8.729031 
12.49677 
11.19032 
6.941935 
5.887096 
6.44516 
6.66129 
6.754838 
6.848386 
6.925806 
6.993547 
7.058063 
7.119354 
7.154838 
7.203225 
7.248386 
7.290322 
7.561289 
7.838709 
8.112902 
8.303225 
8.44516 
8.496773 
8.454837 
8.329031 
8.125805 
7.861289 
7.567741 
7.280644 
7.003225 
6.770967 
6.654838 
6.754838 
6.84516 
6.916128 
7.003225 
7.064515 
7.112902 
7.164515 
7.203225 
7.235483 
7.28387 
7.325806 
7.348386 
7.367741 
7.393548 
7.435483 
7.412902 
7.432257 
7.454838 
7.451612 
7.48387 
7.493547 
7.577418 
7.887096 
8.096773 
8.219354 
8.125805 
7.877418 
7.548386 
7.258064 
7.196774 
7.216128 
7.26129 
7.293548 
7.329031 
7.364515 
7.358064 
6.877418 
7.141935 
10.44516 
12.91935 
9.274192 
6.109677 
6.051612 
6.619354 
6.751612 
6.829031 
6.890322 
6.961289 
7.051612 
7.129032 
7.170967 
7.18387 
7.241935 
7.258064 
7.390322 
7.709677 
7.961289 
8.203225 
8.393548 
8.490322 
8.487095 
8.422579 
8.241934 
8.009676 
7.751612 
7.448386 
7.129032 
6.874193 
6.680644 
6.696774 
6.780644 
6.880644 
6.948386 
7.025805 
7.08387 
7.141935 
7.167741 
7.22258 
7.248386 
7.28387 
7.316128 
7.348386 
7.374193 
7.38387 
7.416128 
7.425806 
7.448386 
7.441935 
7.470967 
7.48387 
7.480644 
7.706451 
7.987096 
8.174193 
8.199999 
7.993547 
7.696774 
7.364515 
7.199999 
7.264515 
7.287096 
7.248386 
7.332257 
7.325806 
7.354838 
7.196774 
6.641935 
9.04516 
12.71612 
10.89354 
6.748386 
5.899999 
6.532257 
6.696774 
6.812902 
6.858064 
6.941935 
7.016128 
7.070967 
7.103225 
7.170967 
7.22258 
7.264515 
7.303225 
7.593547 
7.880644 
8.135483 
8.319354 
8.451612 
8.496773 
8.432257 
8.303225 
8.099999 
7.82258 
7.535483 
7.254838 
6.98387 
6.748386 
6.667741 
6.751612 
6.848386 
6.929031 
6.999999 
7.064515 
7.112902 
7.199999 
7.235483 
7.270967 
7.270967 
7.312902 
7.361289 
7.374193 
7.370967 
7.406451 
7.412902 
7.419354 
7.458064 
7.487096 
7.477418 
7.493547 
7.593547 
7.909677 
8.170967 
8.199999 
8.099999 
7.790322 
7.451612 
7.190322 
7.277419 
7.325806 
7.316128 
7.377418 
7.367741 
7.238709 
6.590322 
8.699999 
12.49032 
11.23225 
6.98387 
5.874193 
6.458064 
6.670967 
6.777419 
6.848386 
6.941935 
6.999999 
7.04516 
7.103225 
7.148386 
7.18387 
7.229032 
7.277419 
7.538709 
7.858064 
8.109676 
8.30645 
8.464515 
8.454837 
8.432257 
8.316128 
8.129031 
7.870967 
7.580644 
7.270967 
7.009676 
6.770967 
6.651612 
6.725806 
6.82258 
6.916128 
6.977418 
7.048386 
7.112902 
7.151612 
7.193548 
7.251612 
7.274193 
7.306451 
7.329031 
7.364515 
7.387096 
7.409677 
7.432257 
7.438709 
7.451612 
7.454838 
7.48387 
7.493547 
7.580644 
7.88387 
8.112902 
8.199999 
8.119354 
7.829031 
7.496773 
7.199999 
7.209677 
7.251612 
7.287096 
7.329031 
7.34516 
7.374193 
7.361289 
6.76129 
7.535483 
11.10322 
12.55483 
8.558063 
5.98387 
6.177419 
6.635483 
6.751612 
6.835483 
6.92258 
6.980644 
7.04516 
7.099999 
7.16129 
7.196774 
7.248386 
7.258064 
7.432257 
7.732257 
8.00645 
8.245161 
8.393548 
8.487095 
8.470967 
8.380644 
8.235483 
7.958064 
7.690322 
7.387096 
7.093547 
6.848386 
6.658064 
6.709677 
6.793548 
6.887096 
6.948386 
7.029031 
7.087096 
7.148386 
7.18387 
7.225806 
7.267741 
7.309677 
7.332257 
7.367741 
7.390322 
7.406451 
7.425806 
7.435483 
7.451612 
7.454838 
7.464515 
7.48387 
7.493547 
7.76129 
8.02258 
8.222579 
8.164515 
7.980644 
7.616128 
7.312902 
7.22258 
7.267741 
7.293548 
7.309677 
7.348386 
7.351612 
7.380644 
7.099999 
6.735483 
9.519353 
12.94838 
10.3258 
6.438709 
5.932257 
6.574193 
6.693548 
6.780644 
6.890322 
6.941935 
7.012902 
7.070967 
7.119354 
7.193548 
7.209677 
7.245161 
7.332257 
7.612902 
7.909677 
8.158063 
8.335483 
8.448386 
8.487095 
8.419354 
8.277419 
8.054838 
7.796773 
7.477418 
7.199999 
6.938709 
6.709677 
6.677419 
6.76129 
6.858064 
6.932257 
7.009676 
7.074193 
7.129032 
7.187096 
7.209677 
7.270967 
7.287096 
7.351612 
7.341935 
7.387096 
7.399999 
7.406451 
7.419354 
7.44516 
7.451612 
7.458064 
7.480644 
7.48387 
7.66129 
7.951612 
8.151612 
8.209676 
8.067741 
7.754838 
7.42258 
7.193548 
7.232257 
7.26129 
7.303225 
7.32258 
7.341935 
7.38387 
7.325806 
6.658064 
8.132257 
11.94193 
11.86451 
7.606451 
5.874193 
6.364515 
6.612903 
6.748386 
6.84516 
6.935483 
7.003225 
7.041934 
7.112902 
7.158064 
7.203225 
7.267741 
7.277419 
7.506451 
7.803225 
8.067741 
8.277419 
8.441934 
8.493547 
8.461289 
8.354838 
8.174193 
7.94516 
7.619354 
7.335483 
7.038709 
6.819354 
6.641935 
6.741935 
6.812902 
6.909677 
7.064515 
7.135483 
7.170967 
7.206451 
7.245161 
7.287096 
7.32258 
7.341935 
7.364515 
7.390322 
7.419354 
7.393548 
7.451612 
7.435483 
7.467741 
7.461289 
7.487096 
7.609676 
7.909677 
8.151612 
8.225806 
8.093547 
7.777419 
7.44516 
7.187096 
7.22258 
7.258064 
7.290322 
7.32258 
7.341935 
7.377418 
7.351612 
6.699999 
7.858064 
11.59354 
12.19032 
8.041934 
5.925806 
6.325806 
6.664515 
6.758064 
6.832257 
6.896773 
6.980644 
7.038709 
7.103225 
7.16129 
7.206451 
7.238709 
7.26129 
7.477418 
7.76129 
8.038708 
8.258064 
8.422579 
8.477418 
8.464515 
8.38387 
8.18387 
7.938709 
7.667741 
7.361289 
7.070967 
6.851612 
6.632257 
6.725806 
6.806451 
6.887096 
6.958064 
7.054838 
7.106451 
7.158064 
7.193548 
7.235483 
7.264515 
7.299999 
7.34516 
7.364515 
7.377418 
7.393548 
7.438709 
7.44516 
7.44516 
7.464515 
7.467741 
7.470967 
7.548386 
7.519354 
7.503225 
7.358064 
7.119354 
6.648386 
5.664515 
4.487096 
3.641935 
3.848387 
5.135483 
6.832257 
8.199999 
8.867741 
9.303225 
9.567741 
9.499999 
9.422579 
9.270967 
9.187096 
9.154838 
9.038708 
9.061289 
8.932257 
8.951612 
8.987095 
9.038708 
8.948386 
8.874193 
8.680644 
8.429031 
8.038708 
7.719354 
7.361289 
7.077418 
6.929031 
6.793548 
6.699999 
6.670967 
6.599999 
6.72258 
6.812902 
6.893548 
6.94516 
7.025805 
7.08387 
7.116128 
7.177419 
7.212903 
7.245161 
7.270967 
7.312902 
7.329031 
7.367741 
7.374193 
7.390322 
7.419354 
7.409677 
7.432257 
7.44516 
7.458064 
7.461289 
7.467741 
7.464515 
7.490322 
7.470967 
7.474193 
7.493547 
7.499999 
7.499999 
7.651612 
7.938709 
8.16129 
8.212903 
8.070966 
7.76129 
7.432257 
7.177419 
7.229032 
7.254838 
7.274193 
7.306451 
7.32258 
7.361289 
7.296773 
6.638709 
8.122579 
11.92257 
11.85161 
7.590322 
5.864515 
6.348386 
6.632257 
6.738709 
6.812902 
6.893548 
6.970967 
7.025805 
7.096773 
7.16129 
7.190322 
7.241935 
7.26129 
7.503225 
7.793548 
8.061289 
8.261289 
8.396773 
8.461289 
8.438709 
8.341935 
8.141935 
7.88387 
7.609676 
7.309677 
7.032257 
6.787096 
6.629032 
6.735483 
6.806451 
6.903225 
6.970967 
7.041934 
7.087096 
7.145161 
7.199999 
7.248386 
7.270967 
7.296773 
7.325806 
7.367741 
7.364515 
7.393548 
7.42258 
7.419354 
7.438709 
7.451612 
7.467741 
7.474193 
7.529031 
7.825806 
8.080644 
8.212903 
8.125805 
7.858064 
7.516128 
7.219354 
7.190322 
7.232257 
7.280644 
7.309677 
7.332257 
7.358064 
7.38387 
6.84516 
7.254838 
10.6387 
12.86451 
9.112902 
6.064515 
6.109677 
6.625806 
6.741935 
6.819354 
6.999999 
7.048386 
7.096773 
7.154838 
7.199999 
7.245161 
7.28387 
7.48387 
7.78387 
8.041934 
8.264515 
8.393548 
8.467741 
8.44516 
8.348386 
8.164515 
7.919354 
7.625806 
7.335483 
7.067741 
6.812902 
6.632257 
6.709677 
6.812902 
6.877418 
6.967741 
7.035483 
7.103225 
7.148386 
7.212903 
7.235483 
7.293548 
7.316128 
7.351612 
7.364515 
7.38387 
7.406451 
7.419354 
7.435483 
7.42258 
7.441935 
7.464515 
7.487096 
7.516128 
7.812902 
8.103224 
8.206451 
8.135483 
7.912902 
7.554838 
7.26129 
7.193548 
7.238709 
7.296773 
7.296773 
7.319354 
7.361289 
7.387096 
6.919354 
7.019354 
10.23225 
12.95806 
9.499999 
6.16129 
6.051612 
6.593547 
6.703225 
6.82258 
6.887096 
6.951612 
7.038709 
7.087096 
7.16129 
7.212903 
7.238709 
7.26129 
7.351612 
7.667741 
7.932257 
8.193548 
8.390321 
8.480644 
8.499999 
8.403224 
8.267741 
8.04516 
7.738709 
7.448386 
7.158064 
6.890322 
6.680644 
6.68387 
6.780644 
6.864515 
6.932257 
6.999999 
7.077418 
7.112902 
7.164515 
7.219354 
7.251612 
7.299999 
7.316128 
7.348386 
7.364515 
7.38387 
7.419354 
7.432257 
7.451612 
7.458064 
7.470967 
7.493547 
7.470967 
7.674193 
7.970967 
8.167741 
8.209676 
8.032257 
7.712903 
7.380644 
7.177419 
7.219354 
7.258064 
7.293548 
7.335483 
7.361289 
7.367741 
7.219354 
6.616128 
8.829031 
12.57419 
11.09032 
6.864515 
5.877418 
6.499999 
6.674193 
6.767741 
6.861289 
6.954838 
7.019354 
7.080644 
7.132257 
7.18387 
7.203225 
7.232257 
7.290322 
7.561289 
7.858064 
8.103224 
8.309677 
8.44516 
8.487095 
8.44516 
8.32258 
8.112902 
7.861289 
7.561289 
7.26129 
6.974193 
6.751612 
6.625806 
6.738709 
6.825806 
6.903225 
6.990322 
7.074193 
7.125806 
7.170967 
7.212903 
7.258064 
7.280644 
7.306451 
7.341935 
7.370967 
7.374193 
7.416128 
7.435483 
7.432257 
7.451612 
7.467741 
7.464515 
7.48387 
7.596773 
7.896773 
8.125805 
8.193548 
8.103224 
7.825806 
7.493547 
7.196774 
7.229032 
7.267741 
7.287096 
7.332257 
7.338709 
7.358064 
7.348386 
6.72258 
7.62258 
11.20645 
12.48709 
8.44516 
5.964515 
6.209677 
6.638709 
6.735483 
6.829031 
6.903225 
6.993547 
7.051612 
7.099999 
7.151612 
7.196774 
7.238709 
7.270967 
7.316128 
7.564515 
7.851612 
8.099999 
8.312902 
8.451612 
8.503225 
8.454837 
8.34516 
8.151612 
7.899999 
7.606451 
7.306451 
7.006451 
6.780644 
6.658064 
6.76129 
6.835483 
6.932257 
6.980644 
7.064515 
7.116128 
7.16129 
7.206451 
7.248386 
7.277419 
7.306451 
7.341935 
7.354838 
7.361289 
7.396773 
7.412902 
7.44516 
7.44516 
7.454838 
7.477418 
7.629032 
7.919354 
8.141935 
8.209676 
8.061289 
7.78387 
7.419354 
7.177419 
7.216128 
7.277419 
7.290322 
7.332257 
7.34516 
7.364515 
7.319354 
6.66129 
8.003225 
11.77096 
12.02903 
7.803225 
5.909677 
6.354838 
6.651612 
6.745161 
6.851612 
6.932257 
6.987096 
7.064515 
7.125806 
7.164515 
7.206451 
7.232257 
7.290322 
7.512902 
7.787096 
8.070966 
8.296773 
8.448386 
8.52258 
8.474192 
8.351612 
8.190321 
7.919354 
7.616128 
7.338709 
7.061289 
6.812902 
6.651612 
6.745161 
6.825806 
6.919354 
6.98387 
7.04516 
7.116128 
7.167741 
7.203225 
7.251612 
7.290322 
7.293548 
7.341935 
7.377418 
7.409677 
7.419354 
7.44516 
7.432257 
7.451612 
7.44516 
7.467741 
7.48387 
7.535483 
7.829031 
8.080644 
8.216128 
8.151612 
7.906451 
7.551612 
7.235483 
7.219354 
7.270967 
7.277419 
7.299999 
7.341935 
7.341935 
7.377418 
6.893548 
7.109676 
10.43548 
12.93225 
9.316128 
6.125806 
6.067741 
6.619354 
6.735483 
6.819354 
6.890322 
6.951612 
7.025805 
7.093547 
7.145161 
7.216128 
7.225806 
7.270967 
7.38387 
7.68387 
7.967741 
8.216128 
8.403224 
8.487095 
8.503225 
8.416128 
8.267741 
8.029031 
7.725806 
7.432257 
7.132257 
6.867741 
6.664515 
6.703225 
6.803225 
6.877418 
6.951612 
7.038709 
7.103225 
7.145161 
7.190322 
7.232257 
7.254838 
7.306451 
7.34516 
7.34516 
7.374193 
7.380644 
7.416128 
7.42258 
7.458064 
7.461289 
7.470967 
7.48387 
7.48387 
7.712903 
7.987096 
8.177418 
8.180644 
8.009676 
7.699999 
7.364515 
7.219354 
7.241935 
7.290322 
7.299999 
7.32258 
7.358064 
7.377418 
7.22258 
6.619354 
8.893548 
12.61612 
11.01612 
6.816128 
5.874193 
6.525805 
6.68387 
6.774193 
6.861289 
6.948386 
7.019354 
7.080644 
7.141935 
7.177419 
7.229032 
7.245161 
7.296773 
7.593547 
7.877418 
8.138709 
8.32258 
8.441934 
8.50645 
8.458064 
8.32258 
8.116127 
7.867741 
7.561289 
7.258064 
6.999999 
6.76129 
6.641935 
6.738709 
6.816128 
6.929031 
6.98387 
7.041934 
7.125806 
7.158064 
7.206451 
7.251612 
7.296773 
7.332257 
7.351612 
7.374193 
7.387096 
7.403225 
7.425806 
7.438709 
7.432257 
7.48387 
7.467741 
7.477418 
7.580644 
7.893548 
8.129031 
8.199999 
8.070966 
7.825806 
7.470967 
7.18387 
7.206451 
7.258064 
7.290322 
7.329031 
7.335483 
7.380644 
7.348386 
6.729032 
7.645161 
11.27741 
12.44838 
8.38387 
5.951612 
6.216128 
6.645161 
6.748386 
6.854838 
6.912902 
6.967741 
7.058063 
7.106451 
7.16129 
7.196774 
7.251612 
7.274193 
7.44516 
7.745161 
8.00645 
8.245161 
8.425806 
8.458064 
8.470967 
8.38387 
7.909677 
7.593547 
7.316128 
7.038709 
6.793548 
6.629032 
6.735483 
6.825806 
6.92258 
6.990322 
7.054838 
7.129032 
7.151612 
7.212903 
7.264515 
7.287096 
7.309677 
7.361289 
7.341935 
7.399999 
7.432257 
7.435483 
7.438709 
7.435483 
7.448386 
7.477418 
7.503225 
7.54516 
7.84516 
8.103224 
8.18387 
8.129031 
7.870967 
7.52258 
7.225806 
7.216128 
7.251612 
7.270967 
7.316128 
7.332257 
7.351612 
7.354838 
6.996773 
6.880644 
9.912902 
12.99999 
9.84516 
6.267741 
5.977418 
6.58387 
6.699999 
6.777419 
6.880644 
6.967741 
7.025805 
7.090322 
7.135483 
7.180644 
7.232257 
7.267741 
7.367741 
7.641935 
7.929031 
8.180644 
8.387096 
8.487095 
8.516128 
8.454837 
8.274192 
8.041934 
7.777419 
7.464515 
7.177419 
6.916128 
6.716128 
6.670967 
6.774193 
6.874193 
6.935483 
6.993547 
7.08387 
7.12258 
7.16129 
7.212903 
7.264515 
7.293548 
7.332257 
7.354838 
7.380644 
7.409677 
7.412902 
7.435483 
7.464515 
7.467741 
7.487096 
7.477418 
7.493547 
7.664515 
7.94516 
8.158063 
8.18387 
8.02258 
7.706451 
7.387096 
7.216128 
7.238709 
7.270967 
7.303225 
7.325806 
7.351612 
7.361289 
7.277419 
6.599999 
8.425806 
12.28064 
11.51935 
7.225806 
5.880644 
6.448386 
6.674193 
6.738709 
6.858064 
6.932257 
6.999999 
7.064515 
7.129032 
7.16129 
7.219354 
7.241935 
7.296773 
7.551612 
7.812902 
8.087096 
8.277419 
8.432257 
8.48387 
8.44516 
8.319354 
8.129031 
7.877418 
7.561289 
7.316128 
7.035483 
6.780644 
6.648386 
6.741935 
6.835483 
6.919354 
6.993547 
7.051612 
7.119354 
7.164515 
7.216128 
7.238709 
7.290322 
7.335483 
7.367741 
7.348386 
7.380644 
7.406451 
7.42258 
7.42258 
7.454838 
7.458064 
7.477418 
7.496773 
7.554838 
7.890322 
8.122579 
8.225806 
8.109676 
7.816128 
7.490322 
7.209677 
7.22258 
7.248386 
7.303225 
7.32258 
7.335483 
7.367741 
7.387096 
6.777419 
7.42258 
10.87741 
12.7258 
8.864515 
6.029031 
6.135483 
6.625806 
6.72258 
6.819354 
6.887096 
6.970967 
7.038709 
7.099999 
7.148386 
7.196774 
7.206451 
7.267741 
7.432257 
7.719354 
7.98387 
8.229031 
8.34516 
8.464515 
8.490322 
8.390321 
8.258064 
8.009676 
7.725806 
7.454838 
7.187096 
6.909677 
6.696774 
6.690322 
6.793548 
6.867741 
6.958064 
7.029031 
7.074193 
7.135483 
7.170967 
7.219354 
7.270967 
7.296773 
7.32258 
7.348386 
7.380644 
7.396773 
7.403225 
7.416128 
7.451612 
7.48387 
7.496773 
7.477418 
7.480644 
7.670967 
7.964515 
8.187096 
8.187096 
8.019353 
7.716128 
7.374193 
7.190322 
7.219354 
7.26129 
7.277419 
7.312902 
7.348386 
7.364515 
6.741935 
9.603224 
12.94838 
10.1387 
6.361289 
5.938709 
6.577418 
6.687096 
6.812902 
6.874193 
6.951612 
7.009676 
7.077418 
7.141935 
7.170967 
7.229032 
7.26129 
7.341935 
7.651612 
7.919354 
8.193548 
8.367741 
8.480644 
8.512902 
8.435482 
8.277419 
8.067741 
7.796773 
7.496773 
7.187096 
6.935483 
6.712903 
6.68387 
6.777419 
6.832257 
6.948386 
7.012902 
7.090322 
7.132257 
7.177419 
7.209677 
7.248386 
7.299999 
7.32258 
7.364515 
7.387096 
7.393548 
7.412902 
7.44516 
7.44516 
7.458064 
7.509676 
7.470967 
7.474193 
7.477418 
7.499999 
7.432257 
7.232257 
6.919354 
6.164515 
4.987096 
4.08387 
3.364516 
4.480644 
5.890322 
7.548386 
8.570966 
9.080644 
9.454837 
9.532257 
9.512902 
9.316128 
9.235483 
9.14516 
9.096773 
8.990322 
9.009676 
8.94516 
8.977418 
9.029031 
8.961289 
8.922579 
8.799999 
8.583869 
8.229031 
7.858064 
7.516128 
7.232257 
6.999999 
6.861289 
6.745161 
6.612903 
6.54516 
6.638709 
6.741935 
6.812902 
6.896773 
6.980644 
7.038709 
7.090322 
7.148386 
7.196774 
7.229032 
7.26129 
7.296773 
7.319354 
7.34516 
7.367741 
7.387096 
7.412902 
7.416128 
7.438709 
7.441935 
7.454838 
7.458064 
7.464515 
7.458064 
7.474193 
7.477418 
7.499999 
7.493547 
7.509676 
7.512902 
7.532257 
7.816128 
8.099999 
8.219354 
8.141935 
7.867741 
7.535483 
7.238709 
7.219354 
7.251612 
7.280644 
7.296773 
7.335483 
7.364515 
7.377418 
6.858064 
7.206451 
10.55806 
12.87096 
9.167741 
6.074193 
6.064515 
6.593547 
6.699999 
6.799999 
6.88387 
6.954838 
7.003225 
7.074193 
7.129032 
7.196774 
7.235483 
7.254838 
7.393548 
7.693548 
7.967741 
8.203225 
8.393548 
8.467741 
8.470967 
8.377418 
8.203225 
7.977418 
7.690322 
7.403225 
7.132257 
6.864515 
6.658064 
6.667741 
6.774193 
6.874193 
6.932257 
7.003225 
7.070967 
7.116128 
7.180644 
7.212903 
7.241935 
7.287096 
7.312902 
7.338709 
7.370967 
7.387096 
7.390322 
7.42258 
7.425806 
7.451612 
7.458064 
7.48387 
7.493547 
7.712903 
8.009676 
8.190321 
8.164515 
7.967741 
7.664515 
7.335483 
7.199999 
7.235483 
7.274193 
7.287096 
7.306451 
7.351612 
7.380644 
7.145161 
6.664515 
9.280644 
12.84515 
10.55806 
6.499999 
5.899999 
6.54516 
6.696774 
6.780644 
6.867741 
6.958064 
7.019354 
7.077418 
7.129032 
7.18387 
7.196774 
7.258064 
7.299999 
7.593547 
7.880644 
8.14516 
8.338708 
8.44516 
8.503225 
8.419354 
8.28387 
8.077418 
7.825806 
7.516128 
7.219354 
6.951612 
6.719354 
6.641935 
6.748386 
6.854838 
6.916128 
6.990322 
7.070967 
7.116128 
7.167741 
7.199999 
7.245161 
7.312902 
7.348386 
7.380644 
7.387096 
7.399999 
7.416128 
7.438709 
7.454838 
7.461289 
7.474193 
7.477418 
7.693548 
7.987096 
8.196773 
8.18387 
8.003225 
7.68387 
7.351612 
7.190322 
7.232257 
7.280644 
7.290322 
7.325806 
7.335483 
7.377418 
7.238709 
6.599999 
8.787096 
12.56128 
11.09999 
6.88387 
5.867741 
6.477418 
6.670967 
6.777419 
6.861289 
6.938709 
7.019354 
7.077418 
7.119354 
7.164515 
7.206451 
7.241935 
7.296773 
7.561289 
7.851612 
8.119354 
8.30645 
8.451612 
8.49677