              0	 -0.207
              1	 -0.195
              2	 -0.215
              3	 -0.180
              4	 -0.203
              5	 -0.210
              6	 -0.203
              7	 -0.203
              8	 -0.203
              9	 -0.225
             10	 -0.207
             11	 -0.215
             12	 -0.212
             13	 -0.165
             14	 -0.177
             15	 -0.163
             16	 -0.182
             17	 -0.175
             18	 -0.160
             19	 -0.170
             20	 -0.185
             21	 -0.223
             22	 -0.215
             23	 -0.203
             24	 -0.198
             25	 -0.215
             26	 -0.215
             27	 -0.198
             28	 -0.150
             29	 -0.155
             30	 -0.135
             31	 -0.113
             32	 -0.092
             33	 -0.105
             34	 -0.115
             35	 -0.080
             36	 -0.052
             37	 -0.062
             38	 -0.070
             39	 -0.090
             40	 -0.087
             41	 -0.095
             42	 -0.062
             43	 -0.068
             44	 -0.090
             45	 -0.110
             46	 -0.125
             47	 -0.135
             48	 -0.170
             49	 -0.190
             50	 -0.193
             51	 -0.182
             52	 -0.160
             53	 -0.185
             54	 -0.198
             55	 -0.205
             56	 -0.190
             57	 -0.190
             58	 -0.175
             59	 -0.215
             60	 -0.330
             61	 -0.497
             62	 -0.562
             63	 -0.455
             64	 -0.125
             65	  0.343
             66	  0.848
             67	  1.475
             68	  1.843
             69	  1.728
             70	  1.333
             71	  0.943
             72	  0.578
             73	  0.268
             74	  0.045
             75	 -0.080
             76	 -0.115
             77	 -0.122
             78	 -0.142
             79	 -0.155
             80	 -0.172
             81	 -0.172
             82	 -0.195
             83	 -0.200
             84	 -0.198
             85	 -0.205
             86	 -0.203
             87	 -0.210
             88	 -0.203
             89	 -0.195
             90	 -0.190
             91	 -0.205
             92	 -0.210
             93	 -0.205
             94	 -0.193
             95	 -0.182
             96	 -0.190
             97	 -0.193
             98	 -0.172
             99	 -0.177
            100	 -0.203
            101	 -0.212
            102	 -0.195
            103	 -0.185
            104	 -0.182
            105	 -0.155
            106	 -0.170
            107	 -0.170
            108	 -0.165
            109	 -0.165
            110	 -0.152
            111	 -0.158
            112	 -0.152
            113	 -0.130
            114	 -0.125
            115	 -0.117
            116	 -0.128
            117	 -0.090
            118	 -0.072
            119	 -0.055
            120	 -0.060
            121	 -0.062
            122	 -0.040
            123	 -0.022
            124	 -0.005
            125	 -0.003
            126	  0.028
            127	  0.035
            128	  0.058
            129	  0.068
            130	  0.080
            131	  0.083
            132	  0.080
            133	  0.085
            134	  0.080
            135	  0.058
            136	  0.058
            137	  0.037
            138	  0.007
            139	 -0.003
            140	 -0.005
            141	 -0.043
            142	 -0.055
            143	 -0.072
            144	 -0.080
            145	 -0.068
            146	 -0.085
            147	 -0.100
            148	 -0.102
            149	 -0.092
            150	 -0.095
            151	 -0.100
            152	 -0.115
            153	 -0.122
            154	 -0.128
            155	 -0.113
            156	 -0.110
            157	 -0.105
            158	 -0.105
            159	 -0.080
            160	 -0.110
            161	 -0.122
            162	 -0.117
            163	 -0.122
            164	 -0.115
            165	 -0.125
            166	 -0.130
            167	 -0.135
            168	 -0.130
            169	 -0.125
            170	 -0.120
            171	 -0.140
            172	 -0.128
            173	 -0.142
            174	 -0.152
            175	 -0.145
            176	 -0.115
            177	 -0.100
            178	 -0.105
            179	 -0.107
            180	 -0.105
            181	 -0.117
            182	 -0.128
            183	 -0.122
            184	 -0.115
            185	 -0.090
            186	 -0.085
            187	 -0.085
            188	 -0.095
            189	 -0.115
            190	 -0.105
            191	 -0.105
            192	 -0.120
            193	 -0.095
            194	 -0.098
            195	 -0.120
            196	 -0.105
            197	 -0.100
            198	 -0.092
            199	 -0.070
            200	 -0.065
            201	 -0.090
            202	 -0.095
            203	 -0.120
            204	 -0.142
            205	 -0.122
            206	 -0.102
            207	 -0.122
            208	 -0.128
            209	 -0.135
            210	 -0.120
            211	 -0.133
            212	 -0.170
            213	 -0.145
            214	 -0.150
            215	 -0.160
            216	 -0.155
            217	 -0.170
            218	 -0.165
            219	 -0.172
            220	 -0.163
            221	 -0.133
            222	 -0.133
            223	 -0.105
            224	 -0.130
            225	 -0.145
            226	 -0.135
            227	 -0.130
            228	 -0.125
            229	 -0.133
            230	 -0.115
            231	 -0.125
            232	 -0.130
            233	 -0.125
            234	 -0.125
            235	 -0.130
            236	 -0.098
            237	 -0.105
            238	 -0.090
            239	 -0.058
            240	 -0.043
            241	 -0.048
            242	 -0.055
            243	 -0.065
            244	 -0.075
            245	 -0.015
            246	  0.028
            247	  0.013
            248	 -0.013
            249	 -0.055
            250	 -0.058
            251	 -0.035
            252	 -0.015
            253	 -0.025
            254	 -0.040
            255	 -0.062
            256	 -0.095
            257	 -0.115
            258	 -0.125
            259	 -0.158
            260	 -0.150
            261	 -0.142
            262	 -0.135
            263	 -0.140
            264	 -0.175
            265	 -0.185
            266	 -0.172
            267	 -0.177
            268	 -0.190
            269	 -0.245
            270	 -0.365
            271	 -0.522
            272	 -0.583
            273	 -0.470
            274	 -0.145
            275	  0.297
            276	  0.818
            277	  1.433
            278	  1.873
            279	  1.885
            280	  1.502
            281	  1.107
            282	  0.748
            283	  0.417
            284	  0.177
            285	  0.028
            286	 -0.072
            287	 -0.110
            288	 -0.142
            289	 -0.125
            290	 -0.175
            291	 -0.193
            292	 -0.177
            293	 -0.198
            294	 -0.203
            295	 -0.215
            296	 -0.235
            297	 -0.225
            298	 -0.230
            299	 -0.225
            300	 -0.225
            301	 -0.210
            302	 -0.198
            303	 -0.198
            304	 -0.210
            305	 -0.212
            306	 -0.223
            307	 -0.212
            308	 -0.210
            309	 -0.220
            310	 -0.223
            311	 -0.220
            312	 -0.215
            313	 -0.212
            314	 -0.207
            315	 -0.210
            316	 -0.223
            317	 -0.215
            318	 -0.205
            319	 -0.193
            320	 -0.190
            321	 -0.190
            322	 -0.195
            323	 -0.195
            324	 -0.185
            325	 -0.170
            326	 -0.155
            327	 -0.133
            328	 -0.128
            329	 -0.120
            330	 -0.115
            331	 -0.055
            332	 -0.058
            333	 -0.065
            334	 -0.065
            335	 -0.033
            336	  0.007
            337	  0.015
            338	  0.025
            339	  0.033
            340	  0.055
            341	  0.068
            342	  0.087
            343	  0.090
            344	  0.100
            345	  0.087
            346	  0.087
            347	  0.075
            348	  0.058
            349	  0.015
            350	  0.015
            351	 -0.005
            352	 -0.022
            353	 -0.072
            354	 -0.062
            355	 -0.062
            356	 -0.072
            357	 -0.095
            358	 -0.077
            359	 -0.075
            360	 -0.087
            361	 -0.102
            362	 -0.110
            363	 -0.102
            364	 -0.080
            365	 -0.110
            366	 -0.113
            367	 -0.110
            368	 -0.107
            369	 -0.115
            370	 -0.120
            371	 -0.125
            372	 -0.128
            373	 -0.105
            374	 -0.095
            375	 -0.102
            376	 -0.075
            377	 -0.065
            378	 -0.065
            379	 -0.058
            380	 -0.068
            381	 -0.065
            382	 -0.072
            383	 -0.065
            384	 -0.055
            385	 -0.075
            386	 -0.080
            387	 -0.095
            388	 -0.087
            389	 -0.077
            390	 -0.065
            391	 -0.052
            392	 -0.065
            393	 -0.065
            394	 -0.075
            395	 -0.080
            396	 -0.075
            397	 -0.065
            398	 -0.065
            399	 -0.070
            400	 -0.065
            401	 -0.072
            402	 -0.065
            403	 -0.060
            404	 -0.055
            405	 -0.045
            406	 -0.043
            407	 -0.045
            408	 -0.045
            409	 -0.075
            410	 -0.062
            411	 -0.045
            412	 -0.043
            413	 -0.043
            414	 -0.050
            415	 -0.045
            416	 -0.035
            417	 -0.062
            418	 -0.052
            419	 -0.055
            420	 -0.062
            421	 -0.077
            422	 -0.068
            423	 -0.062
            424	 -0.075
            425	 -0.062
            426	 -0.060
            427	 -0.065
            428	 -0.062
            429	 -0.075
            430	 -0.075
            431	 -0.083
            432	 -0.058
            433	 -0.055
            434	 -0.052
            435	 -0.052
            436	 -0.055
            437	 -0.043
            438	 -0.043
            439	 -0.050
            440	 -0.040
            441	 -0.033
            442	 -0.005
            443	 -0.007
            444	 -0.005
            445	 -0.007
            446	 -0.007
            447	 -0.018
            448	 -0.007
            449	  0.007
            450	  0.045
            451	  0.065
            452	  0.083
            453	  0.048
            454	  0.055
            455	  0.048
            456	  0.058
            457	  0.037
            458	  0.035
            459	  0.028
            460	 -0.005
            461	 -0.022
            462	 -0.065
            463	 -0.065
            464	 -0.090
            465	 -0.090
            466	 -0.105
            467	 -0.075
            468	 -0.098
            469	 -0.080
            470	 -0.075
            471	 -0.075
            472	 -0.115
            473	 -0.140
            474	 -0.263
            475	 -0.417
            476	 -0.472
            477	 -0.385
            478	 -0.105
            479	  0.328
            480	  0.800
            481	  1.417
            482	  1.820
            483	  1.760
            484	  1.365
            485	  0.988
            486	  0.623
            487	  0.307
            488	  0.087
            489	 -0.003
            490	 -0.037
            491	 -0.035
            492	 -0.075
            493	 -0.130
            494	 -0.142
            495	 -0.168
            496	 -0.163
            497	 -0.165
            498	 -0.135
            499	 -0.145
            500	 -0.152
            501	 -0.133
            502	 -0.133
            503	 -0.145
            504	 -0.140
            505	 -0.135
            506	 -0.145
            507	 -0.138
            508	 -0.142
            509	 -0.125
            510	 -0.128
            511	 -0.125
            512	 -0.125
            513	 -0.140
            514	 -0.133
            515	 -0.150
            516	 -0.140
            517	 -0.145
            518	 -0.152
            519	 -0.147
            520	 -0.140
            521	 -0.145
            522	 -0.150
            523	 -0.135
            524	 -0.125
            525	 -0.130
            526	 -0.120
            527	 -0.102
            528	 -0.092
            529	 -0.087
            530	 -0.080
            531	 -0.080
            532	 -0.075
            533	 -0.077
            534	 -0.033
            535	 -0.018
            536	 -0.003
            537	  0.030
            538	  0.028
            539	  0.010
            540	  0.035
            541	  0.045
            542	  0.070
            543	  0.075
            544	  0.095
            545	  0.095
            546	  0.107
            547	  0.128
            548	  0.105
            549	  0.085
            550	  0.058
            551	  0.045
            552	  0.015
            553	  0.005
            554	 -0.025
            555	 -0.028
            556	 -0.040
            557	 -0.043
            558	 -0.055
            559	 -0.048
            560	 -0.052
            561	 -0.065
            562	 -0.075
            563	 -0.065
            564	 -0.060
            565	 -0.072
            566	 -0.050
            567	 -0.062
            568	 -0.055
            569	 -0.090
            570	 -0.083
            571	 -0.065
            572	 -0.072
            573	 -0.080
            574	 -0.070
            575	 -0.065
            576	 -0.033
            577	 -0.028
            578	 -0.052
            579	 -0.035
            580	 -0.033
            581	 -0.005
            582	 -0.015
            583	 -0.020
            584	 -0.033
            585	 -0.025
            586	 -0.013
            587	 -0.003
            588	 -0.003
            589	 -0.007
            590	 -0.007
            591	 -0.013
            592	 -0.035
            593	 -0.015
            594	 -0.005
            595	 -0.020
            596	 -0.005
            597	 -0.005
            598	 -0.015
            599	 -0.020
            600	 -0.018
            601	 -0.043
            602	 -0.003
            603	 -0.007
            604	 -0.003
            605	 -0.003
            606	 -0.003
            607	 -0.033
            608	 -0.028
            609	 -0.035
            610	 -0.035
            611	 -0.030
            612	 -0.030
            613	 -0.045
            614	 -0.048
            615	 -0.065
            616	 -0.055
            617	 -0.040
            618	 -0.058
            619	 -0.077
            620	 -0.095
            621	 -0.095
            622	 -0.092
            623	 -0.075
            624	 -0.045
            625	 -0.035
            626	 -0.035
            627	 -0.035
            628	 -0.030
            629	 -0.035
            630	 -0.033
            631	 -0.037
            632	 -0.040
            633	 -0.033
            634	 -0.035
            635	 -0.043
            636	 -0.043
            637	 -0.035
            638	 -0.025
            639	 -0.037
            640	 -0.055
            641	 -0.033
            642	 -0.030
            643	 -0.033
            644	 -0.045
            645	 -0.060
            646	 -0.035
            647	 -0.022
            648	 -0.007
            649	 -0.013
            650	 -0.015
            651	  0.005
            652	  0.007
            653	  0.010
            654	  0.025
            655	  0.025
            656	  0.025
            657	  0.043
            658	  0.052
            659	  0.095
            660	  0.113
            661	  0.107
            662	  0.105
            663	  0.105
            664	  0.102
            665	  0.080
            666	  0.080
            667	  0.080
            668	  0.043
            669	  0.028
            670	  0.020
            671	 -0.003
            672	 -0.003
            673	 -0.010
            674	 -0.010
            675	 -0.045
            676	 -0.060
            677	 -0.055
            678	 -0.013
            679	 -0.015
            680	 -0.030
            681	 -0.077
            682	 -0.172
            683	 -0.310
            684	 -0.393
            685	 -0.325
            686	 -0.072
            687	  0.357
            688	  0.848
            689	  1.462
            690	  1.853
            691	  1.762
            692	  1.343
            693	  0.963
            694	  0.588
            695	  0.282
            696	  0.125
            697	  0.028
            698	  0.010
            699	 -0.015
            700	 -0.030
            701	 -0.035
            702	 -0.068
            703	 -0.080
            704	 -0.080
            705	 -0.095
            706	 -0.092
            707	 -0.105
            708	 -0.092
            709	 -0.060
            710	 -0.072
            711	 -0.122
            712	 -0.105
            713	 -0.092
            714	 -0.110
            715	 -0.098
            716	 -0.102
            717	 -0.092
            718	 -0.090
            719	 -0.077
            720	 -0.087
            721	 -0.090
            722	 -0.100
            723	 -0.105
            724	 -0.105
            725	 -0.120
            726	 -0.090
            727	 -0.065
            728	 -0.060
            729	 -0.075
            730	 -0.090
            731	 -0.090
            732	 -0.075
            733	 -0.060
            734	 -0.055
            735	 -0.060
            736	 -0.035
            737	 -0.025
            738	 -0.015
            739	 -0.022
            740	  0.005
            741	  0.013
            742	  0.018
            743	  0.035
            744	  0.058
            745	  0.095
            746	  0.102
            747	  0.085
            748	  0.087
            749	  0.107
            750	  0.138
            751	  0.145
            752	  0.168
            753	  0.142
            754	  0.155
            755	  0.158
            756	  0.145
            757	  0.128
            758	  0.125
            759	  0.100
            760	  0.075
            761	  0.055
            762	  0.048
            763	  0.030
            764	  0.015
            765	  0.007
            766	  0.007
            767	 -0.013
            768	 -0.015
            769	 -0.022
            770	 -0.035
            771	 -0.030
            772	 -0.037
            773	 -0.033
            774	 -0.035
            775	 -0.025
            776	 -0.015
            777	 -0.025
            778	 -0.025
            779	  0.018
            780	  0.025
            781	  0.058
            782	  0.135
            783	  0.258
            784	  0.463
            785	  0.695
            786	  0.895
            787	  1.038
            788	  1.042
            789	  0.897
            790	  0.378
            791	 -0.427
            792	 -1.042
            793	 -1.327
            794	 -1.462
            795	 -1.508
            796	 -1.512
            797	 -1.373
            798	 -1.137
            799	 -0.843
            800	 -0.657
            801	 -0.552
            802	 -0.537
            803	 -0.557
            804	 -0.627
            805	 -0.627
            806	 -0.632
            807	 -0.580
            808	 -0.468
            809	 -0.323
            810	 -0.165
            811	 -0.075
            812	 -0.003
            813	 -0.005
            814	  0.013
            815	  0.022
            816	  0.048
            817	  0.068
            818	  0.068
            819	  0.080
            820	  0.105
            821	  0.107
            822	  0.107
            823	  0.145
            824	  0.163
            825	  0.168
            826	  0.168
            827	  0.168
            828	  0.177
            829	  0.188
            830	  0.195
            831	  0.233
            832	  0.240
            833	  0.228
            834	  0.245
            835	  0.297
            836	  0.328
            837	  0.378
            838	  0.448
            839	  0.522
            840	  0.598
            841	  0.667
            842	  0.757
            843	  0.807
            844	  0.828
            845	  0.877
            846	  0.902
            847	  0.922
            848	  0.958
            849	  0.958
            850	  0.948
            851	  0.932
            852	  0.880
            853	  0.815
            854	  0.728
            855	  0.667
            856	  0.608
            857	  0.580
            858	  0.507
            859	  0.443
            860	  0.362
            861	  0.318
            862	  0.268
            863	  0.212
            864	  0.152
            865	  0.138
            866	  0.125
            867	  0.085
            868	  0.065
            869	  0.035
            870	  0.033
            871	  0.028
            872	  0.020
            873	  0.015
            874	 -0.003
            875	 -0.003
            876	  0.005
            877	  0.015
            878	 -0.003
            879	 -0.007
            880	 -0.015
            881	  0.007
            882	  0.005
            883	  0.003
            884	 -0.005
            885	 -0.003
            886	 -0.003
            887	  0.015
            888	  0.013
            889	  0.013
            890	  0.015
            891	  0.018
            892	 -0.020
            893	 -0.022
            894	 -0.022
            895	 -0.010
            896	 -0.010
            897	  0.005
            898	  0.007
            899	  0.005
            900	 -0.015
            901	 -0.040
            902	 -0.020
            903	 -0.033
            904	 -0.030
            905	 -0.060
            906	 -0.050
            907	 -0.050
            908	 -0.040
            909	 -0.055
            910	 -0.072
            911	 -0.055
            912	 -0.062
            913	 -0.055
            914	 -0.043
            915	 -0.035
            916	 -0.043
            917	 -0.055
            918	 -0.045
            919	 -0.055
            920	 -0.050
            921	 -0.055
            922	 -0.020
            923	 -0.043
            924	 -0.065
            925	 -0.062
            926	 -0.070
            927	 -0.068
            928	 -0.087
            929	 -0.065
            930	 -0.072
            931	 -0.045
            932	 -0.043
            933	 -0.062
            934	 -0.102
            935	 -0.105
            936	 -0.120
            937	 -0.092
            938	 -0.085
            939	 -0.080
            940	 -0.092
            941	 -0.092
            942	 -0.105
            943	 -0.113
            944	 -0.105
            945	 -0.072
            946	 -0.072
            947	 -0.087
            948	 -0.098
            949	 -0.092
            950	 -0.077
            951	 -0.077
            952	 -0.072
            953	 -0.065
            954	 -0.060
            955	 -0.060
            956	 -0.070
            957	 -0.107
            958	 -0.115
            959	 -0.115
            960	 -0.110
            961	 -0.110
            962	 -0.092
            963	 -0.098
            964	 -0.100
            965	 -0.092
            966	 -0.102
            967	 -0.102
            968	 -0.085
            969	 -0.080
            970	 -0.080
            971	 -0.080
            972	 -0.045
            973	 -0.040
            974	 -0.080
            975	 -0.110
            976	 -0.140
            977	 -0.145
            978	 -0.133
            979	 -0.102
            980	 -0.085
            981	 -0.098
            982	 -0.095
            983	 -0.080
            984	 -0.070
            985	 -0.090
            986	 -0.092
            987	 -0.075
            988	 -0.072
            989	 -0.095
            990	 -0.092
            991	 -0.102
            992	 -0.115
            993	 -0.105
            994	 -0.100
            995	 -0.087
            996	 -0.087
            997	 -0.090
            998	 -0.095
            999	 -0.095
           1000	 -0.098
           1001	 -0.083
           1002	 -0.080
           1003	 -0.085
           1004	 -0.083
           1005	 -0.095
           1006	 -0.090
           1007	 -0.085
           1008	 -0.075
           1009	 -0.090
           1010	 -0.107
           1011	 -0.095
           1012	 -0.105
           1013	 -0.072
           1014	 -0.065
           1015	 -0.040
           1016	 -0.055
           1017	 -0.055
           1018	 -0.055
           1019	 -0.065
           1020	 -0.085
           1021	 -0.062
           1022	 -0.055
           1023	 -0.070
           1024	 -0.075
           1025	 -0.070
           1026	 -0.052
           1027	 -0.060
           1028	 -0.075
           1029	 -0.060
           1030	 -0.090
           1031	 -0.098
           1032	 -0.085
           1033	 -0.075
           1034	 -0.045
           1035	 -0.043
           1036	 -0.052
           1037	 -0.052
           1038	 -0.050
           1039	 -0.035
           1040	 -0.018
           1041	 -0.025
           1042	 -0.033
           1043	 -0.050
           1044	 -0.065
           1045	 -0.035
           1046	 -0.065
           1047	 -0.062
           1048	 -0.075
           1049	 -0.052
           1050	 -0.040
           1051	 -0.060
           1052	 -0.055
           1053	 -0.043
           1054	 -0.033
           1055	 -0.055
           1056	 -0.035
           1057	 -0.025
           1058	 -0.040
           1059	 -0.033
           1060	 -0.003
           1061	 -0.015
           1062	  0.005
           1063	 -0.005
           1064	 -0.015
           1065	  0.007
           1066	  0.033
           1067	  0.105
           1068	  0.107
           1069	  0.117
           1070	  0.115
           1071	  0.115
           1072	  0.072
           1073	  0.087
           1074	  0.107
           1075	  0.105
           1076	  0.068
           1077	  0.055
           1078	 -0.003
           1079	 -0.028
           1080	 -0.045
           1081	 -0.095
           1082	 -0.092
           1083	 -0.085
           1084	 -0.080
           1085	 -0.092
           1086	 -0.100
           1087	 -0.113
           1088	 -0.087
           1089	 -0.085
           1090	 -0.113
           1091	 -0.100
           1092	 -0.135
           1093	 -0.115
           1094	 -0.150
           1095	 -0.263
           1096	 -0.407
           1097	 -0.445
           1098	 -0.355
           1099	 -0.085
           1100	  0.307
           1101	  0.828
           1102	  1.427
           1103	  1.792
           1104	  1.700
           1105	  1.317
           1106	  0.927
           1107	  0.557
           1108	  0.275
           1109	  0.113
           1110	  0.005
           1111	 -0.035
           1112	 -0.075
           1113	 -0.105
           1114	 -0.122
           1115	 -0.125
           1116	 -0.165
           1117	 -0.172
           1118	 -0.175
           1119	 -0.193
           1120	 -0.195
           1121	 -0.193
           1122	 -0.215
           1123	 -0.205
           1124	 -0.195
           1125	 -0.212
           1126	 -0.205
           1127	 -0.203
           1128	 -0.198
           1129	 -0.220
           1130	 -0.233
           1131	 -0.240
           1132	 -0.235
           1133	 -0.210
           1134	 -0.205
           1135	 -0.182
           1136	 -0.193
           1137	 -0.195
           1138	 -0.203
           1139	 -0.235
           1140	 -0.225
           1141	 -0.212
           1142	 -0.205
           1143	 -0.207
           1144	 -0.203
           1145	 -0.168
           1146	 -0.172
           1147	 -0.155
           1148	 -0.160
           1149	 -0.133
           1150	 -0.138
           1151	 -0.130
           1152	 -0.135
           1153	 -0.125
           1154	 -0.095
           1155	 -0.077
           1156	 -0.085
           1157	 -0.105
           1158	 -0.075
           1159	 -0.072
           1160	 -0.070
           1161	 -0.068
           1162	 -0.045
           1163	 -0.035
           1164	  0.005
           1165	 -0.003
           1166	  0.018
           1167	  0.007
           1168	  0.018
           1169	  0.048
           1170	  0.055
           1171	  0.045
           1172	  0.028
           1173	  0.048
           1174	  0.020
           1175	 -0.003
           1176	 -0.003
           1177	 -0.020
           1178	 -0.045
           1179	 -0.033
           1180	 -0.035
           1181	 -0.030
           1182	 -0.037
           1183	 -0.040
           1184	 -0.043
           1185	 -0.045
           1186	 -0.060
           1187	 -0.060
           1188	 -0.075
           1189	 -0.075
           1190	 -0.068
           1191	 -0.077
           1192	 -0.055
           1193	 -0.072
           1194	 -0.075
           1195	 -0.100
           1196	 -0.090
           1197	 -0.075
           1198	 -0.077
           1199	 -0.043
           1200	 -0.045
           1201	 -0.055
           1202	 -0.035
           1203	 -0.050
           1204	 -0.068
           1205	 -0.072
           1206	 -0.062
           1207	 -0.072
           1208	 -0.062
           1209	 -0.072
           1210	 -0.065
           1211	 -0.052
           1212	 -0.068
           1213	 -0.068
           1214	 -0.080
           1215	 -0.072
           1216	 -0.080
           1217	 -0.080
           1218	 -0.075
           1219	 -0.095
           1220	 -0.090
           1221	 -0.110
           1222	 -0.087
           1223	 -0.085
           1224	 -0.090
           1225	 -0.087
           1226	 -0.085
           1227	 -0.090
           1228	 -0.095
           1229	 -0.080
           1230	 -0.080
           1231	 -0.095
           1232	 -0.110
           1233	 -0.085
           1234	 -0.077
           1235	 -0.072
           1236	 -0.085
           1237	 -0.090
           1238	 -0.075
           1239	 -0.080
           1240	 -0.100
           1241	 -0.105
           1242	 -0.102
           1243	 -0.090
           1244	 -0.090
           1245	 -0.100
           1246	 -0.077
           1247	 -0.098
           1248	 -0.125
           1249	 -0.125
           1250	 -0.090
           1251	 -0.075
           1252	 -0.085
           1253	 -0.102
           1254	 -0.107
           1255	 -0.085
           1256	 -0.095
           1257	 -0.122
           1258	 -0.115
           1259	 -0.107
           1260	 -0.105
           1261	 -0.095
           1262	 -0.075
           1263	 -0.072
           1264	 -0.075
           1265	 -0.052
           1266	 -0.035
           1267	 -0.037
           1268	 -0.035
           1269	 -0.010
           1270	  0.007
           1271	  0.065
           1272	  0.110
           1273	  0.115
           1274	  0.098
           1275	  0.080
           1276	  0.095
           1277	  0.087
           1278	  0.087
           1279	  0.080
           1280	  0.095
           1281	  0.060
           1282	  0.025
           1283	 -0.005
           1284	 -0.040
           1285	 -0.080
           1286	 -0.090
           1287	 -0.128
           1288	 -0.140
           1289	 -0.170
           1290	 -0.158
           1291	 -0.160
           1292	 -0.160
           1293	 -0.160
           1294	 -0.165
           1295	 -0.165
           1296	 -0.172
           1297	 -0.168
           1298	 -0.182
           1299	 -0.225
           1300	 -0.310
           1301	 -0.460
           1302	 -0.525
           1303	 -0.495
           1304	 -0.258
           1305	  0.147
           1306	  0.608
           1307	  1.183
           1308	  1.677
           1309	  1.758
           1310	  1.448
           1311	  1.032
           1312	  0.667
           1313	  0.378
           1314	  0.152
           1315	  0.015
           1316	 -0.052
           1317	 -0.083
           1318	 -0.117
           1319	 -0.155
           1320	 -0.188
           1321	 -0.195
           1322	 -0.215
           1323	 -0.210
           1324	 -0.203
           1325	 -0.203
           1326	 -0.212
           1327	 -0.215
           1328	 -0.215
           1329	 -0.215
           1330	 -0.203
           1331	 -0.198
           1332	 -0.217
           1333	 -0.225
           1334	 -0.237
           1335	 -0.240
           1336	 -0.230
           1337	 -0.217
           1338	 -0.230
           1339	 -0.215
           1340	 -0.205
           1341	 -0.205
           1342	 -0.198
           1343	 -0.212
           1344	 -0.190
           1345	 -0.147
           1346	 -0.152
           1347	 -0.158
           1348	 -0.155
           1349	 -0.160
           1350	 -0.140
           1351	 -0.133
           1352	 -0.130
           1353	 -0.135
           1354	 -0.115
           1355	 -0.135
           1356	 -0.138
           1357	 -0.125
           1358	 -0.142
           1359	 -0.125
           1360	 -0.095
           1361	 -0.100
           1362	 -0.085
           1363	 -0.083
           1364	 -0.062
           1365	 -0.045
           1366	 -0.022
           1367	 -0.010
           1368	  0.007
           1369	  0.013
           1370	  0.018
           1371	  0.020
           1372	  0.028
           1373	  0.030
           1374	  0.025
           1375	 -0.010
           1376	  0.005
           1377	 -0.005
           1378	 -0.025
           1379	 -0.035
           1380	 -0.045
           1381	 -0.070
           1382	 -0.085
           1383	 -0.102
           1384	 -0.105
           1385	 -0.120
           1386	 -0.115
           1387	 -0.133
           1388	 -0.125
           1389	 -0.122
           1390	 -0.122
           1391	 -0.125
           1392	 -0.142
           1393	 -0.165
           1394	 -0.182
           1395	 -0.133
           1396	 -0.130
           1397	 -0.117
           1398	 -0.158
           1399	 -0.160
           1400	 -0.155
           1401	 -0.160
           1402	 -0.170
           1403	 -0.180
           1404	 -0.160
           1405	 -0.152
           1406	 -0.140
           1407	 -0.122
           1408	 -0.130
           1409	 -0.095
           1410	 -0.130
           1411	 -0.160
           1412	 -0.147
           1413	 -0.160
           1414	 -0.170
           1415	 -0.165
           1416	 -0.155
           1417	 -0.160
           1418	 -0.160
           1419	 -0.165
           1420	 -0.133
           1421	 -0.130
           1422	 -0.155
           1423	 -0.177
           1424	 -0.177
           1425	 -0.177
           1426	 -0.168
           1427	 -0.155
           1428	 -0.170
           1429	 -0.142
           1430	 -0.122
           1431	 -0.135
           1432	 -0.142
           1433	 -0.160
           1434	 -0.168
           1435	 -0.152
           1436	 -0.145
           1437	 -0.150
           1438	 -0.155
           1439	 -0.138
           1440	 -0.130
           1441	 -0.147
           1442	 -0.170
           1443	 -0.170
           1444	 -0.147
           1445	 -0.150
           1446	 -0.150
           1447	 -0.160
           1448	 -0.147
           1449	 -0.145
           1450	 -0.130
           1451	 -0.122
           1452	 -0.122
           1453	 -0.147
           1454	 -0.170
           1455	 -0.172
           1456	 -0.168
           1457	 -0.150
           1458	 -0.125
           1459	 -0.142
           1460	 -0.175
           1461	 -0.170
           1462	 -0.170
           1463	 -0.160
           1464	 -0.180
           1465	 -0.203
           1466	 -0.205
           1467	 -0.193
           1468	 -0.172
           1469	 -0.170
           1470	 -0.145
           1471	 -0.122
           1472	 -0.085
           1473	 -0.075
           1474	 -0.115
           1475	 -0.113
           1476	 -0.065
           1477	 -0.037
           1478	  0.005
           1479	  0.035
           1480	  0.007
           1481	 -0.010
           1482	 -0.013
           1483	  0.007
           1484	  0.018
           1485	  0.035
           1486	 -0.003
           1487	 -0.022
           1488	 -0.060
           1489	 -0.100
           1490	 -0.152
           1491	 -0.210
           1492	 -0.235
           1493	 -0.265
           1494	 -0.240
           1495	 -0.235
           1496	 -0.220
           1497	 -0.237
           1498	 -0.258
           1499	 -0.275
           1500	 -0.270
           1501	 -0.280
           1502	 -0.263
           1503	 -0.253
           1504	 -0.285
           1505	 -0.287
           1506	 -0.393
           1507	 -0.530
           1508	 -0.637
           1509	 -0.603
           1510	 -0.370
           1511	  0.058
           1512	  0.537
           1513	  1.125
           1514	  1.597
           1515	  1.660
           1516	  1.337
           1517	  0.953
           1518	  0.603
           1519	  0.305
           1520	  0.092
           1521	 -0.090
           1522	 -0.172
           1523	 -0.220
           1524	 -0.245
           1525	 -0.287
           1526	 -0.253
           1527	 -0.273
           1528	 -0.287
           1529	 -0.300
           1530	 -0.305
           1531	 -0.315
           1532	 -0.325
           1533	 -0.333
           1534	 -0.333
           1535	 -0.330
           1536	 -0.318
           1537	 -0.325
           1538	 -0.325
           1539	 -0.328
           1540	 -0.323
           1541	 -0.300
           1542	 -0.310
           1543	 -0.312
           1544	 -0.323
           1545	 -0.323
           1546	 -0.323
           1547	 -0.292
           1548	 -0.307
           1549	 -0.312
           1550	 -0.300
           1551	 -0.310
           1552	 -0.300
           1553	 -0.305
           1554	 -0.310
           1555	 -0.300
           1556	 -0.305
           1557	 -0.315
           1558	 -0.300
           1559	 -0.278
           1560	 -0.263
           1561	 -0.255
           1562	 -0.240
           1563	 -0.255
           1564	 -0.253
           1565	 -0.223
           1566	 -0.220
           1567	 -0.205
           1568	 -0.185
           1569	 -0.152
           1570	 -0.122
           1571	 -0.115
           1572	 -0.120
           1573	 -0.095
           1574	 -0.065
           1575	 -0.055
           1576	 -0.065
           1577	 -0.065
           1578	 -0.052
           1579	 -0.080
           1580	 -0.080
           1581	 -0.055
           1582	 -0.055
           1583	 -0.085
           1584	 -0.113
           1585	 -0.130
           1586	 -0.140
           1587	 -0.160
           1588	 -0.172
           1589	 -0.147
           1590	 -0.160
           1591	 -0.158
           1592	 -0.188
           1593	 -0.190
           1594	 -0.180
           1595	 -0.185
           1596	 -0.230
           1597	 -0.245
           1598	 -0.235
           1599	 -0.220
           1600	 -0.215
           1601	 -0.190
           1602	 -0.193
           1603	 -0.182
           1604	 -0.198
           1605	 -0.203
           1606	 -0.193
           1607	 -0.200
           1608	 -0.210
           1609	 -0.193
           1610	 -0.175
           1611	 -0.165
           1612	 -0.160
           1613	 -0.158
           1614	 -0.193
           1615	 -0.195
           1616	 -0.205
           1617	 -0.190
           1618	 -0.175
           1619	 -0.170
           1620	 -0.185
           1621	 -0.195
           1622	 -0.195
           1623	 -0.215
           1624	 -0.215
           1625	 -0.217
           1626	 -0.230
           1627	 -0.235
           1628	 -0.225
           1629	 -0.235
           1630	 -0.220
           1631	 -0.220
           1632	 -0.215
           1633	 -0.212
           1634	 -0.245
           1635	 -0.225
           1636	 -0.215
           1637	 -0.195
           1638	 -0.193
           1639	 -0.237
           1640	 -0.215
           1641	 -0.223
           1642	 -0.223
           1643	 -0.215
           1644	 -0.220
           1645	 -0.230
           1646	 -0.205
           1647	 -0.205
           1648	 -0.220
           1649	 -0.217
           1650	 -0.235
           1651	 -0.210
           1652	 -0.198
           1653	 -0.215
           1654	 -0.225
           1655	 -0.217
           1656	 -0.200
           1657	 -0.180
           1658	 -0.203
           1659	 -0.225
           1660	 -0.223
           1661	 -0.228
           1662	 -0.220
           1663	 -0.212
           1664	 -0.215
           1665	 -0.215
           1666	 -0.220
           1667	 -0.215
           1668	 -0.210
           1669	 -0.223
           1670	 -0.185
           1671	 -0.165
           1672	 -0.135
           1673	 -0.115
           1674	 -0.085
           1675	 -0.095
           1676	 -0.080
           1677	 -0.087
           1678	 -0.075
           1679	 -0.035
           1680	 -0.010
           1681	  0.005
           1682	 -0.015
           1683	 -0.025
           1684	 -0.035
           1685	 -0.040
           1686	 -0.003
           1687	 -0.003
           1688	 -0.022
           1689	 -0.045
           1690	 -0.070
           1691	 -0.115
           1692	 -0.140
           1693	 -0.145
           1694	 -0.193
           1695	 -0.233
           1696	 -0.225
           1697	 -0.220
           1698	 -0.223
           1699	 -0.215
           1700	 -0.225
           1701	 -0.230
           1702	 -0.240
           1703	 -0.250
           1704	 -0.245
           1705	 -0.250
           1706	 -0.285
           1707	 -0.315
           1708	 -0.455
           1709	 -0.570
           1710	 -0.615
           1711	 -0.485
           1712	 -0.172
           1713	  0.258
           1714	  0.802
           1715	  1.383
           1716	  1.692
           1717	  1.518
           1718	  1.143
           1719	  0.787
           1720	  0.482
           1721	  0.228
           1722	  0.050
           1723	 -0.080
           1724	 -0.160
           1725	 -0.210
           1726	 -0.240
           1727	 -0.265
           1728	 -0.282
           1729	 -0.282
           1730	 -0.278
           1731	 -0.300
           1732	 -0.287
           1733	 -0.310
           1734	 -0.323
           1735	 -0.315
           1736	 -0.305
           1737	 -0.315
           1738	 -0.295
           1739	 -0.305
           1740	 -0.305
           1741	 -0.300
           1742	 -0.310
           1743	 -0.300
           1744	 -0.307
           1745	 -0.300
           1746	 -0.318
           1747	 -0.310
           1748	 -0.300
           1749	 -0.292
           1750	 -0.287
           1751	 -0.292
           1752	 -0.297
           1753	 -0.287
           1754	 -0.260
           1755	 -0.258
           1756	 -0.245
           1757	 -0.225
           1758	 -0.280
           1759	 -0.282
           1760	 -0.255
           1761	 -0.268
           1762	 -0.255
           1763	 -0.245
           1764	 -0.265
           1765	 -0.245
           1766	 -0.235
           1767	 -0.217
           1768	 -0.212
           1769	 -0.205
           1770	 -0.190
           1771	 -0.165
           1772	 -0.150
           1773	 -0.122
           1774	 -0.122
           1775	 -0.102
           1776	 -0.085
           1777	 -0.065
           1778	 -0.052
           1779	 -0.055
           1780	 -0.080
           1781	 -0.055
           1782	 -0.045
           1783	 -0.048
           1784	 -0.107
           1785	 -0.115
           1786	 -0.115
           1787	 -0.125
           1788	 -0.155
           1789	 -0.175
           1790	 -0.165
           1791	 -0.175
           1792	 -0.182
           1793	 -0.185
           1794	 -0.175
           1795	 -0.195
           1796	 -0.203
           1797	 -0.190
           1798	 -0.190
           1799	 -0.182
           1800	 -0.172
           1801	 -0.200
           1802	 -0.190
           1803	 -0.185
           1804	 -0.135
           1805	 -0.155
           1806	 -0.150
           1807	 -0.190
           1808	 -0.195
           1809	 -0.165
           1810	 -0.170
           1811	 -0.145
           1812	 -0.160
           1813	 -0.160
           1814	 -0.193
           1815	 -0.175
           1816	 -0.170
           1817	 -0.190
           1818	 -0.215
           1819	 -0.223
           1820	 -0.185
           1821	 -0.175
           1822	 -0.152
           1823	 -0.135
           1824	 -0.140
           1825	 -0.155
           1826	 -0.130
           1827	 -0.158
           1828	 -0.193
           1829	 -0.175
           1830	 -0.175
           1831	 -0.168
           1832	 -0.182
           1833	 -0.175
           1834	 -0.155
           1835	 -0.142
           1836	 -0.160
           1837	 -0.180
           1838	 -0.170
           1839	 -0.155
           1840	 -0.152
           1841	 -0.110
           1842	 -0.135
           1843	 -0.138
           1844	 -0.125
           1845	 -0.142
           1846	 -0.155
           1847	 -0.145
           1848	 -0.145
           1849	 -0.152
           1850	 -0.150
           1851	 -0.130
           1852	 -0.133
           1853	 -0.135
           1854	 -0.138
           1855	 -0.117
           1856	 -0.113
           1857	 -0.122
           1858	 -0.165
           1859	 -0.175
           1860	 -0.155
           1861	 -0.165
           1862	 -0.150
           1863	 -0.135
           1864	 -0.130
           1865	 -0.150
           1866	 -0.180
           1867	 -0.203
           1868	 -0.182
           1869	 -0.155
           1870	 -0.158
           1871	 -0.150
           1872	 -0.135
           1873	 -0.105
           1874	 -0.077
           1875	 -0.072
           1876	 -0.070
           1877	 -0.033
           1878	 -0.040
           1879	 -0.040
           1880	 -0.043
           1881	 -0.043
           1882	  0.018
           1883	  0.058
           1884	  0.055
           1885	  0.055
           1886	  0.060
           1887	  0.068
           1888	  0.068
           1889	  0.045
           1890	 -0.005
           1891	 -0.030
           1892	 -0.048
           1893	 -0.072
           1894	 -0.080
           1895	 -0.107
           1896	 -0.135
           1897	 -0.155
           1898	 -0.140
           1899	 -0.155
           1900	 -0.155
           1901	 -0.163
           1902	 -0.172
           1903	 -0.160
           1904	 -0.163
           1905	 -0.200
           1906	 -0.253
           1907	 -0.390
           1908	 -0.517
           1909	 -0.517
           1910	 -0.325
           1911	  0.015
           1912	  0.487
           1913	  1.065
           1914	  1.607
           1915	  1.780
           1916	  1.540
           1917	  1.220
           1918	  0.887
           1919	  0.532
           1920	  0.278
           1921	  0.095
           1922	 -0.005
           1923	 -0.040
           1924	 -0.080
           1925	 -0.130
           1926	 -0.195
           1927	 -0.265
           1928	 -0.265
           1929	 -0.255
           1930	 -0.270
           1931	 -0.255
           1932	 -0.240
           1933	 -0.253
           1934	 -0.235
           1935	 -0.240
           1936	 -0.250
           1937	 -0.240
           1938	 -0.240
           1939	 -0.240
           1940	 -0.240
           1941	 -0.235
           1942	 -0.240
           1943	 -0.255
           1944	 -0.240
           1945	 -0.225
           1946	 -0.205
           1947	 -0.225
           1948	 -0.230
           1949	 -0.220
           1950	 -0.185
           1951	 -0.190
           1952	 -0.205
           1953	 -0.212
           1954	 -0.195
           1955	 -0.225
           1956	 -0.223
           1957	 -0.175
           1958	 -0.172
           1959	 -0.165
           1960	 -0.163
           1961	 -0.163
           1962	 -0.168
           1963	 -0.175
           1964	 -0.160
           1965	 -0.198
           1966	 -0.212
           1967	 -0.203
           1968	 -0.188
           1969	 -0.168
           1970	 -0.182
           1971	 -0.172
           1972	 -0.145
           1973	 -0.107
           1974	 -0.113
           1975	 -0.095
           1976	 -0.058
           1977	 -0.045
           1978	 -0.025
           1979	 -0.043
           1980	 -0.033
           1981	 -0.035
           1982	 -0.025
           1983	 -0.003
           1984	  0.000
           1985	  0.018
           1986	 -0.050
           1987	 -0.135
           1988	 -0.165
           1989	 -0.152
           1990	 -0.147
           1991	 -0.135
           1992	 -0.133
           1993	 -0.122
           1994	 -0.135
           1995	 -0.135
           1996	 -0.125
           1997	 -0.120
           1998	 -0.122
           1999	 -0.117
           2000	 -0.117
           2001	 -0.113
           2002	 -0.135
           2003	 -0.102
           2004	 -0.085
           2005	 -0.100
           2006	 -0.130
           2007	 -0.147
           2008	 -0.120
           2009	 -0.098
           2010	 -0.122
           2011	 -0.115
           2012	 -0.102
           2013	 -0.152
           2014	 -0.165
           2015	 -0.160
           2016	 -0.160
           2017	 -0.165
           2018	 -0.135
           2019	 -0.133
           2020	 -0.135
           2021	 -0.113
           2022	 -0.070
           2023	 -0.075
           2024	 -0.140
           2025	 -0.170
           2026	 -0.170
           2027	 -0.160
           2028	 -0.142
           2029	 -0.125
           2030	 -0.155
           2031	 -0.145
           2032	 -0.145
           2033	 -0.145
           2034	 -0.145
           2035	 -0.113
           2036	 -0.113
           2037	 -0.120
           2038	 -0.115
           2039	 -0.128
           2040	 -0.128
           2041	 -0.122
           2042	 -0.117
           2043	 -0.128
           2044	 -0.135
           2045	 -0.130
           2046	 -0.113
           2047	 -0.125
           2048	 -0.128
           2049	 -0.147
           2050	 -0.140
           2051	 -0.125
           2052	 -0.128
           2053	 -0.130
           2054	 -0.110
           2055	 -0.107
           2056	 -0.095
           2057	 -0.083
           2058	 -0.100
           2059	 -0.107
           2060	 -0.100
           2061	 -0.110
           2062	 -0.100
           2063	 -0.110
           2064	 -0.113
           2065	 -0.115
           2066	 -0.090
           2067	 -0.075
           2068	 -0.070
           2069	 -0.068
           2070	 -0.065
           2071	 -0.065
           2072	 -0.070
           2073	 -0.070
           2074	 -0.045
           2075	 -0.010
           2076	  0.018
           2077	  0.015
           2078	  0.010
           2079	  0.028
           2080	  0.007
           2081	  0.028
           2082	  0.028
           2083	  0.028
           2084	  0.005
           2085	 -0.035
           2086	 -0.045
           2087	 -0.070
           2088	 -0.105
           2089	 -0.105
           2090	 -0.095
           2091	 -0.095
           2092	 -0.102
           2093	 -0.100
           2094	 -0.102
           2095	 -0.085
           2096	 -0.117
           2097	 -0.155
           2098	 -0.188
           2099	 -0.228
           2100	 -0.355
           2101	 -0.455
           2102	 -0.480
           2103	 -0.323
           2104	  0.033
           2105	  0.477
           2106	  1.022
           2107	  1.573
           2108	  1.847
           2109	  1.647
           2110	  1.288
           2111	  0.978
           2112	  0.682
           2113	  0.448
           2114	  0.255
           2115	  0.115
           2116	  0.035
           2117	 -0.013
           2118	 -0.030
           2119	 -0.055
           2120	 -0.072
           2121	 -0.105
           2122	 -0.135
           2123	 -0.140
           2124	 -0.177
           2125	 -0.185
           2126	 -0.140
           2127	 -0.138
           2128	 -0.145
           2129	 -0.150
           2130	 -0.142
           2131	 -0.145
           2132	 -0.155
           2133	 -0.160
           2134	 -0.145
           2135	 -0.150
           2136	 -0.150
           2137	 -0.155
           2138	 -0.145
           2139	 -0.165
           2140	 -0.152
           2141	 -0.182
           2142	 -0.160
           2143	 -0.122
           2144	 -0.133
           2145	 -0.160
           2146	 -0.155
           2147	 -0.155
           2148	 -0.145
           2149	 -0.105
           2150	 -0.098
           2151	 -0.100
           2152	 -0.080
           2153	 -0.105
           2154	 -0.122
           2155	 -0.098
           2156	 -0.100
           2157	 -0.090
           2158	 -0.055
           2159	 -0.055
           2160	 -0.045
           2161	 -0.045
           2162	 -0.020
           2163	 -0.052
           2164	 -0.035
           2165	 -0.005
           2166	  0.015
           2167	  0.025
           2168	  0.028
           2169	  0.040
           2170	  0.085
           2171	  0.115
           2172	  0.100
           2173	  0.087
           2174	  0.055
           2175	  0.058
           2176	  0.055
           2177	  0.037
           2178	  0.035
           2179	  0.010
           2180	  0.007
           2181	 -0.005
           2182	 -0.003
           2183	 -0.033
           2184	 -0.060
           2185	 -0.055
           2186	 -0.045
           2187	 -0.033
           2188	 -0.022
           2189	 -0.013
           2190	 -0.025
           2191	 -0.015
           2192	 -0.043
           2193	 -0.030
           2194	 -0.025
           2195	 -0.025
           2196	 -0.025
           2197	 -0.022
           2198	 -0.020
           2199	 -0.055
           2200	 -0.035
           2201	 -0.048
           2202	 -0.035
           2203	 -0.045
           2204	 -0.062
           2205	 -0.052
           2206	 -0.050
           2207	 -0.035
           2208	 -0.028
           2209	 -0.043
           2210	 -0.062
           2211	 -0.062
           2212	 -0.050
           2213	 -0.052
           2214	 -0.070
           2215	 -0.080
           2216	 -0.077
           2217	 -0.077
           2218	 -0.075
           2219	 -0.040
           2220	 -0.045
           2221	 -0.075
           2222	 -0.080
           2223	 -0.107
           2224	 -0.092
           2225	 -0.065
           2226	 -0.075
           2227	 -0.075
           2228	 -0.055
           2229	 -0.075
           2230	 -0.075
           2231	 -0.065
           2232	 -0.072
           2233	 -0.065
           2234	 -0.080
           2235	 -0.075
           2236	 -0.060
           2237	 -0.055
           2238	 -0.058
           2239	 -0.060
           2240	 -0.072
           2241	 -0.060
           2242	 -0.058
           2243	 -0.050
           2244	 -0.072
           2245	 -0.060
           2246	 -0.060
           2247	 -0.070
           2248	 -0.068
           2249	 -0.033
           2250	 -0.033
           2251	 -0.025
           2252	 -0.065
           2253	 -0.055
           2254	 -0.033
           2255	 -0.007
           2256	 -0.025
           2257	 -0.035
           2258	 -0.025
           2259	 -0.013
           2260	 -0.003
           2261	 -0.010
           2262	 -0.003
           2263	 -0.015
           2264	 -0.013
           2265	 -0.003
           2266	  0.015
           2267	  0.022
           2268	  0.007
           2269	  0.018
           2270	  0.037
           2271	  0.087
           2272	  0.125
           2273	  0.110
           2274	  0.100
           2275	  0.087
           2276	  0.105
           2277	  0.105
           2278	  0.095
           2279	  0.068
           2280	  0.045
           2281	  0.028
           2282	 -0.003
           2283	 -0.010
           2284	 -0.022
           2285	 -0.037
           2286	 -0.062
           2287	 -0.080
           2288	 -0.075
           2289	 -0.065
           2290	 -0.075
           2291	 -0.077
           2292	 -0.070
           2293	 -0.102
           2294	 -0.135
           2295	 -0.195
           2296	 -0.338
           2297	 -0.432
           2298	 -0.415
           2299	 -0.200
           2300	  0.145
           2301	  0.618
           2302	  1.153
           2303	  1.607
           2304	  1.692
           2305	  1.375
           2306	  1.052
           2307	  0.777
           2308	  0.485
           2309	  0.247
           2310	  0.105
           2311	  0.033
           2312	 -0.005
           2313	 -0.062
           2314	 -0.095
           2315	 -0.095
           2316	 -0.115
           2317	 -0.105
           2318	 -0.145
           2319	 -0.135
           2320	 -0.145
           2321	 -0.145
           2322	 -0.160
           2323	 -0.158
           2324	 -0.170
           2325	 -0.170
           2326	 -0.160
           2327	 -0.152
           2328	 -0.150
           2329	 -0.128
           2330	 -0.102
           2331	 -0.115
           2332	 -0.160
           2333	 -0.155
           2334	 -0.115
           2335	 -0.115
           2336	 -0.125
           2337	 -0.125
           2338	 -0.105
           2339	 -0.102
           2340	 -0.068
           2341	 -0.095
           2342	 -0.100
           2343	 -0.092
           2344	 -0.090
           2345	 -0.098
           2346	 -0.092
           2347	 -0.075
           2348	 -0.060
           2349	 -0.080
           2350	 -0.062
           2351	 -0.050
           2352	 -0.045
           2353	 -0.052
           2354	 -0.033
           2355	 -0.033
           2356	 -0.035
           2357	 -0.013
           2358	  0.022
           2359	  0.035
           2360	  0.045
           2361	  0.055
           2362	  0.065
           2363	  0.068
           2364	  0.098
           2365	  0.087
           2366	  0.080
           2367	  0.085
           2368	  0.085
           2369	  0.095
           2370	  0.075
           2371	  0.065
           2372	  0.058
           2373	  0.055
           2374	  0.028
           2375	  0.005
           2376	 -0.015
           2377	 -0.005
           2378	 -0.020
           2379	 -0.037
           2380	 -0.048
           2381	 -0.025
           2382	 -0.043
           2383	 -0.028
           2384	 -0.020
           2385	 -0.013
           2386	 -0.033
           2387	 -0.043
           2388	 -0.035
           2389	 -0.037
           2390	 -0.025
           2391	 -0.010
           2392	 -0.033
           2393	 -0.003
           2394	 -0.025
           2395	 -0.072
           2396	 -0.065
           2397	 -0.048
           2398	 -0.025
           2399	 -0.033
           2400	 -0.030
           2401	 -0.043
           2402	 -0.045
           2403	 -0.035
           2404	 -0.043
           2405	 -0.060
           2406	 -0.070
           2407	 -0.052
           2408	 -0.050
           2409	 -0.043
           2410	 -0.033
           2411	 -0.025
           2412	 -0.025
           2413	 -0.025
           2414	 -0.022
           2415	 -0.015
           2416	 -0.028
           2417	 -0.028
           2418	 -0.052
           2419	 -0.065
           2420	 -0.045
           2421	 -0.045
           2422	 -0.033
           2423	 -0.062
           2424	 -0.055
           2425	 -0.062
           2426	 -0.043
           2427	 -0.035
           2428	 -0.030
           2429	 -0.035
           2430	 -0.035
           2431	 -0.022
           2432	 -0.025
           2433	 -0.037
           2434	 -0.060
           2435	 -0.052
           2436	 -0.040
           2437	 -0.045
           2438	 -0.050
           2439	 -0.043
           2440	 -0.043
           2441	 -0.028
           2442	 -0.035
           2443	 -0.033
           2444	 -0.045
           2445	 -0.070
           2446	 -0.045
           2447	 -0.035
           2448	 -0.035
           2449	 -0.025
           2450	 -0.022
           2451	 -0.035
           2452	 -0.050
           2453	 -0.030
           2454	 -0.037
           2455	 -0.045
           2456	 -0.037
           2457	 -0.030
           2458	 -0.020
           2459	 -0.015
           2460	 -0.025
           2461	 -0.025
           2462	 -0.013
           2463	 -0.003
           2464	  0.020
           2465	  0.035
           2466	  0.055
           2467	  0.055
           2468	  0.058
           2469	  0.060
           2470	  0.045
           2471	  0.025
           2472	  0.018
           2473	 -0.010
           2474	 -0.015
           2475	 -0.033
           2476	 -0.068
           2477	 -0.072
           2478	 -0.080
           2479	 -0.077
           2480	 -0.075
           2481	 -0.077
           2482	 -0.100
           2483	 -0.105
           2484	 -0.122
           2485	 -0.117
           2486	 -0.140
           2487	 -0.170
           2488	 -0.287
           2489	 -0.393
           2490	 -0.407
           2491	 -0.255
           2492	  0.068
           2493	  0.460
           2494	  0.948
           2495	  1.488
           2496	  1.728
           2497	  1.492
           2498	  1.083
           2499	  0.748